14023.58 13761.74 13489.00 13398.80 13285.78 13206.37 13470.06 14113.05 14780.93 14805.64 14975.75 14934.38 15817.26 14964.73 15007.70 14784.31 14501.23 15311.17 15897.26 16043.29 16001.66 15219.59 14591.02 14544.71
14202.75 13549.15 13601.33 13643.18 13466.92 13225.93 13707.84 14605.64 14665.24 14735.26 15040.43 15232.59 15790.46 15189.71 14941.36 14833.57 15005.49 15702.64 16043.29 15731.46 15319.52 15628.36 15044.52 14769.44
14324.07 13599.19 13657.06 13703.48 13507.98 13240.71 13775.18 14770.91 14837.00 14914.66 15253.12 15466.24 16084.95 15418.69 15143.25 15023.70 15214.37 15987.56 16365.36 16019.52 15562.65 15905.18 15257.66 14952.57
14481.62 13765.13 13822.33 13868.21 13674.99 13410.81 13939.09 14923.28 14988.60 15065.36 15399.90 15610.55 16222.09 15563.54 15291.30 15173.14 15361.60 16125.83 16499.25 16157.42 15705.84 16044.40 15404.39 15102.84
14644.26 13900.26 13959.65 14007.30 13806.65 13532.33 14080.89 15102.88 15170.71 15250.42 15597.80 15816.54 16451.57 15767.73 15485.03 15362.33 15558.03 16351.61 16739.37 16384.41 15915.49 16267.05 15602.46 15289.33
14635.02 14351.37 14055.90 13958.17 13835.74 13749.71 14035.38 14731.95 15455.50 15482.27 15666.55 15621.73 16578.19 15654.61 15701.16 15459.15 15152.48 16029.93 16664.86 16823.06 16777.96 15930.71 15249.76 15199.59
14808.59 14525.38 14230.38 14132.81 14010.57 13924.67 14209.89 14905.37 15627.77 15654.50 15838.49 15793.75 16748.69 15826.57 15873.05 15631.42 15325.24 16201.30 16835.22 16993.17 16948.15 16102.24 15422.36 15372.27
15026.76 14343.33 14397.89 14441.65 14257.34 14005.36 14509.26 15448.04 15510.36 15583.57 15902.67 16103.60 16686.93 16058.77 15799.08 15686.37 15866.14 16595.11 16951.31 16625.24 16194.50 16517.44 15906.95 15619.32
14901.64 14225.17 14279.17 14322.49 14140.05 13890.63 14389.41 15318.64 15380.32 15452.79 15768.65 15967.53 16544.93 15923.16 15666.11 15554.55 15732.48 16454.04 16806.61 16483.87 16057.50 16377.17 15772.89 15488.17
14878.65 14189.52 14244.53 14288.66 14102.81 13848.72 14356.83 15303.46 15366.30 15440.12 15761.89 15964.50 16552.71 15919.29 15657.44 15543.78 15725.05 16460.12 16819.29 16490.50 16056.16 16381.80 15766.21 15476.17
14938.92 14271.64 14324.91 14367.64 14187.68 13941.65 14433.65 15350.26 15411.10 15482.59 15794.15 15990.33 16559.89 15946.56 15693.01 15582.96 15758.48 16470.23 16818.01 16499.65 16079.08 16394.40 15798.33 15517.48
14854.67 14194.35 14247.06 14289.35 14111.27 13867.81 14354.67 15261.71 15321.92 15392.66 15700.97 15895.10 16458.71 15851.79 15600.88 15491.98 15665.67 16369.99 16714.14 16399.11 15982.93 16294.95 15705.10 15427.19
14738.78 14479.24 14208.89 14119.48 14007.45 13928.73 14190.11 14827.47 15489.50 15513.99 15682.61 15641.60 16516.74 15671.68 15714.28 15492.84 15212.24 16015.09 16596.04 16740.79 16699.53 15924.31 15301.25 15255.34
14714.57 14468.36 14211.89 14127.06 14020.78 13946.11 14194.07 14798.71 15426.76 15449.99 15609.95 15571.05 16401.27 15599.59 15640.00 15429.93 15163.73 15925.37 16476.49 16613.81 16574.67 15839.25 15248.17 15204.62
14892.38 14222.52 14275.99 14318.89 14138.23 13891.25 14385.15 15305.31 15366.39 15438.15 15750.92 15947.87 16519.63 15903.92 15649.39 15538.92 15715.11 16429.63 16778.76 16459.16 16036.96 16353.50 15755.12 15473.19
14682.59 14093.34 14140.38 14178.11 14019.20 13801.94 14236.40 15045.83 15099.55 15162.68 15437.81 15611.05 16114.01 15572.40 15348.50 15251.32 15406.31 16034.84 16341.95 16060.82 15689.43 15967.87 15441.50 15193.50
14537.34 13984.96 14029.06 14064.43 13915.46 13711.80 14119.07 14877.84 14928.21 14987.39 15245.30 15407.70 15879.18 15371.47 15161.57 15070.48 15215.77 15804.97 16092.86 15829.32 15481.17 15742.19 15248.76 15016.28
14462.02 13804.96 13857.41 13899.49 13722.29 13480.03 13964.49 14867.05 14926.96 14997.35 15304.14 15497.32 16058.14 15454.21 15204.55 15096.19 15269.01 15969.86 16312.31 15998.83 15584.71 15895.19 15308.25 15031.71
14491.29 13809.19 13863.64 13907.32 13723.37 13471.87 13974.80 14911.76 14973.96 15047.03 15365.52 15566.06 16148.26 15521.31 15262.13 15149.63 15329.05 16056.62 16412.12 16086.69 15656.78 15979.10 15369.79 15082.71
14351.67 14114.99 13868.46 13786.92 13684.76 13612.98 13851.33 14432.54 15036.26 15058.59 15212.35 15174.96 15973.01 15202.39 15241.24 15039.31 14783.42 15515.55 16045.32 16177.32 16139.69 15432.76 14864.59 14822.73
14243.19 14014.04 13775.35 13696.40 13597.49 13527.99 13758.77 14321.49 14906.00 14927.62 15076.50 15040.29 15812.95 15066.85 15104.46 14908.95 14661.21 15370.04 15882.97 16010.77 15974.34 15289.89 14739.79 14699.26
14214.15 13640.77 13686.54 13723.26 13568.63 13357.22 13779.98 14567.60 14619.88 14681.31 14949.02 15117.60 15607.00 15079.99 14862.12 14767.55 14918.37 15529.97 15828.80 15555.25 15193.86 15464.80 14952.62 14711.29
14091.68 13508.56 13555.11 13592.45 13435.19 13220.18 13650.13 14451.14 14504.31 14566.78 14839.05 15010.49 15508.21 14972.24 14750.66 14654.49 14807.87 15429.87 15733.78 15455.57 15088.05 15363.60 14842.70 14597.28
14215.24 13567.36 13619.08 13660.57 13485.84 13246.96 13724.66 14614.61 14673.68 14743.09 15045.59 15236.07 15789.06 15193.57 14947.39 14840.55 15010.96 15702.02 16039.68 15730.58 15322.24 15628.39 15049.65 14776.98
14435.73 13819.58 13868.76 13908.22 13742.05 13514.87 13969.17 14815.55 14871.73 14937.74 15225.43 15406.58 15932.49 15366.16 15132.04 15030.42 15192.49 15849.71 16170.84 15876.87 15488.53 15779.69 15229.29 14969.96
14629.53 14029.83 14077.70 14116.11 13954.37 13733.26 14175.43 14999.21 15053.89 15118.14 15398.15 15574.47 16086.34 15535.13 15307.25 15208.35 15366.09 16005.77 16318.33 16032.21 15654.23 15937.61 15401.91 15149.51
14383.52 14137.90 13882.07 13797.45 13691.43 13616.94 13864.30 14467.44 15093.95 15117.12 15276.69 15237.89 16066.06 15266.35 15306.66 15097.11 14831.57 15591.33 16141.10 16278.08 16239.03 15505.42 14915.80 14872.36
14422.74 14174.05 13915.00 13829.32 13721.98 13646.55 13897.01 14507.72 15142.07 15165.54 15327.11 15287.82 16126.37 15316.64 15357.46 15145.28 14876.41 15645.69 16202.36 16341.05 16301.52 15558.71 14961.69 14917.71
14650.07 14013.59 14064.40 14105.16 13933.51 13698.84 14168.12 15042.41 15100.44 15168.63 15465.81 15652.93 16196.19 15611.18 15369.33 15264.37 15431.78 16110.68 16442.40 16138.74 15737.58 16038.34 15469.79 15201.92
14939.01 14203.31 14262.03 14309.15 14110.74 13839.48 14381.93 15392.52 15459.60 15538.42 15881.93 16098.23 16726.19 16049.97 15770.42 15649.09 15842.60 16627.35 17010.79 16659.78 16196.08 16543.73 15886.54 15576.90
15232.72 14577.55 14629.85 14671.81 14495.12 14253.55 14736.62 15636.59 15696.33 15766.52 16072.43 16265.06 16824.28 16222.08 15973.13 15865.08 16037.41 16736.25 17077.72 16765.14 16352.20 16661.79 16076.54 15800.79
15100.54 14486.53 14535.55 14574.87 14409.27 14182.88 14635.60 15479.03 15535.02 15600.80 15887.49 16068.01 16592.09 16027.73 15794.42 15693.16 15854.66 16509.60 16829.61 16536.67 16149.67 16439.82 15891.33 15632.91
14935.04 14298.95 14349.73 14390.47 14218.92 13984.39 14453.39 15327.13 15385.13 15453.28 15750.27 15937.28 16480.20 15895.56 15653.86 15548.96 15716.27 16394.74 16726.26 16422.79 16021.88 16322.46 15754.26 15486.54
14633.45 14400.04 14156.93 14076.51 13975.77 13904.98 14140.04 14713.20 15308.56 15330.58 15482.22 15445.34 16232.34 15472.39 15510.70 15311.56 15059.23 15781.21 16303.65 16433.82 16396.72 15699.57 15139.27 15097.98
14651.53 14425.48 14190.02 14112.15 14014.57 13946.02 14173.67 14728.78 15305.38 15326.71 15473.57 15437.85 16200.06 15464.05 15501.15 15308.29 15063.90 15763.14 16269.12 16395.20 16359.26 15684.08 15141.42 15101.44
14550.65 14023.91 14065.96 14099.69 13957.63 13763.42 14151.79 14875.35 14923.37 14979.80 15225.75 15380.61 15830.20 15346.05 15145.91 15059.04 15197.59 15759.43 16033.96 15782.66 15450.67 15699.57 15229.05 15007.35
14736.96 14116.61 14166.14 14205.86 14038.56 13809.83 14267.23 15119.36 15175.93 15242.38 15532.03 15714.42 16243.91 15673.72 15438.00 15335.70 15498.87 16160.56 16483.88 16187.91 15796.92 16090.06 15535.92 15274.83
14626.16 14022.76 14070.93 14109.57 13946.84 13724.36 14169.26 14998.11 15053.12 15117.77 15399.50 15576.90 16091.92 15537.32 15308.04 15208.53 15367.24 16010.85 16325.34 16037.46 15657.15 15942.28 15403.28 15149.32
14412.35 13837.82 13883.68 13920.47 13765.53 13553.69 13977.30 14766.51 14818.90 14880.45 15148.71 15317.62 15808.01 15279.93 15061.62 14966.87 15117.99 15730.82 16030.26 15756.15 15394.03 15665.53 15152.30 14910.50
14299.24 13712.02 13758.89 13796.50 13638.13 13421.62 13854.59 14661.21 14714.76 14777.67 15051.85 15224.49 15725.71 15185.97 14962.84 14866.00 15020.46 15646.81 15952.86 15672.70 15302.59 15580.08 15055.53 14808.38
14148.25 13913.72 13669.43 13588.63 13487.40 13416.27 13652.46 14228.39 14826.62 14848.75 15001.12 14964.06 15754.86 14991.25 15029.74 14829.64 14576.08 15301.56 15826.52 15957.32 15920.04 15219.53 14656.51 14615.03
14228.09 13654.95 13700.70 13737.40 13582.83 13371.51 13794.10 14581.38 14633.64 14695.05 14962.65 15131.16 15620.35 15093.56 14875.78 14781.26 14932.01 15543.35 15842.06 15568.62 15207.38 15478.21 14966.24 14725.02
14079.91 13530.51 13574.37 13609.55 13461.39 13258.82 13663.90 14418.58 14468.68 14527.54 14784.06 14945.59 15414.53 14909.55 14700.79 14610.18 14754.69 15340.71 15627.05 15364.93 15018.66 15278.27 14787.50 14556.27
13967.83 13431.65 13474.45 13508.78 13364.18 13166.49 13561.82 14298.35 14347.24 14404.68 14655.03 14812.68 15270.33 14777.50 14573.76 14485.34 14626.37 15198.29 15477.75 15221.93 14883.99 15137.36 14658.39 14432.73
13688.72 13192.60 13232.20 13263.97 13130.17 12947.24 13313.05 13994.55 14039.79 14092.94 14324.59 14470.45 14893.92 14437.90 14249.39 14167.57 14298.06 14827.26 15085.83 14849.13 14536.44 14770.88 14327.69 14118.89
13400.06 13202.14 12995.98 12927.79 12842.36 12782.33 12981.66 13467.70 13972.55 13991.23 14119.81 14088.54 14755.91 14111.48 14143.96 13975.10 13761.12 14373.36 14816.38 14926.76 14895.30 14304.13 13828.99 13793.99
12967.27 12745.97 12515.47 12439.23 12343.71 12276.59 12499.46 13042.89 13607.35 13628.24 13772.00 13737.04 14483.21 13762.69 13799.01 13610.21 13370.96 14055.49 14550.82 14674.24 14639.06 13978.09 13446.84 13407.71
12664.33 12422.72 12171.05 12087.81 11983.52 11910.25 12153.57 12746.89 13363.18 13385.98 13542.95 13504.78 14319.45 13532.78 13572.43 13366.30 13105.08 13852.46 14393.27 14528.02 14489.61 13767.95 13187.94 13145.20
12671.84 12482.29 12284.84 12219.54 12137.72 12080.23 12271.13 12736.61 13220.12 13238.01 13361.16 13331.21 13970.36 13353.18 13384.29 13222.56 13017.63 13603.98 14028.27 14133.99 14103.86 13537.68 13082.63 13049.11
12697.86 12526.35 12347.71 12288.62 12214.59 12162.58 12335.30 12756.46 13193.93 13210.12 13321.54 13294.44 13872.73 13314.32 13342.47 13196.14 13010.72 13541.24 13925.13 14020.78 13993.52 13481.25 13069.54 13039.20
12736.90 12561.32 12378.42 12317.93 12242.14 12188.89 12365.72 12796.90 13244.78 13261.35 13375.43 13347.68 13939.74 13368.03 13396.85 13247.04 13057.21 13600.36 13993.38 14091.31 14063.39 13538.94 13117.43 13086.37
12764.07 12571.97 12371.88 12305.70 12222.78 12164.53 12357.98 12829.71 13319.70 13337.83 13462.63 13432.28 14080.00 13454.55 13486.07 13322.18 13114.50 13708.71 14138.69 14245.83 14215.29 13641.52 13180.37 13146.40
13059.86 12538.50 12580.12 12613.51 12472.90 12280.68 12665.08 13381.24 13428.78 13484.63 13728.06 13881.34 14326.34 13847.14 13649.03 13563.05 13700.19 14256.29 14528.02 14279.28 13950.68 14197.04 13731.32 13511.90
13243.90 12722.21 12763.86 12797.27 12656.57 12464.22 12848.87 13565.49 13613.06 13668.95 13912.53 14065.91 14511.20 14031.69 13833.46 13747.42 13884.64 14441.11 14713.01 14464.11 14135.30 14381.82 13915.80 13696.23
13408.60 12891.86 12933.11 12966.20 12826.84 12636.31 13017.32 13727.14 13774.26 13829.62 14070.89 14222.82 14663.88 14188.92 13992.57 13907.35 14043.27 14594.45 14863.77 14617.23 14291.54 14535.72 14074.13 13856.64
13353.00 13125.07 12887.66 12809.14 12710.76 12641.63 12871.17 13430.88 14012.26 14033.77 14181.84 14145.83 14914.35 14172.25 14209.65 14015.19 13768.78 14473.82 14983.99 15111.11 15074.87 14394.10 13846.94 13806.63
13377.31 12730.64 12782.26 12823.67 12649.27 12410.84 12887.64 13775.94 13834.90 13904.18 14206.12 14396.25 14948.21 14353.82 14108.10 14001.45 14171.55 14861.32 15198.36 14889.83 14482.25 14787.83 14210.17 13938.00
13527.94 12921.24 12969.67 13008.53 12844.91 12621.21 13068.54 13901.92 13957.24 14022.24 14305.52 14483.89 15001.73 14444.09 14213.56 14113.50 14273.08 14920.21 15236.42 14946.96 14564.58 14851.27 14309.32 14053.97
13636.08 13112.06 13153.89 13187.45 13046.13 12852.92 13239.29 13959.10 14006.88 14063.02 14307.69 14461.75 14909.02 14427.37 14228.26 14141.84 14279.67 14838.62 15111.73 14861.72 14531.44 14779.06 14310.97 14090.42
13379.35 12860.36 12901.79 12935.02 12795.05 12603.70 12986.36 13699.27 13746.59 13802.19 14044.52 14197.10 14640.09 14163.06 13965.85 13880.26 14016.77 14570.36 14840.85 14593.24 14266.13 14511.38 14047.77 13829.34
13166.92 12655.46 12696.29 12729.04 12591.11 12402.53 12779.64 13482.20 13528.84 13583.63 13822.44 13972.81 14409.37 13939.26 13744.92 13660.57 13795.10 14340.65 14607.22 14363.20 14040.84 14282.52 13825.64 13610.38
13070.43 12878.93 12679.45 12613.48 12530.82 12472.74 12665.60 13135.87 13624.34 13642.41 13766.82 13736.57 14382.28 13758.76 13790.19 13626.81 13419.77 14012.14 14440.79 14547.59 14517.15 13945.16 13485.44 13451.57
13052.19 12845.35 12629.91 12558.65 12469.37 12406.64 12614.94 13122.87 13650.47 13669.99 13804.36 13771.68 14469.12 13795.66 13829.60 13653.13 13429.51 14069.33 14532.31 14647.67 14614.78 13996.98 13500.44 13463.86
13346.99 12750.93 12798.51 12836.68 12675.93 12456.16 12895.64 13714.41 13768.76 13832.62 14110.93 14286.17 14794.93 14247.07 14020.58 13922.28 14079.06 14714.85 15025.51 14741.13 14365.45 14647.11 14114.66 13863.79
13462.38 12928.28 12970.92 13005.12 12861.08 12664.16 13057.96 13791.61 13840.31 13897.53 14146.91 14303.93 14759.80 14268.89 14065.95 13977.87 14118.35 14688.05 14966.41 14711.59 14374.97 14627.35 14150.25 13925.46
13652.11 13097.48 13141.75 13177.27 13027.69 12823.19 13232.13 13994.00 14044.57 14103.99 14362.96 14526.02 14999.42 14489.64 14278.89 14187.42 14333.31 14924.90 15213.97 14949.36 14599.79 14861.87 14366.43 14133.00
13720.73 13178.15 13221.47 13256.21 13109.89 12909.83 13309.88 14055.19 14104.66 14162.79 14416.13 14575.65 15038.76 14540.05 14333.89 14244.40 14387.12 14965.86 15248.64 14989.78 14647.81 14904.20 14419.52 14191.17
13694.26 13189.45 13229.75 13262.07 13125.93 12939.81 13312.01 14005.44 14051.46 14105.55 14341.25 14489.66 14920.54 14456.55 14264.73 14181.48 14314.26 14852.71 15115.81 14874.97 14556.80 14795.34 14344.41 14131.95
13538.51 13317.20 13086.68 13010.43 12914.91 12847.79 13070.66 13614.14 14178.65 14199.53 14343.31 14308.35 15054.58 14334.00 14370.32 14181.50 13942.23 14626.82 15122.19 15245.62 15210.44 14549.41 14018.13 13978.98
13492.90 13296.57 13092.07 13024.43 12939.69 12880.15 13077.87 13559.99 14060.77 14079.30 14206.85 14175.83 14837.82 14198.59 14230.81 14063.30 13851.05 14458.35 14897.81 15007.30 14976.09 14389.68 13918.37 13883.65
13657.08 13146.95 13187.67 13220.34 13082.76 12894.67 13270.80 13971.55 14018.06 14072.71 14310.90 14460.89 14896.31 14427.42 14233.58 14149.45 14283.63 14827.77 15093.65 14850.26 14528.73 14769.79 14314.10 14099.39
13589.98 13091.01 13130.84 13162.79 13028.23 12844.25 13212.15 13897.56 13943.06 13996.51 14229.49 14376.19 14802.08 14343.45 14153.86 14071.57 14202.81 14735.04 14995.10 14757.04 14442.55 14678.33 14232.61 14022.61
13490.02 12991.26 13031.07 13063.01 12928.50 12744.60 13112.35 13797.47 13842.95 13896.39 14129.27 14275.91 14701.62 14243.19 14053.67 13971.41 14102.60 14634.61 14894.56 14656.60 14342.24 14577.93 14132.39 13922.47
13525.08 13037.19 13076.14 13107.39 12975.81 12795.92 13155.65 13825.83 13870.32 13922.58 14150.39 14293.83 14710.26 14261.82 14076.43 13995.97 14124.30 14644.71 14898.99 14666.22 14358.72 14589.26 14153.44 13948.10
13575.09 13054.26 13095.84 13129.19 12988.73 12796.69 13180.71 13896.15 13943.64 13999.44 14242.62 14395.75 14840.30 14361.58 14163.68 14077.78 14214.78 14770.32 15041.78 14793.29 14465.02 14711.13 14245.88 14026.68
13420.75 13187.50 12944.53 12864.18 12763.49 12692.75 12927.66 13500.45 14095.42 14117.43 14268.97 14232.12 15018.61 14259.15 14297.43 14098.43 13846.25 14567.77 15089.87 15219.96 15182.88 14486.19 13926.24 13884.99
13459.83 13221.97 12974.21 12892.26 12789.59 12717.45 12957.00 13541.11 14147.84 14170.28 14324.82 14287.23 15089.27 14314.80 14353.84 14150.90 13893.74 14629.52 15161.94 15294.60 15256.79 14546.33 13975.31 13933.24
13594.92 13028.16 13073.40 13109.70 12956.85 12747.88 13165.76 13944.28 13995.96 14056.68 14321.30 14487.93 14971.68 14450.75 14235.40 14141.93 14291.01 14895.54 15190.92 14920.52 14563.31 14831.13 14324.85 14086.32
13611.11 13089.95 13131.55 13164.92 13024.37 12832.22 13216.48 13932.36 13979.88 14035.72 14279.05 14432.28 14877.11 14398.09 14200.06 14114.11 14251.19 14807.09 15078.71 14830.06 14501.59 14747.86 14282.32 14062.97
13654.89 13197.50 13234.02 13263.31 13139.95 12971.31 13308.55 13936.84 13978.55 14027.55 14241.11 14375.59 14765.99 14345.58 14171.79 14096.35 14216.66 14704.54 14942.93 14724.71 14436.42 14652.56 14243.98 14051.47
13679.31 13244.22 13278.95 13306.81 13189.48 13029.05 13349.85 13947.51 13987.18 14033.79 14236.94 14364.86 14736.22 14336.32 14170.99 14099.24 14213.68 14677.77 14904.53 14696.95 14422.72 14628.32 14239.67 14056.55
13507.77 13044.18 13081.19 13110.88 12985.85 12814.93 13156.74 13793.54 13835.81 13885.47 14101.93 14238.22 14633.91 14207.81 14031.66 13955.20 14077.14 14571.63 14813.24 14592.06 14299.88 14518.94 14104.83 13909.72
13092.92 12889.33 12677.27 12607.13 12519.25 12457.51 12662.54 13162.49 13681.79 13701.00 13833.27 13801.10 14487.57 13824.70 13858.11 13684.41 13464.31 14094.07 14549.77 14663.31 14630.95 14022.86 13534.12 13498.12
13302.42 13105.62 12900.62 12832.82 12747.87 12688.18 12886.38 13369.68 13871.68 13890.25 14018.11 13987.02 14650.62 14009.83 14042.13 13874.22 13661.44 14270.23 14710.75 14820.51 14789.23 14201.39 13728.93 13694.13
13498.09 12997.50 13037.46 13069.52 12934.51 12749.94 13119.04 13806.67 13852.31 13905.94 14139.68 14286.85 14714.13 14254.01 14063.80 13981.24 14112.92 14646.87 14907.77 14668.94 14353.43 14589.98 14142.81 13932.12
13491.70 12999.74 13039.01 13070.51 12937.84 12756.45 13119.18 13794.95 13839.81 13892.52 14122.22 14266.86 14686.76 14234.58 14047.65 13966.52 14095.92 14620.67 14877.07 14642.36 14332.29 14564.76 14125.30 13918.25
13557.88 13112.91 13148.43 13176.93 13056.92 12892.86 13220.94 13832.17 13872.74 13920.41 14128.17 14258.99 14638.79 14229.80 14060.73 13987.34 14104.38 14579.01 14810.92 14598.63 14318.17 14528.44 14130.96 13943.68
13344.78 12944.70 12976.63 13002.26 12894.36 12746.84 13041.83 13591.41 13627.89 13670.75 13857.55 13975.18 14316.67 13948.93 13796.91 13730.93 13836.16 14262.92 14471.43 14280.55 14028.39 14217.45 13860.06 13691.67
13521.75 12986.34 13029.08 13063.37 12918.97 12721.56 13116.33 13851.79 13900.61 13957.97 14207.96 14365.37 14822.37 14330.25 14126.81 14038.51 14179.34 14750.43 15029.48 14774.04 14436.58 14689.59 14211.31 13985.97
13720.70 13492.73 13255.27 13176.73 13078.33 13009.19 13238.77 13798.60 14380.11 14401.62 14549.73 14513.71 15282.40 14540.13 14577.55 14383.04 14136.58 14841.77 15352.05 15479.19 15442.95 14762.03 14214.75 14174.43
13571.24 13392.16 13205.63 13143.93 13066.63 13012.32 13192.67 13632.43 14089.22 14106.12 14222.46 14194.17 14798.00 14214.93 14244.31 14091.53 13897.92 14451.87 14852.71 14952.59 14924.12 14389.23 13959.33 13927.66
13442.16 12960.33 12998.79 13029.65 12899.71 12722.05 13077.31 13739.17 13783.11 13834.73 14059.70 14201.36 14612.62 14169.75 13986.67 13907.20 14033.94 14547.88 14799.01 14569.13 14265.44 14493.12 14062.72 13859.93
13337.78 12847.24 12886.40 12917.81 12785.52 12604.66 12966.34 13640.16 13684.88 13737.44 13966.47 14110.69 14529.38 14078.51 13892.12 13811.22 13940.25 14463.48 14719.14 14485.10 14175.93 14407.73 13969.54 13763.09
13423.18 12839.12 12885.75 12923.15 12765.64 12550.29 12980.93 13783.22 13836.47 13899.04 14171.75 14343.46 14841.98 14305.15 14083.22 13986.90 14140.53 14763.51 15067.92 14789.26 14421.14 14697.14 14175.41 13929.59
13247.87 13009.59 12761.39 12679.29 12576.44 12504.17 12744.15 13329.30 13937.10 13959.59 14114.40 14076.75 14880.21 14104.37 14143.47 13940.18 13682.56 14419.65 14953.01 15085.91 15048.02 14336.30 13764.27 13722.13
13108.62 12876.70 12635.12 12555.22 12455.12 12384.78 12618.34 13187.87 13779.44 13801.33 13952.00 13915.35 14697.36 13942.24 13980.30 13782.43 13531.69 14249.09 14768.21 14897.56 14860.69 14167.97 13611.22 13570.21
13115.47 12926.45 12729.56 12664.44 12582.86 12525.53 12715.89 13180.06 13662.21 13680.04 13802.84 13772.98 14410.33 13794.89 13825.91 13664.64 13460.29 14044.98 14468.08 14573.50 14543.45 13978.87 13525.11 13491.68
13365.23 12884.34 12922.73 12953.52 12823.83 12646.52 13001.09 13661.66 13705.51 13757.03 13981.56 14122.95 14533.41 14091.40 13908.67 13829.37 13955.86 14468.80 14719.43 14490.00 14186.91 14414.15 13984.58 13782.18
13256.88 12755.05 12795.11 12827.25 12691.91 12506.88 12876.89 13566.23 13611.98 13665.75 13900.06 14047.60 14475.93 14014.68 13823.99 13741.23 13873.23 14408.51 14670.06 14430.63 14114.34 14351.48 13903.20 13691.99
13210.32 12715.64 12755.13 12786.81 12653.40 12471.01 12835.75 13515.25 13560.36 13613.36 13844.33 13989.76 14411.99 13957.31 13769.35 13687.76 13817.88 14345.53 14603.35 14367.34 14055.56 14289.31 13847.42 13639.23
13281.91 12745.27 12788.11 12822.47 12677.75 12479.88 12875.56 13612.72 13661.65 13719.14 13969.71 14127.48 14585.53 14092.28 13888.36 13799.86 13941.02 14513.43 14793.12 14537.09 14198.85 14452.44 13973.07 13747.21
13395.38 12825.08 12870.60 12907.12 12753.32 12543.04 12963.54 13746.94 13798.94 13860.04 14126.32 14294.00 14780.78 14256.58 14039.88 13945.83 14095.84 14704.15 15001.39 14729.30 14369.85 14639.34 14129.90 13889.87
13324.60 12744.66 12790.96 12828.10 12671.69 12457.87 12885.47 13682.10 13734.97 13797.11 14067.89 14238.39 14733.39 14200.35 13979.98 13884.34 14036.88 14655.48 14957.73 14681.04 14315.52 14589.57 14071.52 13827.44
13188.52 12964.32 12730.79 12653.55 12556.78 12488.78 12714.57 13265.13 13837.01 13858.17 14003.83 13968.40 14724.37 13994.39 14031.19 13839.90 13597.51 14291.03 14792.87 14917.91 14882.27 14212.62 13674.40 13634.74
13248.25 13034.17 12811.18 12737.42 12645.02 12580.09 12795.69 13321.40 13867.46 13887.67 14026.75 13992.92 14714.76 14017.73 14052.87 13870.22 13638.77 14300.99 14780.17 14899.57 14865.53 14226.11 13712.19 13674.32
13476.49 12950.79 12992.76 13026.42 12884.65 12690.82 13078.43 13800.54 13848.48 13904.79 14150.25 14304.80 14753.51 14270.32 14070.57 13983.87 14122.14 14682.88 14956.86 14706.05 14374.72 14623.13 14153.54 13932.29
13755.45 13242.54 13283.49 13316.33 13178.01 12988.89 13367.07 14071.62 14118.39 14173.34 14412.83 14563.62 15001.41 14529.98 14335.08 14250.49 14385.41 14932.50 15199.82 14955.11 14631.84 14874.21 14416.04 14200.17
13719.67 13233.35 13272.17 13303.31 13172.16 12992.84 13351.42 14019.46 14063.80 14115.90 14342.98 14485.96 14901.06 14454.05 14269.26 14189.06 14316.98 14835.72 15089.19 14857.16 14550.64 14780.45 14346.02 14141.34
13504.37 12992.83 13033.67 13066.42 12928.47 12739.86 13117.02 13819.69 13866.34 13921.14 14159.98 14310.38 14746.99 14276.82 14082.45 13998.08 14132.64 14678.27 14944.87 14700.82 14378.41 14620.13 14163.19 13947.89
13521.14 12938.86 12985.34 13022.63 12865.60 12650.91 13080.23 13880.07 13933.17 13995.55 14267.42 14438.61 14935.61 14400.41 14179.16 14083.13 14236.29 14857.38 15160.85 14883.05 14516.05 14791.20 14271.07 14026.00
13278.15 13083.46 12880.66 12813.59 12729.55 12670.51 12866.58 13344.67 13841.28 13859.65 13986.14 13955.38 14611.84 13977.94 14009.89 13843.79 13633.30 14235.54 14671.32 14779.90 14748.95 14167.44 13700.07 13665.63
13466.70 13236.24 12996.19 12916.79 12817.31 12747.41 12979.51 13545.46 14133.31 14155.06 14304.79 14268.37 15045.46 14295.09 14332.91 14136.28 13887.12 14600.02 15115.88 15244.41 15207.77 14519.41 13966.15 13925.39
13788.78 13165.34 13215.11 13255.03 13086.90 12857.03 13316.70 14173.09 14229.93 14296.72 14587.82 14771.11 15303.24 14730.21 14493.32 14390.50 14554.49 15219.48 15544.41 15246.97 14854.03 15148.63 14591.72 14329.33
13572.93 12964.14 13012.74 13051.73 12887.55 12663.08 13111.95 13948.20 14003.71 14068.93 14353.17 14532.16 15051.78 14492.22 14260.90 14160.50 14320.63 14969.99 15287.28 14996.83 14613.13 14900.80 14356.99 14100.77
13470.04 12896.80 12942.56 12979.27 12824.67 12613.31 13035.97 13823.40 13875.67 13937.08 14204.73 14373.27 14862.55 14335.66 14117.85 14023.31 14174.09 14785.53 15084.30 14810.81 14449.51 14720.39 14208.32 13967.06
13487.47 12966.18 13007.79 13041.17 12900.59 12708.38 13092.74 13808.81 13856.34 13912.19 14155.58 14308.85 14753.79 14274.65 14076.57 13990.60 14127.72 14683.75 14955.44 14706.74 14378.18 14624.51 14158.85 13939.45
13289.20 12766.59 12808.31 12841.78 12700.84 12508.15 12893.48 13611.35 13659.00 13714.99 13959.01 14112.65 14558.72 14078.37 13879.79 13793.60 13931.07 14488.51 14760.88 14511.55 14182.16 14429.11 13962.28 13742.32
13222.53 12759.32 12796.30 12825.96 12701.04 12530.25 12871.78 13508.07 13550.30 13599.93 13816.21 13952.39 14347.76 13922.00 13746.00 13669.60 13791.44 14285.52 14526.94 14305.95 14014.00 14232.88 13819.11 13624.15
13281.63 13091.82 12894.12 12828.72 12746.80 12689.23 12880.38 13346.49 13830.64 13848.55 13971.87 13941.88 14581.88 13963.88 13995.03 13833.09 13627.88 14215.01 14639.87 14745.73 14715.55 14148.63 13692.97 13659.40
13254.55 13054.99 12847.12 12778.36 12692.22 12631.70 12832.68 13322.74 13831.78 13850.61 13980.26 13948.73 14621.62 13971.86 14004.61 13834.35 13618.60 14235.90 14682.60 14793.89 14762.17 14166.10 13687.03 13651.73
13202.00 12993.80 12776.93 12705.20 12615.33 12552.18 12761.86 13273.15 13804.23 13823.88 13959.14 13926.25 14628.29 13950.38 13984.55 13806.92 13581.82 14225.86 14691.90 14808.02 14774.92 14153.04 13653.22 13616.39
13460.90 12853.60 12902.08 12940.97 12777.19 12553.28 13001.05 13835.25 13890.62 13955.68 14239.24 14417.78 14936.13 14377.94 14147.19 14047.03 14206.77 14854.54 15171.05 14881.31 14498.55 14785.52 14243.04 13987.44
13551.85 13027.79 13069.62 13103.18 12961.85 12768.62 13155.02 13874.90 13922.68 13978.83 14223.52 14377.60 14824.91 14343.22 14144.08 14057.66 14195.50 14754.50 15027.63 14777.60 14447.30 14694.94 14226.80 14006.23
13781.63 13223.87 13268.40 13304.12 13153.69 12948.04 13359.29 14125.45 14176.31 14236.06 14496.49 14660.47 15136.54 14623.88 14411.94 14319.96 14466.67 15061.60 15352.30 15086.19 14734.65 14998.21 14499.98 14265.23
13686.29 13471.37 13247.50 13173.46 13080.69 13015.50 13231.95 13759.74 14307.95 14328.24 14467.87 14433.91 15158.60 14458.82 14494.09 14310.72 14078.36 14743.19 15224.26 15344.13 15309.96 14668.02 14152.07 14114.05
13562.36 13358.82 13146.80 13076.68 12988.82 12927.09 13132.08 13631.91 14151.09 14170.30 14302.54 14270.38 14956.69 14293.97 14327.37 14153.72 13933.66 14563.28 15018.88 15132.39 15100.04 14492.09 14003.46 13967.46
13512.62 13033.90 13072.12 13102.78 12973.67 12797.17 13150.13 13807.71 13851.36 13902.65 14126.16 14266.91 14675.51 14235.50 14053.60 13974.65 14100.57 14611.19 14860.69 14632.30 14330.58 14556.79 14129.16 13927.68
13586.30 12998.52 13045.44 13083.08 12924.56 12707.84 13141.22 13948.63 14002.22 14065.19 14339.64 14512.45 15014.15 14473.89 14250.55 14153.61 14308.22 14935.18 15241.52 14961.09 14590.63 14868.38 14343.32 14095.94
13711.88 13032.92 13087.12 13130.60 12947.49 12697.15 13197.76 14130.41 14192.32 14265.06 14582.07 14781.69 15361.21 14737.15 14479.16 14367.19 14545.78 15269.99 15623.86 15299.92 14871.99 15192.83 14586.33 14300.57
13738.79 13095.52 13146.87 13188.06 13014.58 12777.40 13251.70 14135.32 14193.97 14262.89 14563.24 14752.36 15301.42 14710.17 14465.74 14359.65 14528.85 15215.00 15550.26 15243.36 14837.92 15141.89 14567.27 14296.53
13652.83 13110.01 13153.34 13188.10 13041.71 12841.56 13241.80 13987.45 14036.94 14095.10 14348.55 14508.14 14971.47 14472.53 14266.27 14176.75 14319.53 14898.54 15181.45 14922.47 14580.34 14836.85 14351.95 14123.49
13354.92 13178.00 12993.71 12932.76 12856.39 12802.74 12980.91 13415.37 13866.65 13883.35 13998.29 13970.34 14566.89 13990.84 14019.88 13868.93 13677.66 14224.93 14620.94 14719.61 14691.49 14163.05 13738.33 13707.04
13543.66 13309.19 13064.97 12984.19 12882.99 12811.88 13048.00 13623.77 14221.84 14243.96 14396.29 14359.24 15149.82 14386.42 14424.90 14224.86 13971.37 14696.64 15221.46 15352.22 15314.95 14614.63 14051.78 14010.31
13735.39 13136.21 13184.04 13222.41 13060.82 12839.90 13281.68 14104.74 14159.37 14223.56 14503.32 14679.48 15190.91 14640.18 14412.51 14313.69 14471.29 15110.41 15422.69 15136.82 14759.18 15042.31 14507.08 14254.90
13672.07 13120.18 13164.23 13199.58 13050.74 12847.25 13254.17 14012.28 14062.60 14121.73 14379.42 14541.68 15012.74 14505.47 14295.76 14204.74 14349.91 14938.59 15226.24 14962.93 14615.08 14875.87 14382.87 14150.59
13538.09 13005.79 13048.28 13082.37 12938.81 12742.54 13135.02 13866.22 13914.75 13971.78 14220.32 14376.82 14831.16 14341.90 14139.64 14051.85 14191.86 14759.64 15037.07 14783.11 14447.61 14699.15 14223.65 13999.62
13452.26 12884.74 12930.04 12966.38 12813.33 12604.08 13022.52 13802.10 13853.85 13914.65 14179.63 14346.49 14830.89 14309.26 14093.61 14000.01 14149.29 14754.64 15050.43 14779.66 14421.97 14690.14 14183.19 13944.33
13700.29 13106.77 13154.15 13192.16 13032.09 12813.25 13250.87 14066.15 14120.27 14183.85 14460.97 14635.47 15142.06 14596.53 14371.01 14273.13 14429.24 15062.32 15371.66 15088.49 14714.41 14994.87 14464.69 14214.89
13716.75 13470.87 13214.75 13130.03 13023.90 12949.33 13196.96 13800.78 14427.97 14451.18 14610.92 14572.08 15401.17 14600.58 14640.93 14431.14 14165.31 14925.91 15476.29 15613.43 15574.34 14839.91 14249.63 14206.14
13564.27 13342.52 13111.55 13035.15 12939.44 12872.18 13095.50 13640.04 14205.66 14226.59 14370.65 14335.62 15083.32 14361.32 14397.71 14208.52 13968.79 14654.72 15151.07 15274.74 15239.48 14577.16 14044.83 14005.61
13758.23 13210.57 13254.29 13289.36 13141.66 12939.73 13343.53 14095.83 14145.77 14204.44 14460.15 14621.17 15088.63 14585.24 14377.14 14286.82 14430.88 15015.04 15300.48 15039.19 14694.01 14952.80 14463.58 14233.08
13813.33 13200.76 13249.66 13288.89 13123.69 12897.83 13349.49 14190.93 14246.79 14312.41 14598.43 14778.52 15301.37 14738.34 14505.58 14404.55 14565.68 15219.07 15538.33 15246.08 14859.99 15149.45 14602.26 14344.45
13799.06 13227.16 13272.82 13309.44 13155.21 12944.34 13366.01 14151.60 14203.74 14265.01 14532.04 14700.18 15188.32 14662.66 14445.35 14351.04 14501.46 15111.48 15409.54 15136.69 14776.24 15046.48 14535.62 14294.92
13728.92 13250.09 13288.31 13318.97 13189.84 13013.29 13366.34 14024.09 14067.75 14119.05 14342.62 14483.40 14892.11 14451.99 14270.04 14191.08 14317.03 14827.78 15077.34 14848.89 14547.09 14773.36 14345.62 14144.09
13697.61 13190.26 13230.76 13263.25 13126.42 12939.35 13313.43 14010.36 14056.62 14110.98 14347.87 14497.04 14930.09 14463.75 14270.97 14187.30 14320.75 14861.92 15126.35 14884.29 14564.51 14804.26 14351.05 14137.51
13395.66 13187.54 12970.76 12899.06 12809.22 12746.10 12955.70 13466.78 13997.65 14017.29 14152.50 14119.62 14821.37 14143.74 14177.90 14000.33 13775.32 14419.11 14884.96 15001.03 14967.94 14346.31 13846.69 13809.88
13298.14 13090.77 12874.77 12803.33 12713.82 12650.93 12859.77 13369.00 13897.96 13917.53 14052.25 14019.48 14718.71 14043.52 14077.55 13900.63 13676.43 14317.90 14782.06 14897.72 14864.75 14245.36 13747.55 13710.87
13543.61 12964.58 13010.80 13047.88 12891.72 12678.23 13105.16 13900.54 13953.33 14015.37 14285.72 14455.96 14950.19 14417.98 14197.96 14102.47 14254.77 14872.39 15174.18 14897.92 14532.97 14806.59 14289.35 14045.65
13555.89 12975.28 13021.63 13058.81 12902.23 12688.16 13116.25 13913.80 13966.74 14028.94 14300.04 14470.74 14966.31 14432.65 14212.03 14116.28 14269.00 14888.30 15190.91 14913.90 14547.96 14822.32 14303.67 14059.31
13659.27 13058.08 13106.07 13144.57 12982.44 12760.77 13204.04 14029.86 14084.68 14149.08 14429.79 14606.54 15119.68 14567.10 14338.66 14239.51 14397.65 15038.91 15352.24 15065.41 14686.50 14970.58 14433.55 14180.53
13857.64 13271.00 13317.83 13355.40 13197.19 12980.89 13413.43 14219.26 14272.75 14335.60 14609.50 14781.98 15282.70 14743.49 14520.59 14423.84 14578.14 15203.88 15509.63 15229.74 14860.00 15137.21 14613.18 14366.28
13980.98 13461.17 13502.67 13535.95 13395.77 13204.11 13587.37 14301.40 14348.80 14404.48 14647.19 14800.01 15243.69 14765.91 14568.40 14482.67 14619.40 15173.85 15444.76 15196.77 14869.15 15114.77 14650.44 14431.67
14029.03 13816.18 13594.48 13521.15 13429.27 13364.72 13579.08 14101.76 14644.68 14664.77 14803.05 14769.42 15487.10 14794.09 14829.02 14647.42 14417.31 15075.71 15552.13 15670.84 15637.00 15001.26 14490.30 14452.65
13959.47 13734.20 13499.55 13421.94 13324.70 13256.38 13483.25 14036.45 14611.07 14632.33 14778.69 14743.10 15502.69 14769.21 14806.18 14613.98 14370.43 15067.27 15571.52 15697.15 15661.34 14988.48 14447.68 14407.84
14062.27 13440.04 13489.71 13529.56 13361.75 13132.32 13591.11 14445.84 14502.57 14569.23 14859.76 15042.70 15573.81 15001.88 14765.45 14662.83 14826.50 15490.21 15814.51 15517.64 15125.46 15419.49 14863.66 14601.78
14165.33 13566.29 13614.11 13652.47 13490.92 13270.05 13711.73 14534.60 14589.22 14653.39 14933.09 15109.21 15620.52 15069.92 14842.29 14743.50 14901.07 15540.03 15852.25 15566.44 15188.89 15471.95 14936.84 14684.72
14361.14 13659.83 13715.81 13760.72 13571.59 13313.00 13830.10 14793.45 14857.40 14932.53 15259.98 15466.17 16064.77 15420.17 15153.68 15038.02 15222.49 15970.55 16336.07 16001.47 15559.45 15890.85 15264.38 14969.21
14608.70 13899.58 13956.19 14001.60 13810.36 13548.90 14071.74 15045.83 15110.48 15186.45 15517.55 15726.04 16331.30 15679.52 15410.07 15293.12 15479.64 16236.03 16605.61 16267.29 15820.35 16155.44 15521.99 15223.54
14485.07 13939.91 13983.43 14018.34 13871.31 13670.30 14072.27 14821.13 14870.84 14929.25 15183.79 15344.07 15809.40 15308.31 15101.16 15011.25 15154.65 15736.15 16020.29 15760.19 15416.58 15674.19 15187.21 14957.76
14427.98 14194.36 13951.01 13870.52 13769.68 13698.82 13934.10 14507.81 15103.73 15125.78 15277.56 15240.65 16028.39 15267.72 15306.07 15106.74 14854.16 15576.84 16099.77 16230.07 16192.93 15495.12 14934.28 14892.96
14247.94 14027.52 13797.92 13721.98 13626.84 13559.99 13781.97 14323.26 14885.50 14906.31 15049.51 15014.68 15757.91 15040.23 15076.40 14888.34 14650.04 15331.87 15825.26 15948.19 15913.15 15254.78 14725.63 14686.64
14516.06 13909.11 13957.56 13996.43 13832.74 13608.95 14056.47 14890.21 14945.55 15010.58 15293.97 15472.42 15990.48 15432.60 15201.98 15101.88 15261.53 15908.94 16225.27 15935.70 15553.15 15839.96 15297.78 15042.32
14623.68 13995.45 14045.60 14085.83 13916.40 13684.77 14147.97 15010.94 15068.23 15135.53 15428.86 15613.56 16149.79 15572.35 15333.64 15230.03 15395.28 16065.38 16392.81 16093.08 15697.12 15993.98 15432.80 15168.39
14688.22 14031.89 14084.28 14126.31 13949.31 13707.31 14191.24 15092.80 15152.65 15222.96 15529.41 15722.38 16282.58 15679.32 15429.93 15321.69 15494.32 16194.40 16536.47 16223.34 15809.67 16119.81 15533.52 15257.29
14898.90 14232.07 14285.30 14328.00 14148.16 13902.29 14393.97 15309.96 15370.77 15442.21 15753.56 15949.61 16518.79 15905.87 15652.49 15542.51 15717.91 16429.20 16776.74 16458.59 16038.30 16353.41 15757.74 15477.08
14888.20 14260.43 14310.54 14350.74 14181.44 13949.98 14412.84 15275.18 15332.42 15399.68 15692.79 15877.36 16413.19 15836.18 15597.64 15494.11 15659.23 16328.85 16656.04 16356.53 15960.86 16257.50 15696.73 15432.51
14511.45 14277.77 14034.37 13953.86 13853.00 13782.13 14017.46 14591.30 15187.35 15209.40 15361.22 15324.30 16112.22 15351.38 15389.73 15190.36 14937.73 15660.56 16183.62 16313.94 16276.79 15578.83 15017.86 14976.53
14382.46 14163.35 13935.11 13859.62 13765.05 13698.59 13919.26 14457.33 15016.24 15036.92 15179.27 15144.65 15883.47 15170.05 15206.01 15019.06 14782.17 15459.96 15950.42 16072.62 16037.79 15383.32 14857.31 14818.56
14498.73 14264.47 14020.46 13939.75 13838.63 13767.59 14003.51 14578.78 15176.32 15198.43 15350.62 15313.61 16103.51 15340.76 15379.21 15179.34 14926.08 15650.72 16175.08 16305.73 16268.49 15568.78 15006.41 14964.98
14362.97 13953.38 13986.08 14012.31 13901.84 13750.82 14052.82 14615.46 14652.80 14696.68 14887.93 15008.35 15357.95 14981.48 14825.84 14758.29 14866.03 15302.92 15516.40 15320.98 15062.82 15256.37 14890.49 14718.10
14475.58 13871.63 13919.84 13958.51 13795.63 13572.95 14018.26 14847.88 14902.95 14967.66 15249.65 15427.22 15942.72 15387.60 15158.11 15058.50 15217.36 15861.58 16176.35 15888.21 15507.55 15792.94 15253.44 14999.24
14526.57 13897.40 13947.63 13987.92 13818.24 13586.26 14050.16 14914.40 14971.77 15039.17 15332.94 15517.91 16054.93 15476.64 15237.57 15133.81 15299.30 15970.40 16298.31 15998.14 15601.59 15898.90 15336.88 15072.08
14622.63 13969.96 14022.06 14063.86 13887.84 13647.19 14128.42 15024.95 15084.46 15154.38 15459.12 15651.01 16208.08 15608.19 15360.19 15252.56 15424.23 16120.40 16460.56 16149.17 15737.81 16046.22 15463.21 15188.52
14641.81 14373.55 14094.13 14001.71 13885.92 13804.57 14074.72 14733.48 15417.73 15443.05 15617.33 15574.94 16479.46 15606.04 15650.06 15421.19 15131.17 15960.97 16561.42 16711.03 16668.39 15867.14 15223.16 15175.72
14622.98 14344.24 14053.89 13957.86 13837.54 13753.01 14033.72 14718.23 15429.23 15455.53 15636.62 15592.58 16532.46 15624.89 15670.64 15432.82 15131.47 15993.70 16617.62 16773.08 16728.77 15896.21 15227.05 15177.75
14613.11 13917.38 13972.92 14017.48 13829.85 13573.32 14086.30 15041.98 15105.42 15179.95 15504.80 15709.35 16303.18 15663.71 15399.34 15284.61 15467.61 16209.71 16572.31 16240.38 15801.88 16130.64 15509.16 15216.34
14538.75 13809.75 13867.95 13914.63 13718.03 13449.24 13986.74 14988.13 15054.60 15132.70 15473.08 15687.41 16309.64 15639.58 15362.58 15242.36 15434.11 16211.70 16591.64 16243.83 15784.36 16128.85 15477.64 15170.83
14572.86 13905.54 13958.81 14001.55 13821.58 13575.54 14067.56 14984.21 15045.05 15116.55 15428.12 15624.32 16193.90 15580.54 15326.98 15216.92 15392.45 16104.24 16452.03 16133.66 15713.07 16028.40 15432.30 15151.45
14713.33 14076.09 14126.96 14167.77 13995.91 13760.95 14230.80 15106.15 15164.25 15232.52 15530.06 15717.41 16261.32 15675.60 15433.47 15328.37 15495.99 16175.70 16507.82 16203.80 15802.16 16103.28 15534.05 15265.85
14779.96 14124.22 14176.56 14218.56 14041.71 13799.93 14283.42 15184.19 15243.98 15314.23 15620.41 15813.20 16372.90 15770.18 15521.01 15412.87 15585.35 16284.80 16626.57 16313.71 15900.41 16210.28 15624.51 15348.52
14555.84 14296.59 14026.54 13937.23 13825.32 13746.70 14007.79 14644.43 15305.73 15330.20 15498.63 15457.66 16331.83 15487.71 15530.26 15309.07 15028.78 15830.74 16411.04 16555.63 16514.42 15740.06 15117.69 15071.84
14456.58 14214.44 13962.22 13878.80 13774.29 13700.85 13944.70 14539.33 15156.97 15179.82 15337.13 15298.87 16115.34 15326.94 15366.68 15160.09 14898.30 15647.32 16189.32 16324.36 16285.87 15562.63 14981.34 14938.51
14444.44 13854.14 13901.27 13939.07 13779.87 13562.23 13997.46 14808.31 14862.13 14925.37 15200.99 15374.54 15878.37 15335.81 15111.52 15014.16 15169.43 15799.07 16106.72 15825.09 15453.05 15731.98 15204.69 14956.24
14350.50 13803.23 13846.92 13881.96 13734.37 13532.59 13936.10 14687.85 14737.75 14796.38 15051.91 15212.80 15679.92 15176.90 14968.95 14878.70 15022.65 15606.39 15891.62 15630.52 15285.59 15544.20 15055.33 14825.00
14527.29 13918.29 13966.91 14005.90 13841.67 13617.12 14066.15 14902.69 14958.22 15023.46 15307.81 15486.86 16006.67 15446.91 15215.51 15115.07 15275.26 15924.84 16242.25 15951.69 15567.86 15855.63 15311.63 15055.31
14407.15 13765.32 13816.56 13857.66 13684.56 13447.92 13921.15 14802.79 14861.31 14930.07 15229.75 15418.45 15966.27 15376.34 15132.46 15026.61 15195.44 15880.04 16214.55 15908.34 15503.81 15807.10 15233.77 14963.64
14115.98 13492.48 13542.25 13582.18 13414.03 13184.14 13643.86 14500.33 14557.18 14623.98 14915.10 15098.41 15630.60 15057.51 14820.60 14717.77 14881.77 15546.83 15871.79 15574.32 15181.34 15475.97 14919.01 14656.59
13844.84 13575.57 13295.09 13202.32 13086.10 13004.43 13275.61 13936.85 14623.69 14649.10 14824.04 14781.49 15689.43 14812.70 14856.89 14627.16 14336.04 15168.98 15771.70 15921.87 15879.06 15074.79 14428.38 14380.76
13876.77 13596.59 13304.76 13208.24 13087.31 13002.34 13284.49 13972.50 14687.15 14713.59 14895.61 14851.34 15796.04 14883.82 14929.80 14690.76 14387.86 15254.52 15881.64 16037.89 15993.35 15156.52 14483.94 14434.39
14175.28 13527.70 13579.40 13620.87 13446.22 13207.46 13684.93 14574.47 14633.52 14702.89 15005.26 15195.65 15748.38 15153.16 14907.10 14800.30 14970.64 15661.38 15998.89 15689.93 15281.77 15587.78 15009.31 14736.76
14441.86 13824.55 13873.83 13913.36 13746.88 13519.27 13974.42 14822.38 14878.67 14944.80 15233.03 15414.52 15941.42 15374.03 15139.46 15037.66 15200.03 15858.48 16180.22 15885.70 15496.63 15788.33 15236.90 14977.09
14674.84 14019.51 14071.82 14113.79 13937.06 13695.43 14178.62 15078.81 15138.57 15208.77 15514.76 15707.43 16266.78 15664.44 15415.43 15307.35 15479.72 16178.74 16520.29 16207.63 15794.59 16104.26 15518.86 15243.05
14633.13 14008.12 14058.02 14098.04 13929.48 13699.04 14159.87 15018.41 15075.40 15142.36 15434.18 15617.94 16151.41 15576.94 15339.45 15236.37 15400.77 16067.44 16393.18 16094.99 15701.06 15996.41 15438.10 15175.04
14487.57 13865.76 13915.39 13955.21 13787.52 13558.25 14016.72 14870.88 14927.58 14994.19 15284.53 15467.34 15998.09 15426.55 15190.28 15087.73 15251.28 15914.54 16238.63 15941.96 15550.04 15843.88 15288.42 15026.71
14077.10 13832.56 13577.84 13493.60 13388.04 13313.88 13560.15 14160.66 14784.42 14807.49 14966.36 14927.73 15752.27 14956.07 14996.20 14787.57 14523.19 15279.62 15826.99 15963.37 15924.49 15194.09 14607.05 14563.80
13742.64 13496.49 13240.08 13155.28 13049.03 12974.37 13222.27 13826.76 14454.65 14477.88 14637.80 14598.91 15428.91 14627.44 14667.84 14457.82 14191.69 14953.13 15504.12 15641.40 15602.27 14867.03 14276.11 14232.57
13636.11 12926.22 12982.89 13028.35 12836.90 12575.16 13098.57 14073.71 14138.43 14214.49 14545.94 14754.65 15360.57 14708.08 14438.34 14321.27 14507.99 15265.19 15635.18 15296.49 14849.07 15184.52 14550.39 14251.61
13827.81 13051.38 13113.36 13163.08 12953.69 12667.41 13239.89 14306.43 14377.23 14460.41 14822.94 15051.21 15713.93 15000.28 14705.25 14577.20 14781.43 15609.62 16014.29 15643.85 15154.48 15521.38 14827.80 14501.02
14204.34 13513.15 13568.33 13612.59 13426.19 13171.34 13680.96 14630.40 14693.43 14767.47 15090.20 15293.41 15883.36 15248.07 14985.43 14871.44 15053.25 15790.50 16150.73 15820.97 15385.34 15711.95 15094.53 14803.62
14383.76 13740.11 13791.50 13832.71 13659.13 13421.81 13896.38 14780.52 14839.21 14908.16 15208.69 15397.93 15947.30 15355.70 15111.13 15004.98 15174.28 15860.83 16196.29 15889.20 15483.53 15787.68 15212.72 14941.83
14166.00 13529.54 13580.34 13621.10 13449.46 13214.79 13684.06 14558.33 14616.36 14684.55 14981.72 15168.84 15712.08 15127.09 14885.25 14780.28 14947.69 15626.57 15958.29 15654.63 15253.49 15554.24 14985.70 14717.83
13751.46 13487.63 13212.81 13121.91 13008.03 12928.01 13193.72 13841.62 14514.59 14539.49 14710.90 14669.21 15558.83 14699.79 14743.09 14518.00 14232.76 15048.88 15639.44 15786.58 15744.64 14956.60 14323.23 14276.57
13714.40 13452.66 13180.02 13089.85 12976.87 12897.48 13161.08 13803.85 14471.49 14496.19 14666.24 14624.89 15507.45 14655.22 14698.18 14474.87 14191.89 15001.54 15587.42 15733.40 15691.79 14909.99 14281.64 14235.35
13994.42 13382.65 13431.49 13470.67 13305.68 13080.12 13531.18 14371.54 14427.32 14492.86 14778.50 14958.37 15480.54 14918.23 14685.78 14584.88 14745.80 15398.34 15717.19 15425.32 15039.73 15328.82 14782.34 14524.86
14103.30 13461.67 13512.89 13553.97 13380.93 13144.36 13617.45 14498.82 14557.33 14626.07 14925.65 15114.30 15661.96 15072.20 14828.40 14722.58 14891.35 15575.75 15910.16 15604.04 15199.63 15502.83 14929.67 14659.62
14025.11 13354.73 13408.24 13451.17 13270.38 13023.20 13517.49 14438.35 14499.47 14571.29 14884.30 15081.40 15653.59 15037.42 14782.69 14672.13 14848.46 15563.53 15912.92 15593.08 15170.56 15487.34 14888.50 14606.35
13929.39 13300.18 13350.41 13390.70 13221.01 12989.01 13452.94 14317.26 14374.63 14442.04 14735.83 14920.82 15457.88 14879.54 14640.45 14536.69 14702.19 15373.34 15701.28 15401.08 15004.50 15301.83 14739.77 14474.95
14050.34 13340.47 13397.14 13442.60 13251.15 12989.42 13512.82 14487.92 14552.65 14628.70 14960.15 15168.85 15774.75 15122.28 14852.55 14735.48 14922.20 15679.38 16049.35 15710.68 15263.26 15598.70 14964.59 14665.82
13886.86 13642.78 13388.54 13304.46 13199.10 13125.08 13370.89 13970.27 14592.85 14615.88 14774.45 14735.89 15558.89 14764.18 14804.24 14596.00 14332.12 15087.13 15633.46 15769.59 15730.78 15001.75 14415.82 14372.65
14132.32 13877.57 13612.21 13524.44 13414.47 13337.21 13593.77 14219.38 14869.20 14893.24 15058.75 15018.50 15877.50 15048.02 15089.83 14872.48 14597.06 15385.10 15955.33 16097.41 16056.92 15295.99 14684.42 14639.36
14464.60 13775.94 13830.91 13875.01 13689.29 13435.37 13943.13 14889.11 14951.90 15025.68 15347.22 15549.69 16137.49 15504.51 15242.84 15129.27 15310.41 16044.96 16403.89 16075.33 15641.28 15966.70 15351.53 15061.69
14503.35 13811.70 13866.91 13911.20 13724.67 13469.65 13979.62 14929.71 14992.78 15066.87 15389.82 15593.17 16183.53 15547.79 15284.98 15170.91 15352.84 16090.60 16451.08 16121.09 15685.16 16011.99 15394.15 15103.05
14087.84 13431.04 13483.47 13525.53 13348.40 13106.23 13590.50 14492.71 14552.60 14622.97 14929.64 15122.74 15683.35 15079.65 14830.08 14721.76 14894.52 15595.10 15937.42 15624.06 15210.09 15520.46 14933.75 14657.32
13740.80 13114.84 13164.81 13204.90 13036.09 12805.29 13266.82 14126.65 14183.73 14250.79 14543.06 14727.09 15261.37 14686.03 14448.18 14344.95 14509.59 15177.27 15503.51 15204.86 14810.34 15106.13 14546.98 14283.53
13684.60 13040.33 13091.76 13133.02 12959.27 12721.72 13196.75 14081.75 14140.49 14209.52 14510.33 14699.75 15249.66 14657.49 14412.68 14306.43 14475.89 15163.10 15498.89 15191.51 14785.44 15089.88 14514.37 14243.21
13739.79 13467.52 13183.91 13090.11 12972.58 12890.01 13164.21 13832.83 14527.33 14553.03 14729.91 14686.90 15604.96 14718.45 14763.14 14530.84 14236.48 15078.70 15688.15 15840.00 15796.71 14983.47 14329.85 14281.69
13887.93 13621.66 13344.30 13252.57 13137.64 13056.88 13325.04 13978.91 14658.11 14683.24 14856.22 14814.15 15711.98 14845.01 14888.71 14661.54 14373.67 15197.32 15793.33 15941.83 15899.50 15104.19 14464.98 14417.88
14011.41 13354.46 13406.90 13448.97 13271.80 13029.58 13513.96 14416.37 14476.27 14546.65 14853.39 15046.53 15607.26 15003.43 14753.81 14645.47 14818.27 15519.00 15861.39 15547.96 15133.90 15444.34 14857.50 14581.01
13882.87 13225.84 13278.29 13320.36 13143.17 12900.92 13385.36 14287.88 14347.79 14418.18 14724.96 14918.13 15478.93 14875.03 14625.37 14517.01 14689.83 15390.66 15733.09 15419.62 15005.51 15315.99 14729.07 14452.54
13881.67 13185.76 13241.31 13285.88 13098.20 12841.61 13354.72 14310.64 14374.10 14448.65 14773.58 14978.18 15572.16 14932.53 14668.10 14553.33 14736.38 15478.66 15841.36 15509.34 15070.73 15399.58 14777.94 14485.05
13940.35 13218.73 13276.33 13322.54 13127.93 12861.86 13393.93 14385.18 14450.97 14528.28 14865.22 15077.38 15693.31 15030.04 14755.84 14636.83 14826.64 15596.36 15972.46 15628.17 15173.35 15514.35 14869.74 14566.02
14097.72 13338.31 13398.94 13447.57 13242.77 12962.77 13522.69 14565.83 14635.08 14716.43 15071.01 15294.27 15942.45 15244.46 14955.90 14830.66 15030.41 15840.42 16236.22 15873.91 15395.27 15754.12 15075.76 14756.15
13837.74 13579.70 13310.92 13222.02 13110.64 13032.39 13292.25 13925.91 14584.11 14608.46 14776.10 14735.33 15605.40 14765.24 14807.59 14587.43 14308.46 15106.65 15684.24 15828.15 15787.13 15016.40 14396.95 14351.31
13760.93 13484.68 13196.93 13101.75 12982.51 12898.73 13176.94 13855.32 14559.97 14586.04 14765.52 14721.87 15653.35 14753.89 14799.23 14563.53 14264.87 15119.40 15737.75 15891.82 15847.90 15022.78 14359.60 14310.74
13934.91 13205.78 13263.99 13310.68 13114.04 12845.21 13382.80 14384.37 14450.85 14528.96 14869.40 15083.77 15706.11 15035.94 14758.89 14638.64 14830.42 15608.15 15988.16 15640.29 15180.74 15525.28 14873.97 14567.09
14094.87 13370.99 13428.78 13475.13 13279.91 13013.01 13546.74 14541.09 14607.10 14684.65 15022.63 15235.46 15853.32 15187.97 14912.91 14793.53 14983.94 15756.06 16133.34 15787.98 15331.73 15673.80 15027.17 14722.50
14087.38 13446.50 13497.66 13538.70 13365.86 13129.57 13602.10 14482.43 14540.87 14609.53 14908.76 15097.18 15644.20 15055.14 14811.62 14705.93 14874.50 15558.10 15892.11 15586.35 15182.42 15485.26 14912.78 14643.05
14012.08 13389.90 13439.57 13479.41 13311.61 13082.21 13540.96 14395.61 14452.34 14519.00 14809.51 14992.43 15523.49 14951.61 14715.20 14612.59 14776.24 15439.90 15764.17 15467.33 15075.18 15369.19 14813.40 14551.54
13947.09 13300.48 13352.10 13393.50 13219.12 12980.71 13457.47 14345.68 14404.64 14473.91 14775.82 14965.93 15517.84 14923.51 14677.82 14571.18 14741.26 15430.97 15767.97 15459.47 15051.93 15357.48 14779.87 14507.73
13594.27 13312.17 13018.32 12921.13 12799.37 12713.81 12997.91 13690.67 14410.24 14436.86 14620.14 14575.56 15526.77 14608.26 14654.56 14413.88 14108.89 14981.52 15612.96 15770.29 15725.44 14882.85 14205.63 14155.73
13891.52 13619.83 13336.83 13243.23 13125.96 13043.56 13317.17 13984.36 14677.37 14703.01 14879.51 14836.59 15752.68 14868.08 14912.67 14680.87 14387.14 15227.56 15835.69 15987.22 15944.02 15132.53 14480.31 14432.26
14369.24 13744.48 13794.35 13834.36 13665.87 13435.51 13896.16 14754.37 14811.34 14878.27 15169.98 15353.66 15886.93 15312.68 15075.28 14972.25 15136.58 15802.99 16128.61 15830.53 15436.76 15731.98 15173.89 14910.94
14250.99 13662.43 13709.41 13747.10 13588.38 13371.37 13805.33 14613.79 14667.45 14730.51 15005.31 15178.35 15680.70 15139.74 14916.10 14819.04 14973.85 15601.63 15908.38 15627.58 15256.63 15534.74 15009.00 14761.29
13890.36 13237.56 13289.67 13331.48 13155.42 12914.73 13396.05 14292.76 14352.28 14422.22 14727.02 14918.94 15476.13 14876.12 14628.07 14520.41 14692.12 15388.43 15728.65 15417.21 15005.76 15314.24 14731.11 14456.36
13898.83 13233.85 13286.94 13329.52 13150.18 12905.00 13395.30 14308.74 14369.38 14440.62 14751.10 14946.61 15514.20 14902.99 14650.31 14540.64 14715.55 15424.85 15771.43 15454.17 15035.05 15349.28 14755.27 14475.39
13990.21 13377.40 13426.32 13465.56 13300.29 13074.34 13526.18 14367.97 14423.85 14489.50 14775.63 14955.80 15478.87 14915.60 14682.75 14581.68 14742.87 15396.53 15715.92 15423.55 15037.31 15326.89 14779.47 14521.55
13850.52 13618.15 13376.09 13296.03 13195.73 13125.25 13359.28 13929.93 14522.67 14544.61 14695.57 14658.86 15442.41 14685.79 14723.93 14525.67 14274.44 14993.26 15513.41 15643.01 15606.07 14911.98 14354.13 14313.03
13982.72 13738.93 13484.99 13401.00 13295.77 13221.84 13467.35 14066.02 14687.87 14710.87 14869.26 14830.74 15652.76 14859.00 14899.00 14691.01 14427.44 15181.56 15727.24 15863.21 15824.45 15096.29 14511.04 14467.93
14100.00 13492.08 13540.60 13579.53 13415.59 13191.44 13639.67 14474.74 14530.17 14595.29 14879.14 15057.87 15576.76 15017.99 14787.00 14686.74 14846.64 15495.08 15811.92 15521.88 15138.73 15425.99 14882.95 14627.09
13924.64 13286.71 13337.63 13378.49 13206.44 12971.23 13441.59 14317.88 14376.05 14444.39 14742.25 14929.81 15474.31 14887.96 14645.56 14540.35 14708.15 15388.60 15721.09 15416.73 15014.65 15316.10 14746.25 14477.76
13791.39 13128.49 13181.41 13223.86 13045.09 12800.67 13289.44 14200.03 14260.47 14331.49 14641.00 14835.90 15401.71 14792.41 14540.53 14431.20 14605.57 15312.65 15658.15 15341.88 14924.07 15237.31 14645.16 14366.16
13691.09 12989.35 13045.37 13090.31 12901.05 12642.32 13159.72 14123.66 14187.65 14262.83 14590.48 14796.79 15395.75 14750.76 14484.11 14368.38 14552.96 15301.47 15667.21 15332.41 14890.12 15221.72 14594.87 14299.53
13777.92 13080.21 13135.90 13180.59 12992.42 12735.17 13249.60 14208.01 14271.63 14346.38 14672.15 14877.28 15472.81 14831.51 14566.40 14451.33 14634.85 15379.07 15742.71 15409.83 14970.08 15299.78 14676.52 14382.87
13608.09 13361.63 13104.92 13020.01 12913.63 12838.89 13087.09 13692.31 14320.95 14344.21 14504.32 14465.39 15296.39 14493.95 14534.40 14324.13 14057.68 14820.04 15371.69 15509.14 15469.96 14733.84 14142.19 14098.60
13391.14 13174.89 12949.64 12875.14 12781.80 12716.22 12934.00 13465.03 14016.63 14037.04 14177.52 14143.36 14872.51 14168.42 14203.91 14019.41 13785.62 14454.54 14938.58 15059.19 15024.81 14378.91 13859.78 13821.53
13514.84 12932.83 12979.29 13016.56 12859.60 12645.01 13074.14 13873.61 13926.68 13989.04 14260.78 14431.90 14928.67 14393.72 14172.57 14076.58 14229.67 14850.48 15153.81 14876.14 14509.31 14784.33 14264.43 14019.47
13669.74 12985.07 13039.72 13083.57 12898.92 12646.48 13151.30 14091.79 14154.21 14227.57 14547.25 14748.54 15332.93 14703.63 14443.47 14330.55 14510.64 15240.94 15597.78 15271.13 14839.60 15163.13 14551.53 14263.37
13629.28 12971.93 13024.41 13066.50 12889.23 12646.86 13131.53 14034.48 14094.42 14164.84 14471.76 14665.03 15226.10 14621.90 14372.13 14263.72 14436.62 15137.78 15480.38 15166.76 14752.45 15063.07 14475.88 14199.22
13711.33 13050.97 13103.69 13145.98 12967.89 12724.41 13211.30 14118.39 14178.60 14249.35 14557.68 14751.83 15315.47 14708.51 14457.59 14348.68 14522.38 15226.75 15570.92 15255.86 14839.65 15151.70 14561.82 14283.89
13556.35 13008.70 13052.42 13087.49 12939.79 12737.86 13141.66 13893.95 13943.88 14002.56 14258.26 14419.28 14886.73 14383.35 14175.25 14084.93 14228.99 14813.15 15098.58 14837.29 14492.12 14750.91 14261.69 14031.20
13338.07 13142.30 12938.38 12870.93 12786.43 12727.06 12924.22 13404.97 13904.33 13922.81 14049.99 14019.06 14679.17 14041.75 14073.88 13906.85 13695.20 14300.78 14738.98 14848.17 14817.04 14232.30 13762.33 13727.71
13107.20 12897.33 12678.73 12606.42 12515.84 12452.19 12663.54 13178.91 13714.24 13734.05 13870.39 13837.23 14544.88 13861.56 13896.00 13716.95 13490.05 14139.24 14609.00 14726.05 14692.68 14065.83 13562.02 13524.90
13391.43 12734.49 12786.94 12829.00 12651.84 12409.62 12893.99 13796.39 13856.28 13926.66 14233.40 14426.54 14987.26 14383.44 14133.82 14025.48 14198.28 14899.00 15241.39 14927.96 14513.91 14824.34 14237.51 13961.02
13498.59 12746.06 12806.13 12854.32 12651.37 12373.91 12928.76 13962.47 14031.09 14111.71 14463.08 14684.32 15326.64 14634.96 14349.01 14224.91 14422.85 15225.54 15617.75 15258.71 14784.41 15140.01 14467.79 14151.07
13466.54 12762.82 12819.00 12864.06 12674.28 12414.81 12933.68 13900.33 13964.50 14039.89 14368.47 14575.36 15176.02 14529.20 14261.80 14145.75 14330.85 15081.47 15448.24 15112.50 14668.96 15001.49 14372.88 14076.70
13404.62 12784.35 12833.86 12873.58 12706.30 12477.60 12934.94 13786.97 13843.53 13909.98 14199.59 14381.96 14911.38 14341.27 14105.58 14003.28 14166.43 14828.05 15151.33 14855.39 14464.45 14757.56 14203.48 13942.42
13559.83 12952.16 13000.67 13039.58 12875.70 12651.65 13099.69 13934.42 13989.83 14054.93 14338.66 14517.32 15036.00 14477.46 14246.56 14146.34 14306.18 14954.35 15271.07 14981.14 14598.14 14885.29 14342.47 14086.71
13360.91 13150.31 12930.94 12858.38 12767.48 12703.60 12915.70 13432.88 13970.08 13989.95 14126.78 14093.50 14803.63 14117.91 14152.48 13972.79 13745.10 14396.57 14867.97 14985.43 14951.95 14322.90 13817.32 13780.07
13300.63 13091.22 12873.09 12800.95 12710.56 12647.05 12857.94 13372.19 13906.35 13926.12 14062.16 14029.08 14735.19 14053.35 14087.72 13909.05 13682.65 14330.43 14799.17 14915.96 14882.67 14257.18 13754.46 13717.43
13547.90 12950.55 12998.24 13036.49 12875.40 12655.15 13095.58 13916.13 13970.59 14034.59 14313.50 14489.12 14998.99 14449.94 14222.96 14124.44 14281.57 14918.73 15230.06 14945.07 14568.57 14850.84 14317.24 14065.83
13424.43 12823.18 12871.17 12909.68 12747.53 12525.84 12969.15 13795.06 13849.88 13914.29 14195.03 14371.80 14884.99 14332.35 14103.89 14004.74 14162.88 14804.21 15117.58 14830.72 14451.76 14735.88 14198.79 13945.74
13311.17 12677.41 12728.01 12768.59 12597.67 12364.00 12831.28 13701.84 13759.63 13827.52 14123.43 14309.76 14850.70 14268.18 14027.37 13922.85 14089.55 14765.55 15095.86 14793.49 14394.05 14693.53 14127.40 13860.67
13170.25 12509.94 12562.65 12604.93 12426.85 12183.39 12670.25 13577.29 13637.50 13708.24 14016.56 14210.69 14774.30 14167.37 13916.47 13807.57 13981.25 14685.58 15029.73 14714.69 14298.51 14610.54 14020.69 13742.78
13148.20 12570.16 12616.30 12653.32 12497.43 12284.30 12710.50 13504.52 13557.22 13619.15 13889.04 14058.99 14552.37 14021.07 13801.43 13706.10 13858.14 14474.71 14775.97 14500.19 14135.87 14409.01 13892.66 13649.38
13144.64 12891.70 12628.23 12541.09 12431.91 12355.20 12609.93 13231.07 13876.26 13900.13 14064.45 14024.49 14877.37 14053.81 14095.32 13879.52 13606.06 14388.48 14954.65 15095.71 15055.50 14300.01 13692.80 13648.06
13310.52 13072.45 12824.47 12742.45 12639.69 12567.48 12807.24 13391.88 13999.14 14021.61 14176.28 14138.67 14941.41 14166.26 14205.33 14002.21 13744.82 14481.26 15014.15 15146.93 15109.08 14397.99 13826.47 13784.36
13424.40 13205.94 12978.38 12903.12 12808.82 12742.56 12962.57 13499.05 14056.30 14076.91 14218.84 14184.33 14920.95 14209.65 14245.50 14059.11 13822.93 14498.70 14987.70 15109.54 15074.81 14422.29 13897.84 13859.20
13253.38 12763.42 12802.53 12833.91 12701.77 12521.12 12882.38 13555.41 13600.08 13652.57 13881.34 14025.39 14443.60 13993.25 13807.08 13726.27 13855.15 14377.77 14633.13 14399.37 14090.56 14322.08 13884.41 13678.20
13254.05 12622.78 12673.17 12713.60 12543.35 12310.59 12776.04 13643.19 13700.75 13768.38 14063.13 14248.72 14787.54 14207.31 13967.44 13863.33 14029.38 14702.73 15031.74 14730.56 14332.68 14630.99 14067.08 13801.39
13318.59 12632.43 12687.20 12731.14 12546.09 12293.10 12799.02 13741.56 13804.12 13877.63 14198.01 14399.75 14985.41 14354.73 14094.01 13980.85 14161.33 14893.22 15250.84 14923.48 14491.00 14815.24 14202.31 13913.52
13411.81 12782.64 12832.86 12873.15 12703.47 12471.49 12935.39 13799.64 13857.01 13924.42 14218.18 14403.16 14940.18 14361.89 14122.82 14019.06 14184.55 14855.65 15183.56 14883.39 14486.84 14784.15 14222.12 13957.32
13421.81 12843.29 12889.48 12926.52 12770.50 12557.20 12983.75 13778.42 13831.17 13893.15 14163.26 14333.35 14827.13 14295.40 14075.57 13980.17 14132.33 14749.41 15050.92 14774.91 14410.29 14683.66 14166.89 13923.40
13419.97 12763.32 12815.74 12857.79 12680.70 12438.59 12922.75 13824.74 13884.61 13954.96 14261.56 14454.61 15015.08 14411.54 14162.03 14053.73 14226.45 14926.86 15269.10 14955.81 14541.95 14852.24 14265.67 13989.30
13295.94 13044.21 12782.00 12695.27 12586.62 12510.27 12763.79 13381.96 14024.07 14047.83 14211.37 14171.59 15020.40 14200.77 14242.08 14027.31 13755.16 14533.84 15097.31 15237.70 15197.68 14445.79 13841.48 13796.96
13666.19 13429.70 13183.37 13101.90 12999.82 12928.09 13166.26 13747.00 14350.23 14372.55 14526.18 14488.82 15286.23 14516.23 14555.04 14353.28 14097.60 14829.13 15358.48 15490.37 15452.78 14746.42 14178.70 14136.87
13605.08 13341.39 13066.72 12975.87 12862.05 12782.08 13047.64 13695.19 14367.81 14392.69 14564.01 14522.34 15411.48 14552.91 14596.18 14371.21 14086.12 14901.80 15492.04 15639.11 15597.19 14809.57 14176.55 14129.91
13580.42 13296.93 13001.64 12903.97 12781.60 12695.63 12981.13 13677.29 14400.41 14427.17 14611.34 14566.55 15522.45 14599.41 14645.94 14404.07 14097.58 14974.51 15609.06 15767.17 15722.10 14875.35 14194.79 14144.65
13632.19 13375.52 13108.17 13019.74 12908.95 12831.11 13089.60 13719.90 14374.61 14398.83 14565.58 14525.03 15390.48 14554.78 14596.90 14377.92 14100.42 14894.38 15468.90 15612.05 15571.25 14804.61 14188.44 14143.04
13875.54 13635.58 13385.62 13302.95 13199.37 13126.59 13368.26 13957.54 14569.64 14592.28 14748.18 14710.27 15519.40 14738.08 14777.46 14572.73 14313.30 15055.59 15592.72 15726.55 15688.40 14971.65 14395.59 14353.14
13809.90 13551.45 13282.24 13193.20 13081.64 13003.26 13263.54 13898.21 14557.46 14581.85 14749.76 14708.92 15580.38 14738.88 14781.29 14560.79 14281.37 15080.84 15659.34 15803.48 15762.40 14990.44 14370.00 14324.29
13899.96 13256.90 13308.24 13349.42 13175.99 12938.89 13413.03 14296.36 14354.99 14423.88 14724.14 14913.20 15462.07 14871.01 14626.67 14520.61 14689.76 15375.67 15710.83 15404.02 14998.72 15302.59 14728.16 14457.52
14058.66 13424.79 13475.39 13515.98 13345.04 13111.33 13578.69 14449.39 14507.19 14575.10 14871.06 15057.41 15598.44 15015.83 14774.98 14670.44 14837.17 15513.28 15843.65 15541.23 15141.72 15441.24 14875.03 14608.25
14112.91 13529.16 13575.76 13613.15 13455.72 13240.49 13670.89 14472.74 14525.97 14588.51 14861.06 15032.69 15530.93 14994.39 14772.58 14676.31 14829.86 15452.51 15756.75 15478.24 15110.32 15386.17 14864.72 14619.04
14055.41 13519.63 13562.40 13596.71 13452.22 13254.68 13649.71 14385.67 14434.52 14491.92 14742.08 14899.60 15356.91 14864.45 14660.87 14572.51 14713.44 15284.92 15564.16 15308.54 14970.86 15224.03 14745.44 14519.94
14145.98 13492.64 13544.80 13586.64 13410.44 13169.55 13651.27 14548.72 14608.29 14678.29 14983.34 15175.43 15733.08 15132.57 14884.31 14776.56 14948.41 15645.30 15985.81 15674.11 15262.32 15571.05 14987.43 14712.46
13853.86 13590.83 13316.86 13226.24 13112.70 13032.93 13297.82 13943.74 14614.67 14639.49 14810.37 14768.82 15655.71 14799.30 14842.47 14618.06 14333.69 15147.32 15736.08 15882.77 15840.96 15055.32 14423.89 14377.37
14092.65 13786.56 13467.73 13362.28 13230.16 13137.33 13445.58 14197.24 14978.00 15006.88 15205.74 15157.38 16189.46 15192.85 15243.09 14981.94 14651.02 15597.84 16282.98 16453.69 16405.03 15490.78 14755.99 14701.85
14489.01 13820.36 13873.73 13916.55 13736.23 13489.68 13982.70 14901.20 14962.16 15033.80 15346.00 15542.59 16113.32 15498.73 15244.65 15134.38 15310.26 16023.48 16371.98 16052.96 15631.52 15947.49 15350.19 15068.77
14648.00 13934.07 13991.06 14036.78 13844.24 13581.01 14107.40 15088.08 15153.18 15229.66 15563.01 15772.91 16382.27 15726.07 15454.79 15337.05 15524.84 16286.35 16658.45 16317.83 15867.86 16205.22 15567.48 15267.00
14647.57 13996.64 14048.60 14090.29 13914.74 13674.74 14154.68 15048.83 15108.18 15177.91 15481.84 15673.22 16228.81 15630.52 15383.18 15275.83 15447.04 16141.36 16480.62 16170.06 15759.79 16067.38 15485.92 15211.96
14721.31 14073.03 14124.79 14166.30 13991.47 13752.44 14230.43 15120.93 15180.04 15249.49 15552.18 15742.78 16296.11 15700.25 15453.92 15347.01 15517.53 16209.01 16546.89 16237.59 15829.00 16135.34 15556.24 15283.40
14755.53 14007.51 14067.22 14115.13 13913.39 13637.59 14189.12 15216.64 15284.84 15364.98 15714.24 15934.17 16572.64 15885.09 15600.86 15477.50 15674.25 16472.13 16862.00 16505.11 16033.65 16387.12 15718.93 15404.10
14659.53 14327.20 13981.03 13866.54 13723.09 13622.30 13956.99 14773.10 15620.80 15652.16 15868.07 15815.56 16936.15 15854.08 15908.63 15625.08 15265.79 16293.80 17037.68 17223.03 17170.20 16177.56 15379.75 15320.98
14625.19 14264.67 13889.14 13764.94 13609.33 13499.99 13863.06 14748.38 15667.98 15702.00 15936.22 15879.26 17094.88 15921.05 15980.21 15672.63 15282.86 16398.06 17205.03 17406.09 17348.78 16271.96 15406.49 15342.73
14689.54 13938.95 13998.86 14046.93 13844.51 13567.76 14121.18 15152.22 15220.66 15301.07 15651.53 15872.21 16512.87 15822.97 15537.76 15413.98 15611.41 16412.02 16803.22 16445.12 15972.04 16326.72 15656.23 15340.33
14891.68 14092.24 14156.06 14207.25 13991.65 13696.89 14286.34 15384.48 15457.37 15543.02 15916.29 16151.33 16833.68 16098.88 15795.12 15663.27 15873.55 16726.27 17142.93 16761.52 16257.65 16635.42 15921.30 15584.83
15168.03 14425.02 14484.33 14531.91 14331.53 14057.57 14605.41 15626.05 15693.80 15773.40 16120.33 16338.78 16972.97 16290.03 16007.71 15885.17 16080.61 16873.15 17260.40 16905.90 16437.60 16788.70 16124.98 15812.26
15194.31 14504.79 14559.83 14603.99 14418.03 14163.79 14672.19 15619.36 15682.23 15756.10 16078.05 16280.78 16869.32 16235.54 15973.54 15859.82 16041.19 16776.68 17136.05 16807.08 16372.49 16698.32 16082.37 15792.17
15072.50 14454.69 14504.01 14543.57 14376.96 14149.17 14604.69 15453.34 15509.67 15575.86 15864.33 16045.96 16573.29 16005.43 15770.68 15668.79 15831.30 16490.29 16812.28 16517.52 16128.13 16420.07 15868.19 15608.17
14768.48 14533.95 14289.65 14208.85 14107.62 14036.49 14272.68 14848.62 15446.85 15468.98 15621.35 15584.29 16375.10 15611.48 15649.97 15449.87 15196.31 15921.79 16446.75 16577.55 16540.27 15839.76 15276.74 15235.26
14762.82 14486.92 14199.53 14104.47 13985.38 13901.70 14179.56 14857.10 15560.87 15586.91 15766.16 15722.57 16652.88 15754.55 15799.83 15564.43 15266.14 16119.60 16737.18 16891.05 16847.19 16023.10 15360.75 15311.96
14965.96 14244.86 14302.42 14348.60 14154.13 13888.25 14419.93 15410.47 15476.22 15553.47 15890.17 16102.17 16717.66 16054.87 15780.87 15661.94 15851.62 16620.78 16996.61 16652.57 16198.08 16538.83 15894.68 15591.19
15130.07 14382.32 14442.01 14489.90 14288.23 14012.53 14563.86 15591.01 15659.19 15739.30 16088.44 16308.28 16946.53 16259.23 15975.10 15851.78 16048.47 16846.06 17235.78 16879.03 16407.74 16761.08 16093.12 15778.41
15280.04 14563.56 14620.75 14666.64 14473.41 14209.24 14737.51 15721.70 15787.03 15863.79 16198.32 16408.97 17020.52 16361.97 16089.72 15971.56 16160.02 16924.25 17297.68 16955.84 16504.26 16842.83 16202.81 15901.26
15366.38 14645.11 14702.69 14748.88 14554.36 14288.42 14820.23 15811.00 15876.77 15954.04 16290.81 16502.87 17118.50 16455.55 16181.48 16062.53 16252.25 17021.60 17397.52 17053.40 16598.80 16939.63 16295.33 15991.76
15582.81 14890.41 14945.68 14990.02 14803.29 14547.99 15058.51 16009.62 16072.76 16146.93 16470.23 16673.79 17264.79 16628.37 16365.28 16251.09 16433.21 17171.76 17532.63 17202.29 16765.88 17093.07 16474.56 16183.15
15595.13 15317.11 15027.53 14931.75 14811.75 14727.43 15007.41 15690.13 16399.27 16425.51 16606.13 16562.20 17499.62 16594.43 16640.05 16402.86 16102.29 16962.27 17584.57 17739.62 17695.42 16865.03 16197.63 16148.46
15587.72 15305.39 15011.32 14914.05 14792.19 14706.56 14990.89 15684.19 16404.33 16430.98 16614.40 16569.79 17521.75 16602.51 16648.85 16407.97 16102.74 16976.06 17608.01 17765.46 17720.58 16877.31 16199.56 16149.63
15804.64 15066.23 15125.18 15172.47 14973.33 14701.07 15245.51 16259.82 16327.15 16406.25 16751.03 16968.12 17598.38 16919.68 16639.10 16517.32 16711.55 17499.17 17884.02 17531.73 17066.33 17415.25 16755.65 16444.87
15821.78 15111.58 15168.27 15213.75 15022.22 14760.37 15284.01 16259.57 16324.32 16400.41 16732.01 16940.81 17547.00 16894.22 16624.36 16507.24 16694.04 17451.58 17821.72 17482.89 17035.27 17370.87 16736.46 16437.55
15760.45 15063.97 15119.57 15164.17 14976.34 14719.54 15233.06 16189.78 16253.28 16327.90 16653.09 16857.86 17452.33 16812.17 16547.52 16432.66 16615.86 17358.76 17721.75 17389.46 16950.49 17279.60 16657.45 16364.32
15652.80 14969.97 15024.48 15068.21 14884.06 14632.29 15135.75 16073.71 16135.97 16209.13 16527.95 16728.70 17311.52 16683.91 16424.45 16311.84 16491.44 17219.78 17575.66 17249.89 16819.52 17142.18 16532.22 16244.84
15787.06 15037.73 15097.54 15145.53 14943.44 14667.16 15219.65 16248.97 16317.29 16397.57 16747.45 16967.75 17607.34 16918.60 16633.87 16510.29 16707.39 17506.67 17897.21 17539.70 17067.42 17421.51 16752.14 16436.76
15691.45 15425.95 15149.40 15057.94 14943.34 14862.82 15130.19 15782.17 16459.39 16484.44 16656.93 16614.98 17510.19 16645.75 16689.32 16462.81 16175.77 16997.04 17591.31 17739.38 17697.17 16904.17 16266.82 16219.86
15912.56 15635.47 15346.85 15251.39 15131.79 15047.75 15326.80 16007.24 16714.02 16740.17 16920.18 16876.40 17810.70 16908.52 16953.99 16717.59 16418.02 17275.14 17895.35 18049.89 18005.84 17178.22 16513.04 16464.04
16123.98 15413.08 15469.83 15515.36 15323.64 15061.52 15585.68 16562.20 16627.03 16703.19 17035.12 17244.12 17850.91 17197.49 16927.36 16810.12 16997.11 17755.39 18125.91 17786.74 17338.67 17674.60 17039.57 16740.37
16074.97 15296.16 15358.33 15408.21 15198.17 14911.01 15485.25 16555.05 16626.07 16709.50 17073.14 17302.11 17966.86 17251.02 16955.09 16826.65 17031.50 17862.22 18268.13 17896.56 17405.69 17773.71 17078.02 16750.23
16043.83 15333.24 15389.97 15435.47 15243.84 14981.84 15505.77 16481.86 16546.65 16622.78 16954.56 17163.47 17769.99 17116.86 16846.85 16729.66 16916.57 17674.52 18044.87 17705.85 17257.98 17593.76 16959.01 16659.94
16077.28 15283.68 15347.04 15397.86 15183.83 14891.23 15476.36 16566.48 16638.84 16723.86 17094.40 17327.72 18005.09 17275.66 16974.11 16843.23 17051.97 17898.46 18312.08 17933.45 17433.27 17808.27 17099.37 16765.36
16112.16 15365.30 15424.92 15472.75 15271.33 14995.95 15546.63 16572.55 16640.65 16720.66 17069.38 17288.96 17926.44 17239.97 16956.18 16833.00 17029.45 17826.10 18215.35 17859.02 17388.29 17741.22 17074.06 16759.72
15993.47 15719.62 15434.37 15340.02 15221.81 15138.76 15414.55 16087.04 16785.57 16811.42 16989.33 16946.06 17869.45 16977.80 17022.75 16789.10 16493.03 17340.14 17953.12 18105.85 18062.31 17244.36 16586.95 16538.51
15892.97 15619.13 15333.89 15239.55 15121.35 15038.30 15314.08 15986.55 16685.05 16710.89 16888.80 16845.53 17768.88 16877.27 16922.21 16688.58 16392.52 17239.59 17852.55 18005.27 17961.74 17143.81 16486.43 16437.99
16065.59 15310.63 15370.90 15419.24 15215.64 14937.27 15493.92 16530.98 16599.82 16680.70 17033.20 17255.16 17899.56 17205.64 16918.77 16794.26 16992.84 17798.13 18191.61 17831.41 17355.57 17712.33 17037.93 16720.18
16241.71 15482.79 15543.38 15591.98 15387.31 15107.49 15667.05 16709.53 16778.73 16860.03 17214.38 17437.51 18085.27 17387.72 17099.35 16974.19 17173.81 17983.31 18378.85 18016.77 17538.44 17897.06 17219.14 16899.72
16101.88 15399.36 15455.44 15500.42 15310.96 15051.94 15569.92 16534.93 16598.99 16674.25 17002.27 17208.81 17808.44 17162.73 16895.78 16779.92 16964.71 17714.06 18080.20 17745.03 17302.25 17634.22 17006.67 16710.99
16010.60 15297.03 15353.99 15399.69 15207.25 14944.15 15470.28 16450.46 16515.52 16591.97 16925.14 17134.94 17743.99 17088.13 16816.99 16699.31 16887.00 17648.12 18020.03 17679.58 17229.84 17567.03 16929.61 16629.29
15914.86 15242.08 15295.79 15338.87 15157.43 14909.37 15405.42 16329.57 16390.92 16463.00 16777.12 16974.92 17549.16 16930.79 16675.15 16564.19 16741.16 17458.77 17809.42 17488.43 17064.40 17382.31 16781.34 16498.18
15449.77 15193.64 14926.85 14838.61 14728.05 14650.38 14908.32 15537.30 16190.63 16214.80 16381.20 16340.73 17204.37 16370.42 16412.45 16193.93 15917.02 16709.31 17282.62 17425.47 17384.75 16619.72 16004.85 15959.55
15182.19 14918.75 14644.34 14553.59 14439.87 14359.98 14625.28 15272.21 15944.18 15969.04 16140.18 16098.56 16986.84 16129.10 16172.33 15947.57 15662.76 16477.66 17067.33 17214.25 17172.37 16385.51 15753.10 15706.51
15183.79 14483.32 14539.24 14584.10 14395.19 14136.92 14653.39 15615.59 15679.46 15754.50 16081.56 16287.50 16885.38 16241.55 15975.39 15859.86 16044.11 16791.27 17156.35 16822.15 16380.66 16711.66 16085.95 15791.13
15319.68 14644.24 14698.16 14741.41 14559.26 14310.21 14808.23 15736.04 15797.63 15869.99 16185.36 16383.95 16960.46 16339.64 16082.98 15971.59 16149.25 16869.71 17221.75 16899.49 16473.78 16792.95 16189.59 15905.32
15319.18 14664.05 14716.35 14758.30 14581.62 14340.06 14823.11 15723.03 15782.77 15852.95 16158.85 16351.46 16910.64 16308.48 16059.54 15951.50 16123.82 16822.62 17164.07 16851.51 16438.59 16748.17 16162.95 15887.22
15075.39 14402.37 14456.10 14499.20 14317.69 14069.54 14565.77 15490.26 15551.63 15623.73 15937.97 16135.84 16710.29 16091.69 15835.96 15724.96 15901.99 16619.87 16970.64 16649.54 16225.35 16543.38 15942.19 15658.93
14825.80 14201.32 14251.17 14291.16 14122.74 13892.49 14352.93 15210.75 15267.69 15334.59 15626.17 15809.77 16342.79 15768.80 15531.52 15428.53 15592.79 16258.89 16584.36 16286.42 15892.83 16187.92 15630.08 15367.25
14903.18 14578.76 14240.84 14129.07 13989.04 13890.65 14217.37 15014.03 15841.54 15872.16 16082.92 16031.66 17125.55 16069.27 16122.51 15845.72 15494.99 16498.51 17224.67 17405.60 17354.02 16385.04 15606.24 15548.86
15086.56 14763.08 14426.14 14314.70 14175.07 14076.97 14402.74 15197.09 16022.21 16052.73 16262.89 16211.78 17302.49 16249.27 16302.36 16026.38 15676.65 16677.27 17401.33 17581.73 17530.31 16564.13 15787.58 15730.37
15236.05 14562.14 14615.93 14659.09 14477.34 14228.86 14725.75 15651.48 15712.93 15785.12 16099.79 16297.92 16873.14 16253.71 15997.64 15886.50 16063.76 16782.59 17133.83 16812.31 16387.55 16706.01 16104.01 15820.37
15318.67 14633.17 14687.89 14731.79 14546.92 14294.17 14799.60 15741.24 15803.74 15877.18 16197.25 16398.79 16983.89 16353.82 16093.35 15980.29 16160.60 16891.79 17249.07 16922.02 16489.96 16813.89 16201.54 15913.03
15642.42 14861.93 14924.24 14974.22 14763.73 14475.96 15051.42 16123.53 16194.70 16278.31 16642.73 16872.20 17538.37 16820.99 16524.43 16395.71 16601.01 17433.51 17840.29 17467.92 16976.00 17344.81 16647.62 16319.13
15712.61 14968.14 15027.57 15075.25 14874.47 14599.98 15148.89 16171.52 16239.40 16319.16 16666.76 16885.63 17521.06 16836.80 16553.92 16431.14 16626.96 17421.04 17809.05 17453.86 16984.65 17336.44 16671.42 16358.09
15906.22 15165.34 15224.48 15271.92 15072.12 14798.94 15345.21 16362.92 16430.48 16509.85 16855.78 17073.60 17705.98 17025.00 16743.48 16621.29 16816.17 17606.44 17992.58 17639.10 17172.14 17522.24 16860.42 16548.60
15698.09 15362.56 15013.07 14897.48 14752.65 14650.90 14988.80 15812.74 16668.58 16700.24 16918.22 16865.21 17996.55 16904.10 16959.17 16672.90 16310.16 17348.04 18099.06 18286.19 18232.85 17230.68 16425.22 16365.88
15713.46 15400.50 15074.50 14966.68 14831.59 14736.68 15051.86 15820.40 16618.70 16648.24 16851.56 16802.11 17857.38 16838.39 16889.75 16622.73 16284.38 17252.48 17953.00 18127.55 18077.79 17143.01 16391.70 16336.35
16180.73 15357.98 15423.66 15476.35 15254.47 14951.11 15557.74 16687.89 16762.91 16851.05 17235.20 17477.09 18179.34 17423.12 17110.50 16974.81 17191.22 18068.80 18497.60 18105.07 17586.52 17975.30 17240.36 16894.08
16182.54 15419.59 15480.50 15529.35 15323.59 15042.29 15604.83 16652.85 16722.41 16804.15 17160.38 17384.69 18035.90 17334.64 17044.74 16918.91 17119.59 17933.40 18331.04 17967.03 17486.16 17846.69 17165.16 16844.05
16040.77 15305.88 15364.55 15411.61 15213.42 14942.46 15484.30 16493.77 16560.78 16639.51 16982.63 17198.69 17825.94 17150.48 16871.24 16750.05 16943.35 17727.21 18110.22 17759.61 17296.43 17643.69 16987.24 16677.94
15900.62 15140.50 15201.18 15249.86 15044.86 14764.60 15325.05 16369.18 16438.49 16519.92 16874.83 17098.31 17747.10 17048.44 16759.62 16634.26 16834.20 17644.98 18041.14 17678.49 17199.40 17558.59 16879.59 16559.68
15709.01 14995.02 15052.01 15097.74 14905.18 14641.93 15168.36 16149.13 16214.24 16290.73 16624.10 16834.01 17443.44 16787.18 16515.88 16398.13 16585.93 17347.51 17719.63 17378.99 16928.98 17266.36 16628.57 16328.07
15389.97 15095.53 14788.84 14687.40 14560.31 14471.02 14767.54 15490.58 16241.61 16269.40 16460.68 16414.16 17406.95 16448.29 16496.61 16245.41 15927.08 16837.86 17496.91 17661.12 17614.32 16734.88 16028.05 15975.98
15360.90 15103.74 14835.88 14747.28 14636.29 14558.29 14817.27 15448.77 16104.72 16128.99 16296.05 16255.42 17122.52 16285.23 16327.43 16108.03 15830.01 16625.48 17201.09 17344.51 17303.63 16535.53 15918.20 15872.72
15530.42 14853.24 14907.29 14950.66 14768.03 14518.35 15017.65 15947.86 16009.60 16082.15 16398.34 16597.43 17175.44 16553.01 16295.70 16184.01 16362.14 17084.46 17437.40 17114.31 16687.50 17007.50 16402.58 16117.57
15340.33 14662.28 14716.40 14759.83 14576.96 14326.96 14826.90 15758.30 15820.12 15892.77 16209.36 16408.71 16987.45 16364.23 16106.58 15994.76 16173.11 16896.35 17249.75 16926.25 16498.89 16819.30 16213.60 15928.23
15131.57 14458.56 14512.29 14555.38 14373.88 14125.74 14621.96 15546.43 15607.79 15679.90 15994.13 16192.00 16766.44 16147.85 15892.12 15781.13 15958.15 16676.01 17026.78 16705.69 16281.51 16599.53 15998.35 15715.09
15051.44 14407.61 14459.01 14500.24 14326.60 14089.22 14563.93 15448.32 15507.02 15576.00 15876.61 16065.90 16615.44 16023.67 15779.03 15672.85 15842.19 16528.94 16864.49 16557.32 16151.53 16455.77 15880.65 15609.67
14973.85 14331.03 14382.35 14423.51 14250.15 14013.14 14487.10 15370.09 15428.71 15497.57 15797.71 15986.70 16535.37 15944.53 15700.28 15594.26 15763.34 16449.00 16784.03 16477.34 16072.19 16375.95 15801.74 15531.19
14800.59 14528.79 14245.68 14152.03 14034.71 13952.28 14226.01 14893.47 15586.78 15612.43 15789.01 15746.07 16662.55 15777.57 15822.18 15590.28 15296.43 16137.20 16745.59 16897.18 16853.97 16042.13 15389.63 15341.56
15036.78 14743.00 14436.99 14335.78 14208.98 14119.88 14415.74 15137.16 15886.52 15914.25 16105.10 16058.69 17049.27 16092.74 16140.95 15890.31 15572.70 16481.44 17139.02 17302.87 17256.16 16378.69 15673.44 15621.48
15219.84 14362.81 14431.22 14486.11 14254.98 13938.98 14570.89 15748.15 15826.29 15918.11 16318.27 16570.24 17301.75 16514.02 16188.36 16047.02 16272.45 17186.61 17633.28 17224.39 16684.22 17089.21 16323.64 15962.93
15018.71 14332.31 14387.11 14431.06 14245.95 13992.87 14498.96 15441.83 15504.41 15577.95 15898.44 16100.24 16686.11 16055.21 15794.40 15681.20 15861.74 16593.89 16951.63 16624.15 16191.53 16515.88 15902.74 15613.85
15441.77 14606.78 14673.44 14726.91 14501.72 14193.85 14809.51 15956.49 16032.62 16122.08 16511.95 16757.44 17470.14 16702.66 16385.39 16247.68 16467.31 17357.96 17793.14 17394.77 16868.49 17263.06 16517.18 16165.75
15616.76 14829.87 14892.68 14943.07 14730.86 14440.72 15020.91 16101.83 16173.57 16257.88 16625.29 16856.64 17528.29 16805.02 16506.02 16376.24 16583.22 17422.56 17832.68 17457.26 16961.30 17333.13 16630.22 16299.03
15936.43 15217.13 15274.55 15320.62 15126.63 14861.42 15391.77 16379.82 16445.40 16522.46 16858.31 17069.79 17683.73 17022.60 16749.29 16630.66 16819.86 17587.09 17961.98 17618.80 17165.45 17505.35 16862.82 16560.08
15675.31 14958.02 15015.28 15061.21 14867.77 14603.29 15132.17 16117.47 16182.87 16259.71 16594.63 16805.51 17417.75 16758.46 16485.90 16367.61 16556.28 17321.38 17695.22 17353.00 16900.91 17239.86 16599.12 16297.23
15136.98 14851.08 14553.27 14454.77 14331.37 14244.66 14532.59 15234.68 15963.95 15990.93 16176.68 16131.51 17095.53 16164.64 16211.57 15967.64 15658.54 16542.93 17182.89 17342.34 17296.89 16442.93 15756.58 15706.01
15162.99 14895.01 14615.88 14523.56 14407.89 14326.62 14596.49 15254.56 15938.10 15963.39 16137.48 16095.15 16998.72 16126.21 16170.18 15941.55 15651.84 16480.77 17080.60 17230.05 17187.45 16387.04 15743.73 15696.34
