15.21 9.28 5.74 2.04 1.34 2.50 3.88 3.18 2.07 1.88 7.25 24.58 40.57 41.89 45.04 54.22 84.67 56.88 82.43 73.38 49.15 39.99 39.26 29.97
29.55 32.42 23.13 8.96 7.76 13.11 19.18 17.49 12.39 10.25 33.49 103.31 155.45 137.28 110.93 100.07 137.35 115.40 197.86 199.71 156.47 129.61 117.07 88.21
81.33 103.98 78.83 36.66 34.63 51.78 71.45 72.36 56.05 42.79 116.24 323.96 469.75 394.12 267.51 172.26 193.32 222.91 443.47 485.36 407.99 332.35 275.34 205.50
185.11 235.15 187.32 104.68 102.58 138.41 181.08 202.62 169.84 121.46 274.19 670.66 941.07 776.57 482.04 236.34 206.99 337.38 739.80 842.96 725.76 575.57 439.21 326.85
300.29 370.81 310.58 202.19 200.17 249.82 313.26 383.69 342.50 232.51 445.57 924.95 1241.17 1019.18 602.99 246.92 173.02 373.04 857.62 992.19 857.28 662.80 471.75 354.39
343.98 417.02 366.45 265.67 259.57 306.71 374.26 494.89 463.36 301.41 506.77 868.08 1091.46 897.20 513.90 186.91 115.23 288.95 666.41 771.56 664.49 503.67 340.56 263.69
282.10 345.86 321.44 249.38 233.78 266.90 322.60 447.91 433.93 272.15 411.80 571.94 656.49 544.04 304.53 104.41 71.51 169.36 352.33 398.66 344.23 258.40 172.35 144.66
178.70 236.28 251.28 207.00 175.09 190.52 229.53 310.25 305.57 186.59 250.02 277.09 283.24 240.73 137.83 61.93 79.13 134.14 180.34 177.40 165.16 128.36 100.74 105.80
140.31 205.64 280.30 241.32 169.12 150.63 170.51 199.55 195.20 120.14 130.21 113.18 106.62 99.96 72.34 90.15 184.37 268.91 269.65 214.86 219.59 180.68 174.76 206.62
241.53 323.79 478.16 401.68 246.28 157.60 149.46 158.54 156.51 104.72 86.86 71.17 82.81 94.12 93.70 209.98 455.03 650.33 653.48 488.01 461.74 376.41 369.19 429.55
461.96 548.84 773.61 625.96 367.43 190.69 151.62 178.20 185.94 139.40 105.01 101.65 142.03 171.26 177.48 400.59 842.32 1181.54 1184.65 842.65 721.58 575.55 556.52 628.76
641.10 702.20 931.04 734.76 430.42 215.83 165.68 218.61 236.34 192.60 148.00 151.44 218.73 270.82 281.60 546.39 1063.09 1449.74 1433.48 980.33 768.06 598.43 568.87 623.06
606.32 623.75 775.59 602.11 359.64 195.41 162.45 219.05 238.05 210.15 166.72 179.02 274.72 355.20 379.73 571.21 927.14 1190.09 1150.30 773.00 562.33 425.07 393.91 417.94
389.95 379.93 440.22 338.28 213.26 137.33 129.33 167.26 180.50 182.37 147.71 195.57 349.91 470.24 519.27 577.80 649.97 704.46 645.52 451.04 308.39 217.68 188.31 192.15
174.00 162.90 175.25 135.91 100.83 86.27 92.41 110.33 118.50 153.57 126.14 242.78 498.12 667.71 735.24 669.71 509.40 393.27 321.24 267.07 174.42 102.99 70.60 65.64
59.39 55.63 56.20 46.99 50.19 58.37 67.87 76.07 83.18 142.08 122.40 312.74 670.00 878.96 937.78 770.39 498.34 296.20 232.89 244.03 156.36 76.26 35.83 25.02
22.05 20.99 20.07 19.29 28.70 38.61 46.57 52.82 60.56 125.71 121.03 360.32 773.43 997.98 1018.77 768.48 489.61 279.70 255.35 304.42 194.74 90.84 38.77 20.53
14.10 11.35 9.55 9.91 15.55 21.81 28.11 34.68 40.63 96.01 109.56 367.24 785.85 1006.26 976.86 674.54 439.63 267.70 292.90 389.49 254.78 120.60 52.88 26.13
14.30 8.77 6.04 6.52 9.35 13.97 21.15 27.36 27.34 65.68 91.03 337.64 730.53 941.78 879.76 580.14 390.48 260.02 317.45 473.84 329.76 165.84 77.05 38.02
20.52 12.46 7.91 8.32 10.49 15.21 24.48 28.59 21.22 44.66 74.55 289.94 647.65 858.20 803.55 565.93 405.05 293.76 360.39 573.12 442.75 251.99 134.02 67.94
38.99 27.90 18.70 19.02 20.07 22.66 31.33 32.17 19.36 31.50 66.97 253.57 572.92 779.40 757.25 612.13 480.84 367.24 443.75 684.93 585.00 379.75 237.78 129.19
76.31 60.27 42.47 43.28 40.20 34.78 37.99 35.82 19.99 20.65 64.71 229.83 497.88 679.45 687.65 628.44 544.40 416.29 513.61 725.05 649.77 466.70 339.90 202.70
122.37 100.81 72.67 73.24 62.62 44.68 39.37 35.14 19.50 11.30 57.44 192.50 403.98 555.37 595.92 592.87 547.26 400.53 496.53 622.15 547.50 424.38 354.60 233.20
145.05 121.66 88.70 85.41 68.40 42.25 30.79 25.81 14.42 5.08 41.74 137.54 306.08 441.13 524.60 545.27 501.67 345.41 394.99 431.66 347.12 284.33 267.83 195.41
126.94 106.59 78.85 68.62 51.52 28.27 16.92 12.89 7.23 1.87 25.30 89.11 222.77 340.63 449.70 473.56 419.50 275.87 270.05 259.90 178.68 149.56 154.61 128.63
89.77 73.78 55.88 40.80 28.25 13.93 6.52 4.27 2.40 0.53 14.42 57.73 148.16 230.16 320.67 339.17 296.09 189.85 169.32 150.37 85.93 69.47 77.58 77.04
60.02 48.16 38.13 23.09 14.18 6.09 2.07 1.12 0.67 0.11 7.82 34.30 79.90 120.70 168.73 180.15 163.38 103.13 103.67 90.06 43.43 33.97 47.20 56.09
49.91 43.83 39.87 23.38 11.76 3.58 1.08 0.76 0.60 0.02 3.43 15.79 32.73 47.88 64.45 70.21 71.10 43.89 62.20 56.79 24.31 25.48 58.33 73.94
71.42 73.38 76.04 46.10 20.18 4.11 1.39 1.35 1.07 0.00 1.06 6.08 15.38 24.18 29.75 29.64 30.76 17.44 36.00 41.12 17.46 30.79 94.09 119.87
117.83 127.88 137.34 83.79 35.49 6.65 2.56 2.59 1.43 0.00 0.22 4.89 26.01 46.77 56.90 43.77 30.82 17.09 27.89 42.35 19.46 35.95 114.89 146.30
144.13 158.11 170.89 104.28 44.22 9.39 5.20 5.17 1.47 0.04 0.04 8.00 59.89 114.26 143.00 101.87 68.59 50.16 50.57 60.62 31.39 38.14 98.51 121.75
118.89 129.80 139.29 84.78 36.53 10.28 9.04 8.97 1.47 0.26 0.09 10.48 98.65 197.60 253.21 177.00 138.79 133.71 122.89 103.82 60.48 51.74 73.17 78.29
71.35 73.94 75.79 45.72 20.36 8.86 11.40 11.40 1.58 1.20 0.45 9.73 110.95 232.59 305.00 216.91 209.82 250.40 234.14 173.47 104.82 81.39 69.60 57.71
42.52 35.91 31.36 18.94 8.93 6.29 10.19 10.20 1.75 3.66 1.44 7.92 88.82 195.71 264.98 204.23 244.87 331.03 315.51 234.21 136.46 103.22 78.58 59.71
38.18 26.23 19.64 13.20 6.42 4.70 7.48 7.29 2.25 7.63 3.38 8.88 61.18 142.95 203.45 184.93 250.49 337.98 319.12 248.45 132.68 103.06 91.45 77.85
56.50 44.28 38.33 27.26 13.53 7.67 8.68 8.00 4.43 12.24 6.99 14.35 55.26 132.07 193.80 200.99 264.76 317.95 286.06 225.80 109.82 107.36 132.95 129.17
107.56 93.91 88.24 64.16 35.00 21.16 21.89 20.49 13.20 19.37 14.05 24.35 72.00 169.91 245.36 250.88 300.30 314.95 261.13 192.21 94.74 135.70 204.45 204.18
175.43 154.77 150.11 115.23 71.15 50.61 56.85 55.63 39.48 34.24 24.01 35.47 93.98 225.12 320.28 305.08 329.29 311.38 233.84 164.08 99.61 164.21 244.47 237.69
203.48 178.13 179.54 149.58 107.65 93.57 115.58 116.62 92.89 59.03 30.71 40.65 101.18 248.82 353.80 323.03 320.25 281.08 198.44 162.54 133.98 178.45 216.43 195.16
167.52 146.88 158.11 147.08 127.31 133.76 175.71 179.01 158.36 87.69 32.10 40.61 94.50 230.81 330.32 305.91 288.18 242.12 180.81 195.13 196.84 205.24 174.16 133.13
119.13 103.32 117.78 122.09 124.70 145.47 194.44 196.50 190.89 107.32 38.22 47.13 93.88 211.94 305.02 296.80 272.49 225.28 191.93 233.28 252.99 245.46 166.80 108.81
105.24 84.93 90.27 95.41 104.25 119.30 156.47 156.24 166.32 107.75 53.56 62.89 103.85 204.89 290.33 288.78 260.37 214.57 198.11 237.05 254.52 245.28 163.37 105.00
105.84 79.48 72.65 71.39 75.62 77.64 99.76 103.05 114.71 88.61 62.47 73.19 111.76 186.57 248.29 239.63 212.97 178.81 169.36 204.34 201.65 180.45 125.08 85.56
86.77 63.10 52.11 47.80 48.46 46.90 64.51 77.13 74.05 59.22 54.60 75.45 122.53 168.37 200.54 180.39 161.15 147.36 138.65 178.44 146.15 98.78 70.00 53.51
54.03 39.69 32.15 29.18 30.99 35.93 54.66 71.10 52.64 40.68 53.79 106.85 172.64 196.74 231.31 222.16 217.30 215.67 186.11 204.73 124.67 50.50 33.60 30.96
32.83 28.63 27.08 26.79 33.59 48.90 63.70 68.58 48.01 55.88 98.40 220.98 308.02 309.34 412.56 469.04 495.06 482.96 387.31 318.99 143.61 44.92 28.53 30.20
36.93 43.18 48.22 51.88 67.12 94.18 97.83 79.15 63.38 103.54 187.52 401.74 503.96 476.04 694.20 857.04 931.16 896.69 704.44 507.20 198.23 71.94 50.50 49.07
61.74 78.78 89.54 99.30 123.49 160.26 150.67 108.65 91.19 144.94 253.99 510.45 604.38 555.70 838.86 1069.11 1184.20 1148.20 900.98 626.42 245.28 107.10 80.66 69.12
82.80 105.99 118.17 133.19 159.44 196.04 179.09 127.50 103.86 138.16 231.26 432.73 489.98 443.86 675.27 875.09 992.22 984.06 775.63 540.29 227.44 115.00 89.71 68.21
76.19 96.38 104.85 119.81 138.38 163.15 149.16 106.82 83.88 89.28 142.55 245.78 265.23 237.30 357.48 469.56 549.95 567.14 449.26 324.82 155.30 87.74 68.57 46.09
47.33 58.95 62.61 72.63 81.05 92.20 86.46 61.97 47.04 39.45 64.84 104.51 108.12 95.92 132.98 173.77 210.90 229.71 182.45 153.34 92.99 57.38 40.89 22.58
20.21 24.68 25.68 30.26 32.89 36.73 36.63 25.79 18.93 12.70 36.77 63.99 69.54 62.91 60.85 67.70 78.47 85.68 71.63 93.70 80.05 51.15 28.39 11.05
7.55 9.00 9.14 10.40 11.37 13.47 15.00 9.80 8.42 4.85 43.33 84.04 96.93 89.30 69.43 63.01 63.87 64.48 71.01 128.62 118.19 65.47 27.37 9.57
7.67 9.70 9.63 9.16 10.15 13.45 15.51 8.79 11.61 4.94 50.82 100.81 118.00 110.05 84.68 73.90 74.28 84.92 124.76 234.24 199.88 89.74 26.80 12.29
16.07 21.58 21.71 19.93 20.86 26.29 28.93 15.28 20.94 6.68 40.71 81.58 98.10 96.48 80.36 72.36 76.24 106.51 193.77 369.60 297.59 116.40 24.79 15.56
26.68 37.09 37.53 34.60 34.26 40.07 42.14 21.03 26.01 7.20 22.11 46.10 63.14 76.99 81.78 80.03 83.34 118.48 240.59 455.67 345.11 125.69 22.77 16.47
30.60 44.43 43.92 40.19 38.03 41.57 41.84 19.66 20.82 6.07 12.34 28.19 52.73 88.14 115.15 114.55 105.83 120.36 234.56 424.42 300.24 107.96 23.52 15.61
24.80 38.28 34.85 30.74 28.03 28.95 28.01 12.38 10.70 6.33 21.61 44.91 83.52 138.22 174.61 157.34 124.89 112.74 178.96 298.30 212.47 91.53 34.74 18.96
16.57 25.21 19.29 15.49 13.63 13.45 12.60 5.33 3.62 12.12 56.70 106.62 166.79 235.18 259.51 194.84 127.63 104.04 117.27 174.23 157.96 100.67 56.23 28.16
12.53 13.42 7.88 5.42 4.52 4.18 3.93 1.91 1.21 22.19 107.81 197.44 285.51 365.44 365.50 233.51 125.14 101.32 81.50 111.59 144.24 114.58 69.25 33.83
10.99 5.83 2.64 2.14 1.53 1.00 1.28 1.55 1.51 27.74 134.40 247.49 352.76 438.32 423.66 254.09 123.49 103.68 70.64 104.63 146.79 113.42 63.04 29.95
8.80 2.28 1.05 2.22 1.44 0.47 1.18 2.54 2.77 22.65 108.66 205.96 302.74 384.23 380.34 240.65 126.46 120.73 83.73 144.54 182.27 128.92 63.84 30.85
10.13 2.82 1.65 3.27 2.19 0.84 1.67 3.41 3.62 12.30 57.74 117.14 191.97 270.03 299.69 231.89 152.59 168.32 122.83 228.59 282.00 209.77 117.04 67.75
30.08 12.68 7.36 7.35 5.53 3.34 3.70 4.84 4.31 5.48 23.55 53.47 112.47 195.01 261.91 258.76 205.68 238.98 175.18 332.89 431.98 361.56 246.12 170.04
93.03 47.16 29.74 25.29 20.47 14.35 13.45 12.79 9.48 6.90 20.22 40.64 92.55 179.74 271.05 308.90 269.58 302.07 215.72 406.31 556.70 519.94 413.44 325.72
208.35 121.78 85.50 75.17 62.30 44.64 41.48 37.56 29.36 23.73 49.13 79.36 130.33 221.80 333.82 406.45 364.70 352.02 237.11 402.56 566.28 579.51 518.17 453.17
333.49 222.51 173.75 163.17 135.23 95.97 88.52 81.71 76.58 73.21 117.28 169.97 229.31 336.26 484.08 599.64 536.55 439.95 289.95 359.26 468.20 501.01 490.77 472.65
401.49 303.59 263.27 268.71 220.00 150.84 133.08 129.77 157.58 174.21 231.86 305.91 382.28 511.99 696.64 844.26 764.70 617.34 452.44 399.34 397.50 377.02 381.34 402.14
395.77 337.61 330.55 371.54 305.95 200.69 158.68 165.08 258.17 314.95 380.74 475.47 580.31 733.08 929.15 1066.32 979.64 848.99 703.32 566.10 455.71 325.22 286.48 309.33
342.74 340.26 402.52 490.60 429.07 279.86 189.60 193.13 348.43 448.88 528.48 664.47 823.82 1018.42 1209.90 1291.95 1154.44 1021.57 881.38 727.22 581.31 363.06 246.31 230.34
268.98 343.65 532.70 666.67 627.76 423.07 256.92 230.29 429.01 558.43 653.94 845.60 1075.48 1333.33 1527.75 1548.99 1312.35 1094.37 902.49 769.07 676.91 450.51 265.72 189.18
208.23 356.33 692.88 849.38 820.89 566.32 326.40 264.48 508.34 638.65 727.53 936.35 1197.25 1485.93 1682.10 1686.91 1411.76 1118.22 865.46 743.16 734.64 550.39 328.81 194.27
178.95 338.03 724.19 856.64 818.07 568.83 319.61 251.15 513.72 609.59 662.94 821.79 1036.19 1276.53 1445.67 1478.02 1286.74 1038.17 805.63 689.13 727.49 584.52 363.59 202.26
158.24 257.55 540.96 615.16 573.67 403.44 227.85 179.77 384.47 427.89 444.85 528.51 654.40 799.79 915.66 971.67 900.85 788.96 680.19 591.82 617.18 499.51 313.84 170.06
122.36 155.14 285.29 309.23 281.58 213.85 131.45 100.60 206.48 209.87 210.72 247.76 304.36 373.22 439.59 492.57 489.68 512.64 576.28 540.69 517.44 399.17 237.90 120.58
84.05 94.64 134.97 139.87 126.49 142.85 101.39 58.90 99.56 86.16 87.74 126.36 158.96 197.71 240.04 283.16 291.52 383.14 580.52 626.00 582.32 430.04 228.54 97.41
64.91 97.35 121.52 132.25 125.85 225.42 152.78 56.88 87.55 72.23 85.95 178.99 231.66 285.10 338.05 392.34 373.11 419.03 620.08 766.66 777.68 578.48 285.60 99.18
59.48 132.15 170.89 197.13 195.54 388.11 246.47 73.46 124.74 113.37 147.87 329.50 432.62 533.68 631.50 729.75 660.45 550.57 606.45 816.61 919.46 691.46 331.67 98.47
51.56 145.33 192.67 227.60 230.89 469.80 291.55 81.33 146.54 140.80 193.15 429.89 579.08 730.77 883.08 1035.93 928.99 661.14 533.47 725.39 872.32 649.01 305.51 83.49
41.93 117.65 154.20 181.57 186.44 378.53 235.04 68.13 119.65 117.67 171.84 379.22 538.41 712.63 890.29 1061.52 948.70 631.71 417.74 547.62 671.06 481.97 218.77 60.60
39.11 79.61 96.21 107.40 110.09 210.43 134.54 47.56 70.74 68.73 113.13 248.04 394.60 568.85 736.22 875.80 761.70 483.89 294.24 379.02 460.67 316.05 131.53 40.48
41.79 58.10 59.55 58.46 58.31 93.22 64.33 32.49 35.59 32.84 70.64 157.61 299.54 475.88 626.73 722.54 591.18 356.86 222.95 279.41 320.16 214.33 79.90 29.15
43.73 51.45 45.89 38.67 35.92 44.06 32.54 20.67 17.48 16.16 50.94 118.85 255.12 428.30 567.89 636.52 501.22 309.49 224.82 242.96 229.83 158.10 63.03 29.97
45.12 53.28 46.41 35.38 29.22 28.46 19.38 10.38 7.74 8.15 34.25 83.05 189.18 334.11 454.77 505.14 404.82 288.16 259.71 242.06 182.19 144.16 84.50 50.41
51.60 61.22 56.87 44.06 33.83 27.40 14.75 4.39 3.65 3.82 17.00 42.53 106.98 212.42 308.79 343.14 293.41 261.43 291.87 270.58 200.47 191.16 152.58 97.53
70.66 76.94 78.36 67.72 52.75 38.24 15.90 3.02 4.52 2.73 6.66 17.06 53.40 131.33 210.80 239.24 227.89 256.83 340.25 351.89 290.86 287.27 248.44 164.19
107.56 104.91 111.00 103.48 82.66 57.71 20.85 4.47 8.23 3.79 5.12 15.88 44.09 112.33 187.09 223.81 237.82 311.85 462.87 521.87 443.97 397.71 332.85 231.05
158.10 139.10 138.51 128.34 103.13 71.41 25.21 9.20 12.32 5.19 12.27 52.41 98.85 182.76 277.41 342.11 377.84 493.51 736.49 803.72 645.93 504.49 387.99 291.99
222.42 177.88 157.20 137.14 110.11 75.94 29.86 26.24 20.40 7.95 32.86 156.84 265.98 405.19 572.66 715.13 787.47 921.33 1207.21 1165.44 847.05 599.05 429.02 361.78
316.88 242.95 204.63 174.89 143.52 97.88 47.79 73.51 46.90 21.05 70.66 324.24 539.79 777.20 1082.12 1374.03 1507.19 1597.12 1750.63 1460.02 944.57 647.65 466.32 437.45
429.06 330.40 290.11 259.11 221.25 150.27 85.90 153.76 107.99 65.42 124.93 465.48 775.21 1123.22 1578.98 2037.96 2236.04 2235.59 2081.09 1507.26 876.59 615.95 474.35 469.01
482.53 373.31 340.34 316.85 282.26 194.51 126.61 233.95 209.41 169.24 207.69 505.58 829.41 1245.93 1785.15 2343.31 2612.93 2565.20 2080.74 1321.62 725.11 538.90 442.35 433.56
436.44 334.58 305.60 290.65 270.88 192.89 146.20 276.86 337.93 332.69 332.01 493.08 757.18 1175.76 1709.61 2281.70 2636.25 2598.73 1879.78 1072.22 612.96 493.77 417.79 393.89
364.66 276.72 242.65 228.24 216.00 158.92 137.13 269.86 436.92 479.03 450.97 492.85 682.52 1046.74 1508.62 2026.25 2401.07 2336.28 1539.57 823.75 544.31 488.73 426.40 393.53
332.22 254.90 208.56 188.30 167.34 123.13 106.44 213.06 429.81 508.51 493.30 504.09 643.67 915.26 1260.21 1656.72 1916.82 1769.53 1093.99 579.89 476.66 489.53 443.42 401.19
318.26 250.80 192.57 171.77 141.67 103.65 73.84 129.94 334.68 458.68 514.94 589.42 723.92 914.11 1162.39 1417.06 1473.88 1230.19 774.59 442.47 445.71 511.35 453.44 379.83
289.41 233.84 173.08 161.40 135.82 103.78 56.60 65.06 273.02 490.57 665.65 862.04 1041.87 1218.45 1469.67 1645.14 1488.52 1083.29 754.46 468.61 476.68 554.25 442.20 318.17
238.71 196.43 143.17 140.76 127.32 101.85 49.08 37.56 295.59 626.60 914.58 1226.65 1465.36 1680.95 2010.58 2182.92 1862.74 1221.32 880.51 545.65 503.12 552.22 391.51 237.79
182.77 152.15 107.08 104.62 97.61 77.47 37.34 29.94 309.15 670.57 1005.84 1375.90 1643.57 1889.05 2265.89 2436.14 2072.91 1307.74 941.25 586.28 498.79 488.95 322.23 177.74
141.46 116.22 77.19 68.69 61.05 45.00 22.68 23.90 237.28 508.61 814.07 1185.32 1473.53 1754.04 2130.57 2246.26 1983.31 1356.80 1015.90 693.26 571.17 465.42 294.69 159.57
118.76 90.95 60.79 48.89 42.00 31.09 17.04 22.47 143.21 305.67 563.78 938.41 1313.10 1724.18 2171.10 2223.97 2124.29 1767.02 1377.85 1008.65 816.15 572.91 352.60 190.11
122.22 86.11 64.61 54.81 55.54 51.94 35.17 41.31 141.97 311.97 617.51 1090.07 1661.23 2316.73 2980.81 3029.97 3028.56 2833.10 2176.13 1540.59 1196.15 788.80 485.63 272.03
169.94 123.45 102.82 99.39 115.44 121.70 94.26 93.47 285.83 631.59 1147.07 1833.77 2649.30 3547.27 4467.79 4548.01 4486.30 4242.03 3181.61 2130.37 1571.27 1001.14 621.96 373.87
249.94 196.35 169.71 174.43 209.84 228.09 186.17 171.83 508.90 1095.87 1869.52 2734.15 3662.74 4629.52 5627.02 5702.65 5453.75 5035.64 3763.45 2468.26 1740.03 1063.92 659.15 426.83
307.09 253.04 219.40 227.91 274.64 301.64 253.53 240.38 638.67 1309.25 2143.78 2952.03 3735.23 4530.63 5344.79 5392.69 5020.17 4545.38 3506.76 2388.13 1630.91 964.61 618.34 461.33
353.39 290.18 238.91 231.47 263.98 288.09 252.74 270.12 585.22 1097.19 1720.56 2256.93 2736.26 3242.52 3764.98 3810.34 3524.10 3269.40 2787.88 2136.06 1457.73 918.43 709.57 677.62
534.38 417.11 307.53 241.36 221.79 227.33 221.07 280.18 480.56 777.97 1120.71 1377.15 1577.52 1826.06 2105.88 2156.02 2079.06 2183.63 2239.22 2029.30 1447.90 1087.56 1043.66 1151.64
904.53 679.40 467.01 302.97 205.87 184.26 220.19 328.08 507.51 713.93 897.75 997.62 1011.94 1083.30 1208.26 1242.27 1329.83 1690.63 2030.38 2069.12 1569.91 1323.57 1370.33 1548.70
1204.20 883.50 590.79 352.32 200.48 161.40 248.64 441.69 684.64 890.73 1032.37 1075.66 992.27 982.16 1049.41 1065.58 1222.29 1652.81 1968.25 2048.54 1629.34 1361.39 1355.69 1475.02
1134.78 814.04 537.95 310.50 164.73 128.97 249.24 537.79 853.72 1064.12 1207.12 1241.70 1155.02 1178.13 1300.41 1315.95 1468.80 1832.09 1879.98 1842.76 1504.15 1155.25 1026.07 1018.63
773.94 541.62 358.54 205.71 106.22 85.61 193.21 497.57 843.41 1059.15 1216.36 1277.28 1268.64 1407.57 1663.04 1683.09 1764.91 1973.59 1681.40 1473.23 1211.94 852.54 661.04 571.71
428.64 291.73 195.70 113.86 58.91 52.55 118.46 338.30 652.92 884.69 1050.31 1153.57 1242.70 1489.67 1850.90 1872.87 1849.76 1861.77 1356.68 1040.81 855.56 591.47 437.92 347.13
261.83 169.78 109.91 64.42 38.79 42.56 74.88 192.60 442.91 688.38 843.51 973.97 1130.57 1422.58 1791.65 1826.43 1735.63 1586.89 1079.71 749.78 629.76 489.22 399.28 331.55
260.36 160.68 91.89 56.32 53.03 64.54 84.39 170.92 381.83 645.19 798.38 950.54 1154.55 1453.88 1778.97 1855.84 1754.07 1542.01 1187.74 839.71 710.95 599.08 508.19 425.83
346.65 219.08 125.00 95.26 119.17 137.76 157.51 320.83 563.43 887.97 1094.20 1300.73 1564.95 1874.32 2183.25 2358.00 2278.37 2093.34 1939.85 1396.31 1060.77 787.25 617.22 491.24
416.81 283.01 182.07 174.93 234.17 256.23 273.21 576.19 909.32 1344.00 1651.32 1941.83 2275.49 2599.80 2931.37 3251.74 3219.34 3091.99 3083.72 2155.63 1427.30 858.02 600.17 453.44
404.89 300.55 223.15 247.70 329.19 343.09 342.18 715.46 1096.76 1581.84 1944.67 2279.10 2636.67 2951.20 3291.16 3708.50 3742.04 3672.73 3739.59 2575.68 1573.05 832.67 567.28 434.40
370.31 294.44 245.25 270.32 330.36 329.14 302.71 605.23 920.38 1295.98 1592.67 1877.27 2181.02 2452.81 2766.05 3170.03 3293.64 3325.62 3493.58 2515.98 1573.12 955.20 786.71 664.66
462.34 362.89 313.04 278.34 271.34 267.02 227.27 415.94 627.51 804.72 959.82 1145.58 1372.93 1611.80 1919.05 2278.57 2525.98 2708.88 3031.96 2445.71 1700.31 1332.54 1285.98 1140.02
709.35 537.81 456.67 329.14 246.76 252.56 212.80 348.72 511.36 530.58 563.15 689.37 891.27 1143.82 1500.39 1843.33 2184.47 2458.60 2852.50 2538.05 1908.27 1679.15 1660.45 1455.91
884.41 668.12 563.50 387.42 277.46 284.23 249.81 364.65 499.66 446.14 427.60 583.10 826.27 1125.32 1537.49 1822.44 2131.80 2360.88 2649.49 2446.90 1880.46 1653.30 1555.36 1286.89
775.45 603.02 523.05 389.77 318.13 303.79 290.83 365.49 431.69 369.30 369.97 617.61 929.10 1269.34 1686.56 1821.79 1972.57 2079.43 2182.23 2008.25 1516.24 1269.22 1119.11 838.28
488.53 415.78 402.56 357.71 337.80 295.53 337.76 399.76 380.22 322.17 356.10 654.20 983.87 1319.79 1691.18 1676.30 1655.78 1645.54 1586.08 1394.20 993.29 771.10 674.04 462.49
249.01 261.97 317.83 334.60 330.50 278.76 396.15 545.33 482.38 395.26 420.95 663.50 921.17 1185.35 1492.12 1451.63 1374.58 1284.74 1085.70 855.11 558.43 378.02 350.25 238.83
122.86 181.27 279.72 314.96 300.71 262.38 423.46 724.54 674.54 533.50 522.54 670.18 821.35 971.72 1211.56 1253.09 1235.92 1107.44 787.49 526.45 331.71 183.00 161.63 113.51
68.85 138.85 242.12 273.59 248.63 229.10 369.84 751.62 749.35 598.41 575.26 668.91 750.79 810.31 983.93 1093.08 1141.44 1000.65 628.30 374.60 258.40 140.43 87.42 55.52
48.86 106.89 182.35 205.07 180.04 174.67 257.23 580.12 643.75 575.27 588.97 677.66 752.44 807.84 945.28 1046.77 1087.90 921.51 557.64 334.23 245.49 153.09 75.27 41.88
47.31 86.64 128.69 147.35 137.31 146.77 173.78 385.26 534.16 603.69 681.83 801.28 932.59 1081.27 1239.42 1296.33 1273.11 1026.95 620.39 378.03 249.20 165.27 89.89 64.70
76.58 106.78 130.52 151.26 167.02 194.88 174.37 320.13 567.62 753.60 880.10 1040.65 1256.93 1528.24 1725.38 1748.92 1658.38 1301.49 766.49 443.31 252.27 176.44 139.88 145.33
168.25 199.36 212.75 232.30 273.76 316.88 238.50 352.13 675.61 901.50 1024.84 1189.13 1440.09 1759.92 1954.03 1969.10 1849.93 1432.46 809.95 434.93 235.36 196.35 232.16 288.94
325.18 358.78 359.97 369.48 426.91 473.44 319.42 383.26 730.58 917.89 990.69 1106.81 1306.81 1570.28 1727.92 1763.83 1665.99 1265.30 679.15 338.83 192.74 213.50 322.50 423.49
464.30 495.40 490.54 491.68 549.92 584.83 366.22 366.11 691.26 814.02 833.81 891.72 1011.69 1187.85 1328.76 1410.99 1357.99 999.79 506.43 244.80 155.49 219.50 355.97 450.67
470.77 488.28 488.00 490.44 534.07 548.83 327.44 288.89 551.38 627.82 626.26 655.80 732.05 863.75 1031.92 1169.73 1150.25 830.93 419.44 233.09 165.53 228.02 335.91 370.56
347.04 341.66 345.28 349.90 368.51 366.90 212.81 175.01 342.53 390.50 393.48 427.51 508.77 652.83 889.04 1081.16 1066.70 782.55 431.68 308.48 234.52 245.70 296.35 268.53
211.33 190.91 193.07 193.64 183.22 173.27 105.04 86.87 169.27 202.29 223.60 285.64 404.68 595.06 908.75 1134.22 1096.93 839.30 531.62 457.44 366.83 292.04 278.38 219.86
160.61 144.81 147.31 140.87 101.54 85.05 82.39 86.97 130.80 170.89 229.16 340.75 511.26 737.40 1070.55 1281.32 1232.06 1037.87 804.04 760.98 635.29 464.96 382.62 300.17
251.30 245.90 249.44 230.19 169.55 138.64 195.67 240.27 282.27 342.15 453.62 632.27 857.37 1088.86 1378.19 1567.83 1573.03 1526.61 1437.10 1406.81 1194.46 925.36 769.72 619.57
558.80 540.50 527.34 468.59 402.77 336.65 470.26 602.43 644.88 699.01 851.70 1097.37 1380.99 1625.03 1911.16 2174.68 2279.62 2371.01 2418.05 2393.63 2067.36 1722.91 1506.84 1202.02
1079.47 1005.85 938.52 797.76 728.83 601.94 806.16 1064.87 1093.81 1100.10 1262.99 1559.53 1907.36 2194.53 2559.07 2981.04 3124.13 3186.83 3240.50 3219.18 2839.80 2500.79 2265.93 1752.04
1531.11 1383.96 1245.18 1022.64 931.49 746.48 957.74 1295.66 1317.71 1290.31 1459.05 1798.54 2225.75 2532.65 2918.35 3407.88 3471.47 3364.08 3309.28 3271.03 2920.09 2635.49 2411.19 1794.35
1526.41 1357.59 1201.31 982.19 873.19 673.48 808.08 1102.60 1156.72 1179.02 1391.65 1798.70 2362.58 2607.80 2826.93 3193.06 3124.69 2868.51 2695.15 2596.24 2284.31 2002.69 1776.25 1273.66
1075.31 968.62 883.24 764.22 676.54 504.84 532.23 708.70 829.49 962.72 1250.90 1755.41 2523.20 2673.50 2644.39 2840.49 2690.31 2351.76 2049.58 1815.68 1497.89 1165.11 931.25 649.37
568.68 543.52 548.50 535.90 490.17 360.12 321.47 407.44 575.66 784.34 1110.04 1659.20 2551.98 2676.26 2552.31 2715.64 2600.81 2212.36 1739.81 1328.70 984.49 621.25 411.64 292.09
273.98 275.83 310.90 339.74 320.47 233.07 192.13 252.38 413.38 607.94 881.43 1343.22 2124.54 2296.42 2285.67 2539.63 2555.51 2177.68 1585.69 1083.55 756.98 412.77 260.05 214.88
195.00 167.22 173.11 193.72 179.85 129.69 127.28 228.43 380.90 517.47 688.90 1000.04 1532.64 1747.27 1899.84 2245.00 2369.29 2049.34 1441.63 973.28 709.16 406.53 318.95 309.30
270.69 189.90 148.51 155.20 130.89 97.54 157.67 399.44 638.75 755.20 863.56 1116.22 1505.31 1732.71 1970.74 2342.77 2438.00 2102.47 1448.36 993.03 775.24 514.62 474.42 485.91
435.98 303.18 225.34 231.64 181.14 135.83 273.50 741.95 1165.38 1326.36 1468.95 1830.20 2281.08 2533.14 2767.05 3077.95 2997.28 2533.86 1717.79 1118.65 885.40 663.79 633.25 640.61
576.84 411.12 321.28 339.30 258.70 179.66 368.77 991.26 1541.67 1764.50 2028.94 2594.55 3221.84 3548.51 3740.97 3935.28 3683.19 3139.98 2188.82 1316.55 970.49 760.71 706.89 672.87
581.22 420.03 343.41 381.38 291.57 170.42 343.29 902.94 1386.12 1624.00 2006.33 2708.54 3454.37 3881.24 4071.68 4206.26 3956.23 3512.15 2613.43 1535.14 1011.14 761.25 678.18 579.40
455.81 335.84 284.84 345.46 274.90 119.91 236.86 603.81 893.69 1080.51 1468.12 2122.89 2809.02 3270.82 3506.23 3664.46 3542.79 3294.79 2633.99 1651.22 1040.52 721.52 614.91 462.05
320.94 243.86 210.38 278.55 235.39 84.03 174.35 407.30 537.29 637.24 915.72 1378.45 1858.91 2251.40 2517.82 2692.73 2663.41 2583.37 2232.41 1625.26 1105.50 733.34 606.19 428.46
279.88 211.26 174.27 221.30 194.03 101.88 219.67 428.81 498.49 525.58 676.55 932.56 1199.87 1504.07 1789.24 1963.10 1950.52 1972.33 1839.77 1577.64 1209.28 821.93 693.86 509.55
338.49 243.88 188.87 201.36 179.89 172.11 338.05 571.19 659.10 661.02 731.69 838.56 970.47 1243.79 1573.43 1782.48 1763.88 1819.01 1712.73 1544.19 1254.29 887.61 788.95 604.36
402.60 281.46 215.32 205.94 192.93 243.53 432.10 686.13 818.41 832.65 861.63 868.50 922.38 1177.03 1525.09 1768.98 1749.53 1784.45 1591.80 1357.88 1092.54 785.03 725.43 558.27
364.14 250.42 195.10 184.09 185.01 246.47 408.52 647.69 791.14 819.10 824.03 774.57 777.56 961.78 1234.81 1442.96 1423.69 1421.32 1188.51 932.50 722.07 515.60 486.44 366.70
232.12 157.31 126.81 126.73 138.02 175.60 274.45 443.84 548.65 576.90 575.60 523.93 508.49 598.68 748.26 869.99 846.19 820.55 643.22 463.36 344.99 248.45 241.15 178.90
110.40 73.31 64.11 81.10 97.49 99.52 133.33 211.03 265.55 289.64 294.50 270.45 261.78 289.36 348.68 397.84 370.26 343.05 253.46 174.83 137.47 119.34 128.18 101.72
64.22 41.67 42.66 77.44 97.92 68.50 58.13 71.17 97.36 118.37 126.27 120.59 119.37 122.57 140.95 154.15 131.21 115.69 92.79 93.47 115.09 143.90 155.81 124.23
79.61 53.71 56.83 99.00 118.28 70.66 37.19 23.04 40.41 57.48 61.97 59.30 59.93 59.26 64.12 65.79 53.61 53.88 78.72 155.70 243.59 310.62 292.72 197.98
116.61 85.65 90.94 126.20 136.97 84.20 38.56 21.13 38.00 49.83 51.06 50.87 57.13 63.14 67.56 70.11 69.79 88.46 160.52 330.62 498.49 597.04 513.46 309.74
170.35 138.90 149.09 175.34 182.93 122.33 62.08 57.82 86.47 92.67 92.20 101.01 122.50 145.24 160.81 175.83 192.20 237.73 362.22 621.08 828.01 910.09 760.25 477.19
287.08 259.30 263.98 284.74 302.46 216.58 131.87 161.71 224.90 221.47 215.44 235.32 278.48 327.93 369.40 415.73 465.88 558.77 750.11 1082.77 1232.21 1190.71 991.14 712.65
513.42 503.68 474.91 476.73 500.70 375.62 262.70 338.96 458.44 439.93 423.51 448.71 509.31 588.09 670.17 774.74 888.19 1061.90 1357.36 1798.20 1816.34 1516.93 1235.43 999.36
832.82 858.94 775.17 731.16 729.93 558.57 422.24 508.16 688.19 662.18 641.07 664.76 731.16 834.26 969.24 1161.28 1367.33 1646.49 2077.11 2691.53 2563.12 1907.70 1474.66 1268.50
1154.10 1201.74 1075.48 980.20 919.03 690.35 531.53 545.12 757.59 739.76 724.83 746.54 813.74 939.24 1138.49 1439.89 1744.58 2102.53 2640.54 3433.59 3168.93 2178.78 1581.97 1420.97
1359.07 1375.03 1238.20 1120.21 995.67 711.89 530.35 427.77 615.21 606.00 598.40 622.33 695.15 842.41 1102.35 1501.45 1865.91 2213.09 2756.27 3620.85 3254.43 2116.43 1448.71 1373.98
1343.60 1285.92 1159.63 1053.90 900.13 608.50 425.02 257.23 373.25 363.96 361.83 391.57 469.11 617.85 889.76 1305.51 1646.27 1889.95 2304.38 3043.91 2667.62 1669.25 1087.18 1101.65
1076.34 963.57 863.52 790.91 654.54 423.59 271.04 125.94 171.81 164.21 171.20 205.01 271.24 384.26 594.87 917.01 1164.15 1288.04 1502.23 1956.42 1678.36 1028.03 653.08 728.95
708.34 593.78 531.96 496.79 400.20 252.24 137.38 52.01 61.94 64.72 83.96 116.78 154.03 213.88 342.23 547.08 732.19 812.94 861.45 1031.39 876.05 545.56 365.05 500.50
498.66 395.41 359.59 345.94 263.76 157.29 61.98 19.67 24.43 44.94 79.88 111.09 111.04 128.22 220.60 392.88 648.40 805.41 756.24 753.83 664.21 449.20 325.90 517.09
525.68 401.92 363.79 344.42 234.97 120.53 34.66 15.69 29.31 69.37 123.02 153.82 115.20 103.09 205.18 426.43 848.24 1151.24 1046.07 979.42 922.91 664.81 458.98 615.98
593.55 441.40 392.56 356.18 225.71 101.04 31.83 34.01 58.87 107.22 171.48 198.02 131.85 100.55 208.82 462.47 966.28 1345.97 1225.14 1173.70 1198.64 928.54 619.23 611.55
516.68 373.73 330.54 288.29 186.29 83.40 39.70 63.62 94.58 132.90 192.69 212.20 143.18 107.72 189.44 395.55 788.91 1093.66 1007.71 1026.35 1200.98 1040.71 706.20 508.43
355.27 260.83 230.76 187.29 134.61 69.67 46.45 80.12 107.15 128.94 179.34 198.76 151.70 128.58 172.55 299.08 503.80 670.19 647.54 760.54 1076.33 1019.81 697.90 400.06
256.34 226.40 189.76 128.71 100.25 65.64 46.16 68.40 82.79 95.14 141.77 173.28 167.37 174.41 213.14 316.77 414.08 496.24 534.42 743.85 1090.84 986.22 639.19 325.51
239.70 279.61 204.57 109.89 84.66 76.72 47.10 42.55 43.37 52.73 96.93 144.07 190.95 252.39 340.33 502.58 589.50 637.92 708.41 981.78 1209.19 950.62 569.94 269.06
232.06 341.27 214.75 90.01 72.19 94.66 53.57 23.05 16.26 23.10 57.75 108.84 197.99 324.69 490.24 729.94 822.77 822.54 868.67 1121.97 1159.13 810.23 466.19 204.47
186.25 333.16 186.89 58.27 53.04 95.29 53.86 15.13 8.81 13.41 34.53 74.39 172.31 340.56 555.25 801.94 864.85 803.75 789.79 945.51 857.18 557.90 317.68 130.76
117.98 241.64 130.80 33.32 33.14 69.52 41.81 21.24 28.23 37.99 55.11 83.60 165.47 347.90 566.65 729.14 739.49 665.16 621.10 673.59 545.58 346.35 198.59 82.30
77.62 142.60 90.61 37.53 29.62 41.66 33.90 60.02 113.01 154.40 197.59 240.15 308.72 495.20 701.19 746.15 705.85 663.86 614.84 591.13 438.72 301.66 200.20 112.75
126.83 139.76 126.85 99.03 67.93 45.73 55.01 159.37 320.65 449.28 576.31 687.00 754.66 905.87 1074.31 1023.61 940.52 910.43 787.15 674.01 493.38 413.47 360.32 271.19
321.94 290.67 284.32 249.11 174.92 101.15 115.50 308.63 621.57 883.44 1148.53 1382.19 1461.87 1524.49 1620.71 1522.97 1415.18 1344.13 1029.11 782.47 584.29 592.33 623.01 526.51
618.24 536.50 513.46 450.82 326.88 191.23 190.01 420.11 819.80 1167.57 1538.58 1876.20 1981.52 1982.88 2034.67 1959.61 1864.51 1737.15 1225.79 859.78 650.50 720.83 822.55 718.53
806.91 678.89 633.37 554.82 414.61 250.86 220.55 398.59 737.74 1040.69 1387.83 1715.57 1836.03 1857.05 1928.49 1924.32 1872.14 1731.13 1198.81 831.64 639.29 716.17 830.95 720.55
739.56 589.62 531.11 466.56 363.47 230.86 178.95 263.08 460.92 638.10 857.96 1073.32 1172.91 1236.53 1336.76 1383.06 1365.75 1264.49 905.96 667.72 539.38 612.15 701.64 595.65
536.16 391.94 334.96 297.57 248.55 165.95 108.44 127.48 225.04 309.74 415.79 520.28 581.47 654.62 749.01 797.50 789.02 741.73 594.97 525.19 472.35 538.69 587.51 491.11
395.90 272.99 228.26 204.92 185.72 124.55 66.69 68.72 150.31 224.25 298.67 365.80 406.87 467.66 535.03 563.48 545.80 526.57 505.02 575.89 583.90 611.28 602.99 489.99
374.44 272.03 242.15 210.51 201.01 133.67 67.09 76.94 192.37 305.11 409.81 515.17 564.04 625.16 667.68 665.09 616.98 585.40 601.29 769.08 824.47 783.87 708.42 547.64
395.39 309.03 291.94 238.34 242.10 168.49 89.15 106.40 246.36 384.80 518.09 707.63 772.23 865.42 897.79 839.85 737.18 663.96 673.38 870.92 944.36 851.09 729.87 542.79
365.93 300.08 293.97 224.43 244.20 183.36 116.60 149.55 287.57 412.36 528.20 798.78 866.65 1009.49 1046.58 914.51 754.36 634.23 608.15 746.37 797.87 707.08 596.14 449.32
289.96 243.29 245.43 179.73 197.61 170.11 167.69 273.31 438.10 551.58 609.50 888.02 968.99 1149.42 1178.96 976.61 772.04 610.77 505.28 517.83 527.92 484.97 437.37 380.00
260.26 211.39 216.20 165.23 155.96 171.73 271.65 525.10 784.34 933.91 925.59 1106.69 1234.25 1420.63 1397.81 1137.74 894.03 693.63 477.10 358.48 333.33 342.93 373.98 409.24
324.69 257.90 258.50 211.62 159.22 207.53 387.41 775.13 1126.25 1332.44 1284.10 1325.82 1480.08 1624.59 1528.29 1243.33 979.64 755.35 467.18 279.26 237.04 275.97 359.16 454.72
411.47 350.25 342.79 283.89 188.87 236.22 409.93 793.52 1131.57 1347.28 1302.59 1258.17 1369.86 1437.65 1311.90 1070.77 843.22 641.28 381.08 215.17 178.53 223.92 318.06 426.96
434.71 412.27 397.26 326.97 210.52 223.89 312.57 555.02 788.98 955.61 943.64 894.26 940.19 949.49 857.56 715.19 572.59 438.50 272.94 184.65 177.65 233.24 327.04 412.74
437.53 430.54 401.19 331.46 223.72 199.61 200.19 283.12 435.23 554.85 581.82 569.01 581.47 575.52 537.81 490.05 427.78 361.79 273.27 265.25 316.09 420.09 545.90 582.60
540.34 464.26 397.24 333.87 256.58 218.54 181.44 160.57 323.05 441.59 501.69 524.39 535.60 536.23 528.14 530.19 502.90 463.45 396.13 454.93 603.35 808.04 1007.68 959.99
758.66 530.52 402.85 346.91 308.86 282.24 253.24 177.15 400.19 537.46 613.48 656.80 683.15 689.46 669.71 670.12 632.51 578.61 508.45 635.72 922.32 1241.34 1505.11 1336.77
952.31 570.80 385.97 336.94 331.84 327.70 324.85 236.07 474.42 607.68 681.32 734.23 778.61 778.43 717.60 688.99 634.19 569.55 529.09 737.03 1145.64 1499.41 1726.93 1432.71
962.73 542.93 339.58 293.23 307.68 327.81 347.21 291.39 464.44 571.10 638.18 692.63 738.87 718.09 624.40 583.21 547.19 522.99 570.32 846.28 1247.21 1493.34 1567.26 1189.20
772.64 454.30 287.47 247.05 276.89 321.56 352.85 347.12 428.80 508.15 568.60 614.78 641.67 598.71 508.18 490.17 505.33 559.07 716.33 1007.41 1236.54 1291.16 1205.08 819.69
508.63 326.66 228.09 206.12 247.07 303.73 335.82 358.40 381.84 439.32 488.10 523.00 532.17 483.08 419.33 437.73 493.47 590.80 799.71 1045.57 1078.26 994.76 849.39 525.97
298.11 199.94 160.01 158.73 191.29 231.60 251.85 272.55 277.29 314.87 349.95 381.69 395.36 361.67 323.16 363.14 423.22 492.26 657.32 831.36 798.67 703.26 584.97 343.43
178.31 123.00 117.37 126.88 132.54 134.61 134.50 141.25 144.67 165.71 191.28 227.20 260.12 253.74 233.36 273.05 313.81 328.37 415.01 538.90 571.48 534.30 440.98 246.14
127.96 104.80 118.45 131.87 111.79 74.66 53.90 50.73 54.77 65.41 86.64 125.57 173.30 192.64 189.86 218.55 239.67 228.55 273.54 387.43 514.88 520.01 409.10 218.07
120.62 113.93 133.90 148.22 118.61 59.85 26.42 18.57 24.74 31.46 51.60 89.56 141.15 178.74 197.79 227.02 244.83 242.37 291.25 418.20 578.76 571.39 434.72 249.25
159.44 146.71 154.35 160.80 132.74 74.30 40.66 25.33 40.01 50.66 75.83 115.97 170.66 227.03 277.84 340.40 387.84 429.19 534.02 691.45 768.66 660.23 505.26 357.43
287.93 258.07 236.99 219.84 180.70 125.20 99.40 65.15 92.94 119.45 164.85 220.30 288.79 373.78 469.45 603.31 730.36 883.74 1147.98 1355.88 1201.81 852.39 638.84 536.81
501.12 451.88 399.51 350.26 276.16 207.81 190.37 129.31 166.60 222.03 303.56 382.76 465.41 573.06 708.07 921.64 1162.67 1504.81 2050.59 2290.25 1777.06 1076.05 743.72 662.08
657.68 585.14 515.10 449.19 343.45 261.86 250.32 176.58 220.94 310.30 427.07 519.16 592.66 685.36 817.75 1056.80 1370.94 1885.50 2706.44 2913.63 2082.07 1126.86 697.33 611.25
626.74 527.92 453.79 399.39 299.64 230.05 222.83 166.17 225.68 342.66 481.12 571.88 616.32 658.23 738.52 918.36 1198.42 1731.91 2599.05 2722.05 1843.56 947.51 535.21 438.43
455.59 344.09 271.74 240.40 177.84 139.03 135.65 111.38 189.75 319.55 467.19 556.14 580.06 576.59 597.54 685.59 859.66 1250.99 1881.19 1896.15 1239.08 665.39 373.67 271.78
268.88 175.10 115.67 99.84 73.28 59.61 58.34 58.12 139.93 256.54 391.00 473.29 493.81 480.03 481.84 522.10 610.47 834.59 1147.31 1044.80 647.36 417.24 268.36 171.10
139.53 80.04 43.40 33.69 26.27 23.85 21.01 30.40 96.53 171.45 260.74 318.34 338.65 343.93 374.39 428.63 484.50 604.72 707.90 525.41 291.47 268.06 219.55 134.50
83.37 47.37 28.72 20.68 20.54 22.12 13.67 23.37 71.24 99.33 134.16 159.25 175.81 209.69 288.57 379.84 422.67 478.27 487.73 309.62 185.20 238.69 224.80 144.25
83.75 52.99 41.75 36.06 40.18 44.17 26.74 26.75 61.07 64.95 67.90 72.57 85.76 143.94 259.15 375.15 406.75 420.72 407.27 307.80 285.01 356.31 314.68 199.62
123.66 86.71 77.21 84.95 97.57 100.50 72.03 44.00 57.76 65.71 67.65 70.50 84.05 159.93 290.16 419.54 463.39 489.66 518.11 538.11 589.53 648.14 522.12 308.44
197.80 149.02 141.15 187.90 215.36 204.19 165.99 91.26 65.68 93.04 115.00 131.86 151.55 243.94 380.96 527.05 614.18 711.35 835.67 991.29 1060.43 1048.23 785.72 433.83
285.19 220.82 215.92 322.08 362.72 321.48 281.34 165.20 89.66 131.91 178.05 216.65 247.18 350.63 488.02 640.10 760.75 926.81 1145.28 1419.34 1465.69 1319.78 917.18 480.78
330.06 250.56 245.93 390.33 433.40 369.60 338.38 218.43 116.41 155.40 210.60 261.91 297.86 391.18 506.48 626.26 727.47 892.34 1133.78 1462.29 1497.84 1239.11 793.91 403.06
292.47 210.00 202.60 331.49 366.06 310.84 290.82 202.44 121.16 144.86 187.83 231.22 259.23 322.31 396.55 458.35 503.00 604.32 788.46 1082.74 1135.07 879.07 538.61 284.74
212.36 143.06 136.77 219.47 239.93 208.88 190.92 133.43 97.35 111.46 136.61 162.23 177.59 212.12 251.10 269.81 272.13 314.10 419.67 618.05 672.58 511.22 351.70 232.43
170.27 116.51 112.33 153.29 159.78 142.23 121.09 75.59 75.67 96.45 119.44 139.28 153.82 178.52 203.81 216.65 220.88 253.38 304.63 388.64 403.12 327.11 310.55 273.45
210.61 163.70 147.63 146.82 135.87 117.65 105.60 71.68 98.12 144.41 191.74 231.03 269.41 312.27 350.98 398.64 453.82 527.90 529.25 475.69 422.88 378.81 409.94 397.00
340.63 296.62 248.74 188.89 139.65 106.61 120.66 116.61 177.54 267.39 361.38 440.80 528.39 619.80 697.68 810.06 947.13 1072.79 976.85 751.66 660.20 638.37 623.06 578.29
533.87 494.01 407.70 287.65 172.44 102.81 139.15 170.11 277.32 418.42 561.86 679.89 817.92 965.34 1083.73 1244.89 1430.36 1540.24 1297.04 946.04 913.56 954.17 838.23 723.21
685.94 646.54 537.27 397.91 222.31 106.37 141.91 183.80 323.86 496.22 666.57 801.48 959.73 1133.47 1259.33 1400.59 1537.26 1539.47 1185.76 846.99 930.68 1041.20 856.89 694.27
658.79 616.89 515.36 410.83 231.85 99.24 117.87 143.46 272.74 427.94 584.51 709.97 852.67 1010.65 1108.59 1176.42 1204.58 1099.16 759.50 534.19 661.23 777.31 616.42 476.72
447.38 411.83 344.03 292.93 171.92 70.17 74.21 80.91 163.16 261.31 368.64 467.31 581.26 703.89 769.65 777.22 733.01 604.67 377.71 263.83 337.06 398.20 306.78 226.84
208.17 188.17 157.37 141.13 88.66 35.76 34.05 33.29 68.87 110.87 166.85 244.34 345.71 447.26 502.12 492.04 434.21 335.91 221.21 171.68 176.63 179.12 125.56 81.62
68.34 62.15 55.41 49.71 35.98 17.03 13.45 10.59 20.85 32.49 61.05 135.27 242.92 345.45 407.98 404.36 352.62 276.72 227.02 211.91 187.03 155.39 91.52 43.29
26.34 30.05 37.50 27.31 23.98 19.37 12.09 5.53 7.67 8.81 27.80 100.08 203.48 302.74 371.45 379.62 339.65 279.90 274.53 293.63 277.21 234.09 141.67 64.48
36.99 50.40 69.37 47.42 41.15 38.05 23.92 13.69 18.29 15.32 26.07 81.58 153.68 227.29 289.70 313.57 306.58 285.34 339.69 406.92 414.39 363.49 245.31 129.59
83.45 101.93 127.74 92.86 76.45 63.50 42.13 37.76 61.60 58.24 57.02 84.33 115.57 157.58 211.26 262.71 316.43 357.85 488.61 607.59 623.19 542.91 392.02 236.27
161.60 170.94 194.33 149.22 117.57 84.91 58.30 77.68 152.45 166.24 155.08 149.99 148.35 172.40 227.83 320.94 446.38 547.97 734.74 884.22 879.78 753.57 549.75 355.58
248.88 234.02 247.89 198.33 154.97 102.50 72.01 132.18 300.21 364.84 359.63 331.45 312.50 335.19 407.95 552.76 741.44 882.26 1075.91 1222.81 1167.22 991.80 721.62 492.41
356.26 307.94 307.40 261.18 215.48 147.06 112.45 233.52 547.18 689.86 729.10 726.70 733.33 786.72 914.59 1150.47 1423.63 1612.92 1786.63 1867.09 1667.28 1397.89 1053.30 798.74
620.96 518.99 485.81 432.57 375.95 277.82 238.06 449.22 962.48 1198.19 1343.84 1452.23 1553.60 1691.13 1940.08 2361.29 2809.65 3108.48 3265.74 3150.30 2640.55 2186.39 1742.62 1461.81
1193.96 987.60 877.31 771.89 667.98 510.93 466.52 773.62 1471.68 1814.17 2112.58 2376.27 2598.04 2839.47 3236.42 3901.60 4595.67 5043.07 5182.21 4795.45 3897.63 3214.41 2643.47 2304.98
1895.11 1545.30 1318.89 1124.52 951.07 730.79 686.27 1033.28 1773.65 2206.42 2616.63 2961.95 3228.19 3506.88 3967.56 4767.01 5607.78 6125.97 6236.02 5722.98 4600.68 3770.11 3106.40 2698.54
2182.77 1747.61 1438.79 1191.61 987.54 754.77 719.99 1014.31 1608.90 2061.01 2460.62 2746.03 2937.68 3144.59 3514.28 4202.98 4941.20 5371.99 5457.43 5082.40 4071.89 3281.72 2647.91 2242.92
1768.29 1393.62 1112.78 899.77 733.95 558.74 540.14 718.60 1073.20 1454.64 1744.44 1899.12 1974.24 2063.05 2250.59 2657.98 3112.28 3367.25 3453.71 3333.86 2685.95 2103.50 1623.55 1323.65
1027.33 827.42 678.93 550.93 445.53 348.49 328.18 382.83 525.68 784.13 950.14 1012.67 1027.21 1043.74 1091.87 1258.36 1469.02 1609.04 1740.54 1789.67 1470.55 1107.91 796.52 621.93
518.92 516.10 547.91 492.40 408.12 348.86 274.25 216.40 213.55 365.89 452.84 492.55 515.04 523.17 535.17 626.78 783.09 972.31 1223.96 1296.93 1049.00 768.39 531.81 412.94
426.34 584.24 794.61 780.21 672.47 597.11 403.35 238.70 126.80 225.73 287.54 346.78 404.68 432.15 482.49 644.34 933.15 1352.60 1794.03 1754.23 1284.90 931.49 679.62 553.82
607.56 851.29 1172.31 1176.79 1034.74 915.08 592.72 359.52 158.72 222.70 284.48 373.75 464.57 515.41 632.12 916.76 1406.43 2120.39 2710.18 2453.84 1625.77 1153.23 896.53 791.77
865.53 1109.07 1424.62 1426.15 1243.11 1078.54 726.74 522.64 261.92 261.34 307.13 411.64 522.91 594.36 761.25 1108.80 1682.42 2505.19 3052.28 2609.11 1593.55 1098.23 924.80 926.76
1038.67 1240.36 1476.86 1459.40 1225.74 1038.07 795.25 717.40 434.66 345.94 343.34 434.85 549.70 630.36 801.71 1098.85 1551.81 2174.36 2486.73 2016.33 1156.13 773.69 726.07 845.18
982.82 1138.62 1292.92 1266.43 1033.07 869.39 782.57 844.83 595.64 447.99 389.87 443.73 537.46 606.45 742.47 930.02 1171.61 1474.07 1547.57 1189.05 655.78 420.19 435.09 571.80
681.74 785.31 874.88 861.15 714.38 617.06 626.07 753.71 594.23 454.34 373.45 386.10 439.28 480.08 565.36 660.19 749.03 843.79 822.53 615.68 346.66 203.88 203.97 275.99
328.36 379.17 420.82 422.82 376.25 342.31 371.31 476.24 410.17 323.68 261.60 253.54 273.17 290.69 333.96 376.82 402.17 424.71 413.59 323.83 203.95 110.96 85.59 99.23
109.72 125.68 139.92 146.57 149.01 147.16 163.50 209.47 192.28 156.47 126.77 119.13 126.33 138.97 162.06 182.69 190.40 194.51 203.84 173.46 127.79 75.58 54.47 48.58
39.70 40.72 46.07 51.93 66.28 74.64 76.18 69.99 60.78 50.95 42.10 40.32 47.60 68.11 84.98 96.20 96.72 92.03 111.27 108.68 94.96 84.90 100.05 93.39
63.44 60.06 70.68 74.96 88.70 94.17 79.94 33.05 12.97 11.54 11.11 14.01 29.27 66.36 70.59 71.84 67.94 62.07 105.79 135.40 132.46 168.08 246.29 231.96
153.47 153.15 183.24 177.60 171.97 152.59 115.41 37.11 1.90 2.76 6.97 16.43 54.35 125.84 94.71 73.63 67.39 70.22 160.40 235.94 237.27 312.37 453.09 413.30
265.75 276.91 333.89 304.10 254.30 188.88 128.84 41.78 0.20 2.27 11.18 29.86 102.79 225.50 145.62 87.10 72.86 86.81 220.03 337.36 342.57 418.09 562.04 492.89
308.95 331.04 400.08 348.31 260.85 163.07 98.56 32.67 0.06 2.86 14.68 39.56 136.68 294.87 195.21 106.09 76.03 97.39 247.89 381.56 386.94 407.78 473.81 393.15
241.09 260.51 312.90 263.50 181.96 97.07 51.21 17.95 0.38 3.15 14.34 38.64 131.79 283.74 220.70 132.74 87.64 112.90 261.85 382.95 379.74 329.33 297.25 223.10
134.21 138.87 160.92 131.85 87.66 42.98 21.83 12.16 1.82 3.93 12.62 33.31 106.71 230.05 228.88 167.64 114.38 137.26 276.92 373.35 358.54 265.94 179.97 116.34
69.54 58.98 58.52 46.98 36.82 24.53 18.02 21.64 5.65 6.54 12.38 29.99 86.79 187.97 228.23 197.70 144.36 157.21 275.77 356.10 334.84 232.68 137.82 82.54
49.67 30.93 22.25 20.41 29.98 33.41 30.06 41.07 11.77 12.02 15.80 31.31 78.62 168.16 224.72 221.80 179.01 190.98 276.35 351.98 318.53 217.82 129.02 78.90
46.06 24.83 18.45 24.65 43.79 54.78 46.66 55.09 18.57 22.58 29.56 47.90 90.98 174.42 244.02 272.05 250.89 297.38 356.49 438.26 363.62 245.02 150.61 96.29
52.56 25.95 24.87 39.80 61.74 81.36 62.34 54.84 30.06 44.66 63.64 95.42 141.66 225.68 314.41 373.89 371.51 474.67 526.09 628.89 488.63 318.53 199.05 130.99
69.52 31.46 31.64 52.45 74.09 106.83 75.42 51.02 58.75 87.06 120.86 174.90 235.98 329.62 431.81 504.62 498.25 608.22 640.56 754.26 576.69 366.19 225.51 148.80
81.52 37.67 34.64 56.29 75.92 116.59 79.64 55.80 104.74 143.80 186.69 268.04 361.98 476.18 576.36 638.57 611.72 631.36 590.61 666.27 518.72 335.49 200.54 126.58
74.09 40.50 35.06 55.27 69.86 102.11 69.89 62.43 135.88 180.02 232.91 356.86 510.47 653.32 735.77 772.19 727.76 613.26 459.21 456.17 373.92 268.10 156.61 86.37
52.58 36.31 31.91 50.04 57.83 72.60 51.10 56.07 120.65 163.71 237.40 420.56 644.12 800.15 845.08 838.62 774.88 580.44 353.41 280.61 245.17 205.88 120.36 55.23
31.98 25.91 23.44 37.30 40.08 43.31 32.77 37.91 75.98 111.83 200.99 417.24 665.85 794.93 799.21 751.25 669.68 492.66 295.43 191.60 164.96 150.16 89.88 39.92
24.65 20.36 18.46 27.24 28.63 29.57 27.39 30.58 57.44 86.06 163.12 348.04 547.03 622.95 620.69 575.23 505.61 408.08 317.25 214.86 169.14 139.57 91.92 55.84
49.11 41.83 38.54 46.58 49.96 53.67 60.25 72.76 139.73 181.98 225.42 334.25 442.85 471.78 494.45 494.09 468.92 453.20 475.10 396.65 321.25 246.50 181.12 136.38
134.15 115.48 107.13 122.71 130.93 139.25 161.72 204.73 399.68 503.63 509.46 534.33 551.28 547.40 591.11 639.15 660.80 685.76 766.64 714.47 604.08 467.79 358.42 280.89
272.83 228.74 210.94 240.63 255.78 264.39 306.82 394.99 777.44 982.59 958.74 915.51 859.02 830.08 876.61 953.40 997.81 1000.26 1050.29 988.38 842.00 661.34 514.43 403.42
376.48 301.56 274.90 315.33 336.45 334.08 382.46 495.73 986.07 1270.90 1244.91 1180.92 1099.00 1062.81 1101.85 1185.30 1227.53 1169.86 1138.79 1037.14 872.71 688.82 536.97 413.91
363.60 274.75 246.42 282.23 301.52 283.06 315.05 408.87 838.80 1156.79 1178.93 1165.32 1127.76 1118.68 1152.16 1233.59 1272.08 1163.14 1084.96 956.97 788.06 615.99 477.20 353.95
283.84 205.49 181.54 195.66 199.85 172.61 181.40 234.69 533.22 886.97 998.29 1079.25 1125.27 1170.19 1210.25 1303.62 1356.60 1205.08 1115.03 970.10 774.18 592.19 458.66 326.59
236.01 177.40 158.27 144.35 125.95 96.10 88.61 114.04 323.27 708.68 892.60 1041.39 1145.46 1238.66 1295.62 1413.88 1493.07 1310.48 1200.90 1030.86 791.68 590.33 459.65 322.25
217.50 179.45 165.67 132.33 99.13 68.23 51.99 66.50 219.18 554.28 737.33 879.24 980.33 1084.84 1151.26 1275.33 1367.70 1214.46 1107.32 937.11 694.25 497.60 381.90 265.91
171.85 157.03 153.17 118.82 86.56 58.27 39.72 48.30 144.46 355.04 476.38 561.29 622.87 702.82 760.35 856.13 937.96 893.49 865.22 739.76 538.94 360.05 255.00 171.46
105.75 109.19 118.93 99.31 76.03 52.56 35.62 36.00 89.75 203.07 266.05 300.49 331.18 382.97 428.29 490.50 557.93 660.06 773.63 690.99 512.34 319.03 189.82 112.44
65.00 71.80 91.72 90.88 76.27 57.89 41.90 33.12 81.28 190.95 240.44 252.60 273.51 315.63 364.13 423.00 494.80 717.47 964.57 871.91 656.52 408.72 222.52 115.43
67.57 64.34 83.92 97.63 92.58 81.53 63.12 47.37 129.92 323.61 402.89 406.46 419.94 463.17 529.48 625.13 721.71 976.15 1271.74 1116.78 834.78 535.78 301.86 156.71
104.72 86.93 94.44 116.05 121.87 118.20 92.81 71.98 206.17 513.94 639.02 634.29 630.69 671.67 755.94 905.60 1027.46 1202.74 1428.04 1198.42 871.98 570.65 345.88 194.98
149.36 120.97 110.36 131.19 142.98 141.65 108.37 84.51 239.26 589.95 733.49 723.25 704.65 737.35 822.28 992.06 1109.36 1160.27 1254.57 1001.31 698.84 457.72 302.18 190.02
159.71 129.74 106.21 119.12 129.73 127.81 95.96 74.07 189.46 455.94 567.32 559.09 540.96 563.33 625.80 755.10 833.93 817.03 832.25 645.98 441.38 292.27 211.91 146.46
125.11 99.87 75.80 81.44 90.71 92.54 76.86 61.55 107.31 231.03 288.06 285.77 278.59 292.85 325.50 390.36 429.48 427.38 460.97 392.45 305.30 228.51 177.63 122.86
88.96 63.42 44.11 46.71 59.24 69.66 75.41 66.05 57.35 76.43 95.94 98.48 101.03 110.78 123.99 147.59 171.15 216.75 315.09 346.87 349.94 308.20 242.07 155.79
87.01 49.36 30.44 30.42 47.30 64.56 80.96 72.97 41.59 17.23 22.60 27.76 34.58 41.48 47.64 61.84 90.65 166.66 294.31 373.21 436.70 416.24 329.39 203.75
99.12 47.38 27.50 24.45 45.26 66.44 76.17 63.86 34.81 3.59 6.09 11.38 18.13 22.46 29.47 55.97 102.31 178.44 257.45 319.43 409.91 410.57 329.11 199.68
89.44 37.81 22.73 19.85 47.20 74.29 68.26 46.67 28.95 1.93 4.07 7.26 11.39 14.11 26.63 75.36 145.04 208.05 196.62 199.18 276.30 285.07 229.05 138.01
58.70 22.88 16.34 16.23 49.01 81.34 64.31 33.39 24.01 2.45 4.07 4.87 6.01 8.17 24.63 85.22 164.95 214.27 143.95 101.25 148.46 148.15 113.13 69.07
30.76 13.41 12.83 14.04 43.15 72.33 56.02 22.48 16.92 2.83 3.73 3.73 3.45 5.39 19.26 67.51 128.96 161.94 94.06 58.71 91.98 76.52 45.53 28.07
15.82 9.74 11.00 11.40 29.27 48.09 39.81 12.33 8.57 2.22 2.65 4.23 5.53 8.31 16.72 39.87 67.61 83.41 47.93 57.28 99.14 69.97 27.60 13.81
9.19 6.95 7.88 7.35 14.89 23.72 22.36 5.86 2.92 1.13 1.43 7.91 16.05 23.20 29.66 31.85 28.85 31.17 19.81 74.61 134.77 96.48 37.19 14.53
7.02 4.48 4.33 3.42 5.59 8.69 10.43 4.18 0.68 0.37 0.76 15.09 37.50 54.25 62.85 50.42 21.54 13.02 9.63 88.54 163.38 124.90 55.40 21.98
8.75 4.47 2.77 1.20 1.50 2.36 5.38 5.41 0.15 0.08 0.53 21.08 60.43 88.28 98.78 75.89 27.43 11.21 7.72 86.75 167.81 139.07 70.04 29.76
12.48 6.68 3.24 0.51 0.28 0.52 3.95 6.35 0.08 0.01 0.37 20.10 65.85 97.45 106.36 80.75 29.32 13.14 7.39 71.25 147.84 132.54 72.17 31.13
13.93 8.01 3.76 0.40 0.04 0.13 2.85 5.15 0.06 0.01 0.22 13.31 49.42 74.41 79.59 60.04 23.06 13.16 6.07 48.38 107.71 102.01 57.19 23.42
10.78 6.45 3.05 0.34 0.04 0.10 1.60 3.07 0.11 0.07 0.47 7.80 30.45 47.36 49.64 36.63 15.27 10.29 4.23 27.20 64.37 61.73 34.31 13.19
6.38 4.00 2.05 0.54 0.36 0.48 1.46 2.64 0.63 0.53 2.88 11.51 31.46 48.03 48.92 33.16 14.38 9.74 4.91 21.30 45.94 40.87 22.75 10.99
6.87 4.89 3.43 2.51 2.15 2.50 4.59 6.56 3.14 2.56 13.20 37.81 72.12 97.18 96.39 64.24 32.31 22.59 12.84 44.96 76.18 63.77 38.82 25.05
17.74 13.79 12.13 11.46 9.46 9.21 14.85 19.16 10.48 8.06 40.39 109.03 183.39 227.39 223.93 158.43 91.15 61.66 32.13 104.07 159.67 135.80 87.48 57.77
41.20 35.01 37.31 39.75 30.61 23.70 34.14 42.02 23.60 16.80 83.86 232.75 386.99 472.55 471.78 352.65 207.11 129.61 64.30 179.29 256.13 221.54 148.65 98.57
72.04 68.74 87.05 100.00 72.07 43.25 54.63 65.06 36.55 24.12 124.56 376.39 653.63 820.73 843.39 656.76 373.25 220.47 115.31 237.33 298.16 257.38 184.66 131.82
102.13 106.59 148.11 175.51 119.94 56.71 61.82 71.72 40.49 27.05 146.77 490.19 902.81 1187.83 1265.91 1025.48 578.57 351.33 201.24 274.53 275.27 233.32 195.24 168.43
138.31 138.97 181.58 210.32 138.10 54.56 51.59 58.76 36.00 32.02 158.84 542.28 1040.11 1443.76 1599.39 1359.14 816.15 548.47 322.37 308.40 249.01 221.76 236.78 247.53
208.06 177.75 174.37 178.51 114.70 45.17 39.81 45.14 36.92 49.66 176.09 537.67 1048.79 1554.74 1781.86 1588.12 1047.15 758.17 429.84 327.37 255.52 267.88 327.23 359.35
308.51 239.35 165.97 135.09 93.09 56.32 55.05 63.43 61.15 84.88 203.41 521.15 1020.60 1611.51 1865.24 1685.16 1164.62 839.78 452.09 306.95 266.41 313.45 378.32 402.30
358.14 286.13 180.96 141.20 121.38 112.13 118.52 137.47 116.06 136.37 249.86 555.20 1045.79 1646.70 1855.37 1603.99 1080.73 735.26 380.80 266.71 268.44 301.67 319.16 314.00
290.73 259.25 191.01 182.56 185.50 192.94 206.98 239.05 178.98 189.90 324.09 677.76 1165.38 1673.80 1799.94 1427.38 898.58 574.46 293.84 249.29 283.31 262.61 208.68 174.69
163.03 171.37 164.32 193.98 214.47 228.75 245.22 281.14 198.14 207.13 382.35 808.93 1302.28 1697.04 1769.24 1307.63 785.18 493.58 254.20 249.07 289.47 224.99 130.27 86.31
72.32 88.43 109.52 147.42 169.71 181.22 193.55 219.63 153.05 165.65 356.13 786.11 1242.51 1547.57 1600.01 1158.72 710.29 481.46 266.86 252.04 262.29 184.07 100.23 66.58
50.62 56.78 70.34 91.41 102.13 105.15 112.93 124.50 97.41 108.38 261.60 589.35 921.52 1127.19 1160.64 856.74 595.68 526.66 362.75 315.40 265.17 171.84 117.22 98.22
86.93 88.28 84.30 86.40 81.78 74.53 83.82 85.12 97.37 99.63 191.32 383.71 561.70 663.68 684.30 559.10 525.63 686.17 574.09 470.98 343.93 212.07 170.35 157.58
153.19 157.53 139.16 129.80 112.45 96.22 113.25 109.53 151.80 145.12 192.87 296.78 372.15 407.13 436.35 443.57 554.85 879.23 787.51 604.50 412.75 249.24 205.58 192.96
196.22 201.12 174.11 160.89 139.75 123.04 150.16 147.20 199.23 195.00 230.82 299.87 337.06 353.80 400.53 459.28 585.01 904.39 823.06 595.36 390.47 239.33 192.28 179.97
200.17 190.47 153.26 139.08 124.54 120.15 159.64 167.58 207.53 239.62 294.59 353.47 390.43 425.48 486.73 534.62 583.46 758.29 696.17 508.67 347.01 240.32 186.83 175.13
234.72 185.06 116.27 92.81 84.68 96.71 152.79 183.53 217.54 345.94 446.38 507.23 560.45 622.75 686.34 686.14 622.22 617.65 563.51 463.52 365.13 298.85 231.87 219.04
333.29 228.50 107.13 63.48 53.01 73.37 142.58 198.75 255.23 520.69 660.04 726.39 793.43 851.90 883.27 809.72 642.83 513.01 453.11 422.50 374.98 333.79 261.11 247.71
389.56 256.41 106.70 50.48 35.77 55.22 122.88 193.10 277.09 626.19 748.43 805.37 869.28 886.95 858.68 721.55 514.86 356.42 305.56 304.60 284.86 261.27 205.33 195.19
308.74 201.99 82.79 37.39 25.94 42.08 95.48 164.76 246.47 549.53 601.79 629.83 676.88 660.81 597.35 453.93 290.09 176.95 153.59 156.84 145.62 135.27 106.51 101.93
161.13 107.76 48.75 27.18 24.47 37.80 73.72 132.09 184.96 356.91 348.13 348.80 380.13 365.71 314.41 216.01 126.57 68.57 66.94 66.00 55.15 52.89 41.74 41.45
63.48 50.22 36.21 33.71 39.33 45.68 63.89 104.28 126.51 183.76 165.10 169.51 206.07 216.53 197.18 148.09 103.06 63.89 62.44 53.06 40.81 41.17 32.93 32.82
41.18 47.18 53.59 61.96 75.23 65.48 64.58 82.70 85.34 86.67 100.68 157.61 241.52 291.66 303.41 286.64 239.30 167.22 138.72 112.09 93.99 88.48 70.72 62.15
62.83 75.11 86.02 101.10 124.18 96.46 81.68 82.41 79.02 55.42 109.52 249.62 414.05 516.34 561.50 580.98 511.91 368.49 284.14 233.03 205.59 181.30 141.03 111.40
96.83 105.23 110.51 129.95 165.64 137.42 130.65 131.68 135.77 73.16 130.12 325.12 541.19 677.99 753.21 835.96 781.39 590.90 447.27 383.05 354.31 293.32 216.60 155.28
119.06 118.84 116.58 138.12 183.50 175.95 201.74 221.82 241.70 119.85 133.90 323.00 513.59 632.62 708.22 850.02 869.15 721.75 571.71 533.80 520.40 399.15 278.00 181.13
125.46 121.42 117.36 135.61 174.44 182.31 236.23 274.57 305.61 153.34 136.60 306.30 437.03 502.29 532.19 657.38 744.01 696.69 618.18 649.68 662.79 477.14 325.88 204.99
139.22 136.80 132.62 135.95 146.37 144.26 195.84 232.44 257.58 137.95 150.12 342.86 456.06 480.80 438.58 454.71 531.05 543.14 552.59 642.03 674.24 475.49 337.87 227.59
168.99 169.04 160.77 142.50 121.01 99.61 132.67 151.52 152.94 91.22 162.19 403.02 544.59 559.21 460.01 351.04 370.19 377.37 406.14 477.40 503.85 365.99 282.36 214.60
178.59 181.18 170.67 143.62 114.76 93.78 124.29 124.74 94.05 62.63 164.15 410.85 562.36 576.22 469.25 315.43 314.79 307.52 283.21 274.87 274.87 221.39 191.16 160.45
143.56 147.04 142.75 129.75 123.48 128.03 177.28 167.70 114.62 76.92 158.96 340.50 451.51 461.40 397.62 300.33 347.91 350.96 258.84 171.35 138.06 137.70 132.55 111.27
97.35 97.23 102.36 110.66 131.13 161.81 225.89 218.39 173.56 114.29 146.76 239.75 298.23 309.44 304.84 301.06 427.80 455.01 320.21 180.40 111.72 122.97 119.37 94.06
74.18 66.91 74.73 91.55 118.24 153.29 209.65 213.28 201.97 131.22 119.55 156.47 190.36 211.70 241.51 292.55 468.85 516.58 382.91 218.82 122.60 120.84 110.10 85.36
63.08 50.12 53.45 65.59 82.06 105.43 142.47 156.75 170.38 111.45 88.73 113.64 158.18 198.70 222.76 251.41 401.80 452.63 375.45 219.26 115.34 97.98 81.89 63.22
45.87 33.58 33.79 41.12 47.93 62.02 91.26 116.38 129.25 98.68 111.06 164.64 269.79 360.41 345.08 255.18 294.72 314.51 327.34 202.67 104.70 78.57 59.16 43.25
34.30 29.38 35.76 50.19 54.59 69.80 115.15 163.56 161.46 162.22 274.18 404.68 641.17 833.44 752.01 436.16 292.12 235.04 319.22 235.18 153.34 122.05 93.71 70.68
74.43 85.20 113.08 154.79 159.73 177.92 252.36 333.95 309.74 334.89 637.60 905.69 1312.45 1616.18 1437.68 829.77 456.33 285.97 386.26 355.03 313.84 285.26 248.49 216.85
255.43 303.19 369.46 451.91 449.80 450.98 531.81 628.12 562.00 586.65 1143.32 1602.76 2125.30 2454.00 2128.00 1272.66 701.15 434.58 508.83 546.04 568.36 566.07 552.21 536.55
656.11 776.52 883.19 977.50 937.49 879.10 912.29 983.61 849.82 832.45 1582.31 2207.68 2711.59 2943.43 2425.81 1465.78 829.19 559.04 615.07 713.90 789.92 837.47 887.70 919.97
1146.43 1354.26 1477.92 1515.12 1389.84 1235.79 1181.68 1207.68 1012.35 935.01 1692.64 2328.75 2688.65 2793.82 2152.17 1259.94 716.13 539.05 603.95 721.89 812.57 898.86 1000.92 1072.91
1352.22 1598.80 1709.22 1663.69 1456.41 1233.55 1114.84 1120.29 907.22 798.39 1380.23 1843.72 2026.00 2072.78 1511.32 841.84 476.21 402.48 466.70 550.49 620.00 703.52 795.37 862.37
1094.37 1298.38 1382.79 1311.49 1106.25 906.10 796.10 825.11 627.25 518.53 858.34 1093.07 1154.29 1198.30 882.44 510.18 313.17 283.84 315.82 348.60 394.37 456.83 503.30 533.32
666.01 789.11 848.04 806.01 681.65 581.34 545.37 612.30 420.95 298.16 443.86 536.09 558.54 599.83 511.41 378.53 280.72 239.74 230.78 251.84 316.22 390.96 406.85 391.28
434.06 490.93 523.12 504.10 474.92 500.52 577.90 669.38 441.47 242.05 269.32 343.37 386.29 402.80 405.15 390.59 333.97 257.25 208.94 267.61 402.25 530.18 539.15 479.54
454.12 468.07 470.69 445.31 485.84 623.95 824.40 934.20 636.17 317.19 282.91 411.92 500.95 483.33 474.00 529.65 527.67 399.02 269.87 346.58 541.03 702.74 711.74 627.58
545.57 520.57 491.31 448.26 513.50 697.69 958.90 1078.24 766.68 411.54 383.96 575.05 714.11 698.58 688.73 864.71 954.73 735.11 452.49 463.60 638.76 759.35 762.46 687.16
557.80 485.26 421.59 364.94 407.57 546.21 756.93 857.85 653.85 427.81 480.88 708.80 894.19 945.73 1000.76 1310.96 1440.66 1104.14 677.48 580.97 667.06 695.49 685.96 637.98
486.42 376.10 286.99 222.85 226.29 284.30 390.63 452.08 394.67 351.23 488.49 719.04 934.57 1077.49 1210.31 1539.78 1584.22 1184.99 747.10 593.75 587.19 543.65 522.48 495.68
365.20 257.10 171.02 110.03 91.49 100.30 132.21 158.82 177.63 224.47 373.56 574.09 794.66 1005.60 1181.95 1397.32 1292.76 927.49 599.92 459.70 401.51 343.87 318.62 298.42
218.16 148.55 92.31 48.64 29.78 26.24 30.51 38.60 63.30 108.39 211.86 374.92 592.49 852.13 1058.95 1137.86 913.18 619.09 407.45 295.65 214.22 177.15 154.14 132.00
95.72 66.47 41.72 19.57 8.70 6.03 5.40 7.18 19.16 41.15 97.90 237.48 454.42 742.77 974.96 971.97 695.18 455.27 314.52 215.47 111.60 88.66 69.52 46.92
32.53 24.40 15.57 6.91 2.48 1.37 1.05 1.53 5.87 15.59 46.17 169.00 376.42 649.32 875.50 842.92 590.52 399.95 308.86 218.85 92.18 61.15 42.93 24.59
16.88 13.74 7.39 2.88 1.23 0.56 1.09 1.69 3.16 10.44 33.33 141.32 329.97 548.96 739.00 710.45 539.14 409.97 354.60 273.29 135.89 79.80 52.71 35.11
26.18 19.25 9.29 4.25 2.70 1.58 3.92 6.23 7.24 17.91 51.81 156.25 324.87 480.31 627.25 609.27 538.49 491.07 455.04 374.78 241.76 149.38 98.73 69.32
51.96 35.41 19.41 11.80 7.92 4.95 11.27 20.42 25.73 42.37 97.34 205.54 354.58 456.75 564.42 533.13 547.60 608.44 589.75 502.46 378.31 246.74 165.11 115.89
86.04 59.30 37.95 26.55 17.60 11.02 24.15 51.03 71.08 89.71 149.44 244.63 376.97 448.61 520.36 457.44 512.15 668.96 665.26 563.69 446.99 297.62 199.19 139.76
104.43 76.22 55.38 41.63 27.17 17.46 39.96 95.28 138.94 149.08 186.12 244.89 373.12 444.48 483.07 390.39 424.53 596.31 587.84 474.09 374.34 248.96 164.31 115.51
88.43 69.55 56.00 44.25 28.53 20.41 52.71 132.84 192.13 183.42 195.85 226.35 368.56 462.10 474.76 354.24 326.11 424.93 393.16 284.65 218.00 143.44 92.32 64.87
51.44 43.81 38.50 31.88 20.53 18.82 57.36 142.74 196.54 166.60 171.37 204.27 364.51 478.11 472.52 329.03 247.23 259.01 210.42 124.67 93.72 62.59 39.23 26.23
20.67 19.11 18.83 18.09 12.80 17.47 58.24 132.57 169.60 126.27 126.77 182.25 365.37 489.45 459.65 292.60 190.05 157.57 117.18 60.80 52.88 40.19 25.25 12.59
6.91 7.15 11.32 20.01 19.02 26.30 69.57 132.85 158.30 111.54 97.70 183.93 430.43 580.16 507.16 285.18 168.11 122.27 113.23 86.64 84.04 64.17 40.29 16.89
6.19 6.62 19.37 48.03 49.86 54.51 101.25 162.94 186.10 136.02 98.64 204.18 538.68 727.73 607.77 315.24 177.38 128.44 169.78 173.29 155.99 107.48 66.60 30.82
13.80 12.18 36.73 94.24 98.54 96.10 143.53 210.52 235.69 174.87 111.48 193.00 542.66 734.56 602.32 303.82 170.53 134.28 237.28 268.05 222.59 140.78 87.84 49.01
25.90 18.40 50.16 128.86 134.80 125.55 169.08 238.88 264.79 194.19 114.61 136.43 391.71 530.88 431.56 215.76 124.74 114.51 265.02 310.22 242.95 148.27 96.86 66.27
35.52 21.70 53.58 137.54 143.88 131.72 170.19 237.36 261.92 189.87 107.83 83.49 234.98 318.47 257.44 128.22 78.93 88.29 256.92 303.08 229.39 141.10 97.97 76.86
