0.00 0.00 0.00 0.00 0.00 0.00 0.00 22.82 181.77 366.38 516.31 597.06 608.90 546.21 408.57 224.05 47.36 0.00 0.00 0.00 0.00 0.00 0.00 0.00
0.00 0.00 0.00 0.00 0.00 0.00 0.00 23.33 186.39 373.30 524.12 605.54 616.96 551.98 414.84 228.50 48.88 0.00 0.00 0.00 0.00 0.00 0.00 0.00
0.00 0.00 0.00 0.00 0.00 0.00 0.00 23.98 192.15 381.83 534.05 617.24 627.82 560.29 423.34 234.66 51.56 0.00 0.00 0.00 0.00 0.00 0.00 0.00
0.00 0.00 0.00 0.00 0.00 0.00 0.00 24.56 197.01 389.37 543.85 630.17 640.38 571.85 434.08 242.55 55.74 0.00 0.00 0.00 0.00 0.00 0.00 0.00
0.00 0.00 0.00 0.00 0.00 0.00 0.00 25.25 202.18 398.67 556.87 646.59 658.11 589.91 450.54 254.48 61.98 0.00 0.00 0.00 0.00 0.00 0.00 0.00
0.00 0.00 0.00 0.00 0.00 0.00 0.00 25.99 207.75 410.09 572.88 664.38 678.33 609.72 469.15 267.84 68.70 0.00 0.00 0.00 0.00 0.00 0.00 0.00
0.00 0.00 0.00 0.00 0.00 0.00 0.00 26.33 210.55 418.08 584.44 675.89 690.60 619.86 479.38 275.52 72.99 0.00 0.00 0.00 0.00 0.00 0.00 0.00
0.00 0.00 0.00 0.00 0.00 0.00 0.00 26.06 208.20 417.93 585.23 676.19 688.73 616.16 476.51 274.95 74.15 0.00 0.00 0.00 0.00 0.00 0.00 0.00
0.00 0.00 0.00 0.00 0.00 0.00 0.00 25.31 201.15 408.41 573.12 663.19 672.98 600.77 462.24 268.08 73.55 0.00 0.00 0.00 0.00 0.00 0.00 0.00
0.00 0.00 0.00 0.00 0.00 0.00 0.00 24.20 189.86 387.31 544.36 630.77 640.25 569.72 434.53 253.81 71.40 0.00 0.00 0.00 0.00 0.00 0.00 0.00
0.00 0.00 0.00 0.00 0.00 0.00 0.00 22.88 174.73 354.22 498.31 577.45 588.01 518.76 392.49 230.97 67.05 0.00 0.00 0.00 0.00 0.00 0.00 0.00
0.00 0.00 0.00 0.00 0.00 0.00 0.00 21.96 161.12 320.98 451.99 524.64 532.16 462.45 350.53 208.04 62.35 0.00 0.00 0.00 0.00 0.00 0.00 0.00
0.00 0.00 0.00 0.00 0.00 0.00 0.00 22.30 158.09 306.68 431.85 503.68 502.11 430.23 331.66 199.72 61.57 0.00 0.00 0.00 0.00 0.00 0.00 0.00
0.00 0.00 0.00 0.00 0.00 0.00 0.00 23.86 167.10 315.09 442.01 517.70 508.25 436.08 342.48 210.82 66.81 0.00 0.00 0.00 0.00 0.00 0.00 0.00
0.00 0.00 0.00 0.00 0.00 0.00 0.00 25.81 180.52 332.95 463.90 543.55 534.79 467.16 369.47 232.22 75.88 0.00 0.00 0.00 0.00 0.00 0.00 0.00
0.00 0.00 0.00 0.00 0.00 0.00 0.00 27.75 193.76 353.65 489.43 571.18 569.19 507.03 401.03 255.03 85.61 0.00 0.00 0.00 0.00 0.00 0.00 0.00
0.00 0.00 0.00 0.00 0.00 0.00 0.00 29.57 207.20 379.66 523.44 607.19 611.53 548.43 434.13 276.69 93.96 0.00 0.00 0.00 0.00 0.00 0.00 0.00
0.00 0.00 0.00 0.00 0.00 0.00 0.00 30.62 217.53 404.63 558.34 646.30 654.91 583.36 462.42 293.63 99.27 0.00 0.00 0.00 0.00 0.00 0.00 0.00
0.00 0.00 0.00 0.00 0.00 0.00 0.00 30.40 218.79 414.89 575.26 669.16 682.49 602.04 476.74 300.60 100.78 0.00 0.00 0.00 0.00 0.00 0.00 0.00
0.00 0.00 0.00 0.00 0.00 0.00 0.00 29.45 211.06 406.03 566.02 664.75 684.38 601.63 474.15 296.48 99.34 0.00 0.00 0.00 0.00 0.00 0.00 0.00
0.00 0.00 0.00 0.00 0.00 0.00 0.00 29.18 203.05 389.72 544.64 645.97 670.37 591.79 463.23 288.40 97.80 0.00 0.00 0.00 0.00 0.00 0.00 0.00
0.00 0.00 0.00 0.00 0.00 0.00 0.00 30.69 204.70 384.26 536.34 639.85 663.09 588.38 459.04 288.28 100.08 0.00 0.00 0.00 0.00 0.00 0.00 0.00
0.00 0.00 0.00 0.00 0.00 0.00 0.00 33.64 216.52 396.47 552.12 658.31 673.88 597.05 467.35 299.44 106.62 0.00 0.00 0.00 0.00 0.00 0.00 0.00
0.00 0.00 0.00 0.00 0.00 0.00 0.00 36.58 229.91 416.96 580.83 689.75 695.87 614.11 483.25 314.72 113.76 0.00 0.00 0.00 0.00 0.00 0.00 0.00
0.00 0.00 0.00 0.00 0.00 0.00 0.00 38.74 239.09 436.17 608.73 720.65 722.86 641.46 506.21 330.94 120.40 0.00 0.00 0.00 0.00 0.00 0.00 0.00
0.00 0.00 0.00 0.00 0.00 0.00 0.00 40.51 245.76 453.43 632.28 747.36 753.55 678.11 536.15 349.60 128.35 0.00 0.00 0.00 0.00 0.00 0.00 0.00
0.00 0.00 0.00 0.00 0.00 0.00 0.00 42.13 251.73 468.40 650.65 768.16 779.86 707.57 561.52 365.86 136.51 0.00 0.00 0.00 0.00 0.00 0.00 0.00
0.00 0.00 0.00 0.00 0.00 0.00 0.00 43.37 255.23 477.16 660.13 778.57 790.15 714.19 569.34 371.56 141.09 0.00 0.00 0.00 0.00 0.00 0.00 0.00
0.00 0.00 0.00 0.00 0.00 0.00 0.00 43.82 252.91 474.56 654.40 771.36 776.25 694.80 554.87 362.07 139.31 0.00 0.00 0.00 0.00 0.00 0.00 0.00
0.00 0.00 0.00 0.00 0.00 0.00 0.00 43.09 242.34 456.75 628.92 741.61 737.45 653.23 520.58 338.29 131.21 0.00 0.00 0.00 0.00 0.00 0.00 0.00
0.00 0.00 0.00 0.00 0.00 0.00 0.00 41.92 228.21 431.90 596.27 704.20 694.76 608.13 483.59 312.92 122.21 0.02 0.00 0.00 0.00 0.00 0.00 0.00
0.00 0.00 0.00 0.00 0.00 0.00 0.00 42.37 223.05 422.08 586.06 692.84 686.93 595.47 473.60 306.70 121.01 0.13 0.00 0.00 0.00 0.00 0.00 0.00
0.00 0.00 0.00 0.00 0.00 0.00 0.00 45.53 232.70 437.12 608.97 719.19 726.25 630.88 501.40 325.83 130.16 0.70 0.00 0.00 0.00 0.00 0.00 0.00
0.00 0.00 0.00 0.00 0.00 0.00 0.00 49.88 247.79 459.96 640.74 754.20 779.34 685.04 543.22 353.96 143.17 2.46 0.00 0.00 0.00 0.00 0.00 0.00
0.00 0.00 0.00 0.00 0.00 0.00 0.00 53.52 257.90 473.31 659.33 770.41 810.02 720.74 570.88 373.39 153.22 5.99 0.00 0.00 0.00 0.00 0.00 0.00
0.00 0.00 0.00 0.00 0.00 0.00 0.00 56.29 262.80 478.17 666.07 768.02 809.85 726.35 576.39 379.49 158.75 10.57 0.00 0.00 0.00 0.00 0.00 0.00
0.00 0.00 0.00 0.00 0.00 0.00 0.00 58.59 264.98 478.30 664.15 753.71 787.61 708.25 565.58 375.32 160.88 14.45 0.00 0.00 0.00 0.00 0.00 0.00
0.00 0.00 0.00 0.00 0.00 0.00 0.00 60.54 264.93 473.26 652.71 734.07 762.41 683.95 553.02 369.48 162.58 16.88 0.00 0.00 0.00 0.00 0.00 0.00
0.00 0.00 0.00 0.00 0.00 0.00 0.00 62.36 263.96 466.07 636.91 719.79 753.36 671.47 552.16 370.40 166.41 18.23 0.00 0.00 0.00 0.00 0.00 0.00
0.00 0.00 0.00 0.00 0.00 0.00 0.00 63.05 258.90 453.95 612.40 700.72 747.56 657.11 549.14 368.04 166.85 17.85 0.00 0.00 0.00 0.00 0.00 0.00
0.00 0.00 0.00 0.00 0.00 0.00 0.00 61.09 242.49 425.46 563.96 650.32 709.60 608.45 515.37 342.96 155.46 14.88 0.00 0.00 0.00 0.00 0.00 0.00
0.00 0.00 0.00 0.00 0.00 0.00 0.00 58.50 220.13 387.10 505.17 582.58 645.77 539.50 461.13 304.62 137.87 11.36 0.00 0.00 0.00 0.00 0.00 0.00
0.00 0.00 0.00 0.00 0.00 0.00 0.00 59.90 210.94 368.19 479.27 551.47 610.02 508.43 434.22 288.98 131.32 11.27 0.00 0.00 0.00 0.00 0.00 0.00
0.00 0.00 0.00 0.00 0.00 0.00 0.00 66.67 225.34 386.85 507.82 581.80 633.15 540.73 457.17 310.42 142.70 15.58 0.00 0.00 0.00 0.00 0.00 0.00
0.00 0.00 0.00 0.00 0.00 0.00 0.00 75.12 251.96 426.86 565.08 638.46 682.98 597.77 498.29 341.88 159.54 21.03 0.00 0.00 0.00 0.00 0.00 0.00
0.00 0.00 0.00 0.00 0.00 0.00 0.00 80.49 269.95 453.72 604.04 666.80 703.31 625.90 511.69 349.66 165.55 24.23 0.00 0.00 0.00 0.00 0.00 0.00
0.00 0.00 0.00 0.00 0.00 0.00 0.00 82.11 272.73 455.61 608.65 660.94 683.89 620.89 494.99 335.27 161.06 25.47 0.00 0.00 0.00 0.00 0.00 0.00
0.00 0.00 0.00 0.00 0.00 0.00 0.00 83.64 272.99 454.73 607.60 667.17 668.16 625.37 488.97 329.88 161.56 27.43 0.00 0.00 0.00 0.00 0.00 0.00
0.00 0.00 0.00 0.00 0.00 0.00 0.00 87.10 279.58 466.40 621.69 703.34 685.90 658.95 517.47 348.75 174.54 30.87 0.00 0.00 0.00 0.00 0.00 0.00
0.00 0.00 0.00 0.00 0.00 0.00 0.00 90.70 286.19 478.08 635.81 734.54 719.21 693.68 558.69 373.97 190.09 33.55 0.00 0.00 0.00 0.00 0.00 0.00
0.00 0.00 0.00 0.00 0.00 0.00 0.00 94.27 290.99 485.33 644.88 747.67 748.55 711.65 587.78 389.18 199.30 34.24 0.00 0.00 0.00 0.00 0.00 0.00
0.00 0.00 0.00 0.00 0.00 0.00 0.00 100.73 304.47 506.58 674.07 775.46 786.83 734.58 612.84 404.57 207.90 34.94 0.00 0.00 0.00 0.00 0.00 0.00
0.00 0.00 0.00 0.00 0.00 0.00 0.00 110.90 330.13 549.11 733.82 836.75 848.68 782.72 651.91 435.97 224.89 38.12 0.00 0.00 0.00 0.00 0.00 0.00
0.00 0.00 0.00 0.00 0.00 0.00 0.00 121.91 356.80 594.54 798.31 907.31 918.95 841.43 699.11 477.47 247.50 43.65 0.00 0.00 0.00 0.00 0.00 0.00
0.00 0.00 0.00 0.00 0.00 0.00 0.01 130.46 372.85 621.71 836.28 951.35 965.41 878.61 729.32 506.36 263.14 48.91 0.00 0.00 0.00 0.00 0.00 0.00
0.00 0.00 0.00 0.00 0.00 0.00 0.11 135.25 376.23 624.59 837.91 953.43 966.45 875.97 726.23 507.54 262.80 51.24 0.00 0.00 0.00 0.00 0.00 0.00
0.00 0.00 0.00 0.00 0.00 0.00 0.54 137.75 373.77 614.02 817.39 925.74 929.35 842.90 697.48 486.80 249.95 50.52 0.00 0.00 0.00 0.00 0.00 0.00
0.00 0.00 0.00 0.00 0.00 0.00 1.72 142.22 377.71 612.36 805.06 902.82 892.96 814.14 671.01 467.01 239.09 49.71 0.00 0.00 0.00 0.00 0.00 0.00
0.00 0.00 0.00 0.00 0.00 0.00 3.83 151.68 395.36 633.25 822.33 914.65 896.54 823.09 675.97 471.72 244.45 52.36 0.00 0.00 0.00 0.00 0.00 0.00
0.00 0.00 0.00 0.00 0.00 0.00 6.52 164.17 420.60 666.81 860.61 957.30 940.80 868.98 716.75 504.90 267.18 59.55 0.00 0.00 0.00 0.00 0.00 0.00
0.00 0.00 0.00 0.00 0.00 0.00 9.61 176.59 444.50 698.33 900.41 1006.51 998.66 926.04 772.05 550.05 296.52 69.15 0.00 0.00 0.00 0.00 0.00 0.00
0.00 0.00 0.00 0.00 0.00 0.00 13.10 187.90 464.59 724.42 932.12 1044.85 1047.90 972.68 817.35 586.97 320.08 77.63 0.00 0.00 0.00 0.00 0.00 0.00
0.00 0.00 0.00 0.00 0.00 0.00 16.27 195.97 477.55 741.37 948.56 1062.37 1076.99 997.22 838.40 603.35 330.41 82.49 0.00 0.00 0.00 0.00 0.00 0.00
0.00 0.00 0.00 0.00 0.00 0.00 18.38 198.62 479.19 742.72 944.56 1055.50 1084.36 996.89 833.77 598.13 327.30 83.89 0.00 0.00 0.00 0.00 0.00 0.00
0.00 0.00 0.00 0.00 0.00 0.00 19.85 197.97 473.21 732.73 928.37 1034.40 1078.95 981.30 813.44 579.93 316.72 83.74 0.00 0.00 0.00 0.00 0.00 0.00
0.00 0.00 0.00 0.00 0.00 0.00 21.41 198.91 469.04 724.85 917.14 1018.12 1070.54 966.47 791.80 561.06 306.89 83.84 0.00 0.00 0.00 0.00 0.00 0.00
0.00 0.00 0.00 0.00 0.00 0.00 23.12 203.05 469.82 722.93 915.19 1012.15 1057.79 956.76 774.60 547.49 301.60 84.84 0.00 0.00 0.00 0.00 0.00 0.00
0.00 0.00 0.00 0.00 0.00 0.00 24.79 207.90 470.42 719.04 911.36 1005.90 1035.87 944.84 759.82 538.74 300.01 86.84 0.00 0.00 0.00 0.00 0.00 0.00
0.00 0.00 0.00 0.00 0.00 0.00 27.00 214.37 473.09 717.34 908.78 1005.56 1020.82 940.56 758.74 543.24 306.37 91.08 0.00 0.00 0.00 0.00 0.00 0.00
0.00 0.00 0.00 0.00 0.00 0.00 30.18 225.95 486.64 732.09 923.48 1028.12 1033.95 960.91 782.68 567.29 323.37 97.71 0.00 0.00 0.00 0.00 0.00 0.00
0.00 0.00 0.00 0.00 0.00 0.00 33.23 237.73 503.13 753.49 944.18 1056.01 1055.16 985.28 805.75 588.55 336.68 102.38 0.00 0.00 0.00 0.00 0.00 0.00
0.00 0.00 0.00 0.00 0.00 0.00 34.73 239.45 502.55 753.89 939.40 1052.73 1041.43 975.41 790.41 578.57 329.19 100.41 0.00 0.00 0.00 0.00 0.00 0.00
0.00 0.00 0.00 0.00 0.00 0.00 35.25 231.62 484.96 732.43 909.65 1020.87 995.37 935.74 746.58 546.09 307.21 93.86 0.00 0.00 0.00 0.00 0.00 0.00
0.00 0.00 0.00 0.00 0.00 0.00 36.90 226.43 472.43 717.62 891.38 1000.52 967.61 909.24 721.61 526.80 293.81 89.71 0.00 0.00 0.00 0.00 0.00 0.00
0.00 0.00 0.00 0.00 0.00 0.00 40.84 231.85 478.76 727.50 908.75 1016.38 988.17 920.55 737.97 536.69 299.95 91.68 0.00 0.00 0.00 0.00 0.00 0.00
0.00 0.00 0.00 0.00 0.00 0.00 46.17 244.07 496.39 752.24 948.06 1053.67 1033.15 952.75 774.71 559.82 316.49 97.52 0.00 0.00 0.00 0.00 0.00 0.00
0.00 0.00 0.00 0.00 0.00 0.00 51.12 254.09 509.16 768.99 976.74 1079.24 1060.17 973.20 800.74 573.46 328.83 102.83 0.00 0.00 0.00 0.00 0.00 0.00
0.00 0.00 0.00 0.00 0.00 0.00 54.63 255.48 506.11 761.71 973.85 1073.55 1050.38 966.91 803.87 568.95 330.01 104.85 0.00 0.00 0.00 0.00 0.00 0.00
0.00 0.00 0.00 0.00 0.00 0.00 57.36 250.03 491.56 736.12 947.19 1046.41 1017.05 945.63 792.74 553.28 323.48 104.11 0.00 0.00 0.00 0.00 0.00 0.00
0.00 0.00 0.00 0.00 0.00 0.00 60.66 247.27 483.00 716.42 923.86 1023.47 986.36 927.38 778.81 536.15 315.08 102.55 0.00 0.00 0.00 0.00 0.00 0.00
0.00 0.00 0.00 0.00 0.00 0.00 64.62 253.16 490.27 717.95 921.15 1018.52 975.17 918.78 766.28 522.84 308.06 101.52 0.00 0.00 0.00 0.00 0.00 0.00
0.00 0.00 0.00 0.00 0.00 0.00 68.83 266.47 510.39 738.84 938.92 1031.48 989.74 923.86 761.77 520.87 307.83 103.20 0.00 0.00 0.00 0.00 0.00 0.00
0.00 0.00 0.00 0.00 0.00 0.00 74.31 286.90 542.08 777.53 975.08 1063.73 1031.98 950.69 777.93 539.92 321.36 110.30 0.00 0.00 0.00 0.00 0.00 0.00
0.00 0.00 0.00 0.00 0.00 0.00 81.62 312.78 581.47 827.69 1021.92 1110.72 1091.66 994.89 816.59 578.30 347.46 122.19 0.00 0.00 0.00 0.00 0.00 0.00
0.00 0.00 0.00 0.00 0.00 0.00 89.02 336.23 615.45 870.05 1061.72 1154.90 1146.17 1036.40 860.11 618.32 373.92 133.25 0.00 0.00 0.00 0.00 0.00 0.00
0.00 0.00 0.00 0.00 0.00 0.00 94.64 350.67 635.09 892.32 1084.42 1182.77 1180.28 1063.30 888.26 642.75 389.07 138.43 0.00 0.00 0.00 0.00 0.00 0.00
0.00 0.00 0.00 0.00 0.00 0.00 98.08 354.93 640.18 897.08 1091.43 1190.96 1192.00 1075.22 891.02 646.74 390.72 138.18 0.00 0.00 0.00 0.00 0.00 0.00
0.00 0.00 0.00 0.00 0.00 0.00 99.58 350.33 632.47 889.75 1084.94 1180.82 1184.22 1071.57 871.94 636.26 384.14 136.41 0.00 0.00 0.00 0.00 0.00 0.00
0.00 0.00 0.00 0.00 0.00 0.00 99.24 339.19 614.09 872.73 1065.91 1157.37 1159.39 1050.81 844.10 620.50 375.14 135.24 0.00 0.00 0.00 0.00 0.00 0.00
0.00 0.00 0.00 0.00 0.00 0.00 97.20 322.45 584.82 842.25 1029.28 1118.17 1108.76 1002.99 805.38 595.16 359.87 131.49 0.02 0.00 0.00 0.00 0.00 0.00
0.00 0.00 0.00 0.00 0.00 0.00 94.19 300.74 544.55 792.24 965.67 1051.96 1019.37 918.60 739.58 547.73 330.62 121.59 0.15 0.00 0.00 0.00 0.00 0.00
0.00 0.00 0.00 0.00 0.00 0.00 91.62 279.57 502.67 728.72 884.20 967.14 909.64 821.69 661.35 489.71 296.53 110.32 0.77 0.00 0.00 0.00 0.00 0.00
0.00 0.00 0.00 0.00 0.00 0.00 91.98 269.79 477.98 678.32 826.40 908.60 839.85 767.76 623.80 459.49 282.47 108.30 2.64 0.00 0.00 0.00 0.00 0.00
0.00 0.00 0.00 0.00 0.00 0.00 99.65 284.76 493.36 681.96 842.04 927.99 866.16 798.88 665.51 486.42 304.04 120.87 6.24 0.00 0.00 0.00 0.00 0.00
0.00 0.00 0.00 0.00 0.00 0.00 116.52 328.25 556.90 756.98 936.03 1026.33 980.33 901.97 764.72 556.13 348.38 141.13 10.63 0.00 0.00 0.00 0.00 0.00
0.00 0.00 0.00 0.00 0.00 0.00 135.07 378.25 636.60 859.84 1048.60 1139.95 1108.47 1009.91 853.11 616.36 383.15 155.48 13.93 0.00 0.00 0.00 0.00 0.00
0.00 0.00 0.00 0.00 0.00 0.00 144.21 403.54 684.61 925.22 1114.01 1206.09 1181.86 1063.09 880.32 630.59 388.56 157.45 15.36 0.00 0.00 0.00 0.00 0.00
0.00 0.00 0.00 0.00 0.00 0.00 142.89 398.64 688.92 935.25 1120.81 1218.88 1190.69 1060.18 855.58 610.56 373.57 152.13 15.70 0.00 0.00 0.00 0.00 0.00
0.00 0.00 0.00 0.00 0.00 0.02 138.81 382.74 671.22 916.08 1095.81 1203.31 1163.36 1033.47 819.39 585.80 357.13 146.96 15.91 0.00 0.00 0.00 0.00 0.00
0.00 0.00 0.00 0.00 0.00 0.16 136.51 369.85 647.07 887.34 1056.67 1167.71 1123.62 1004.56 794.64 567.84 346.48 144.02 16.40 0.00 0.00 0.00 0.00 0.00
0.00 0.00 0.00 0.00 0.00 0.84 135.09 358.85 616.85 849.05 1003.80 1105.55 1078.63 977.36 775.89 552.58 338.38 141.51 16.94 0.00 0.00 0.00 0.00 0.00
0.00 0.00 0.00 0.00 0.00 2.92 135.97 351.42 590.40 813.46 955.09 1036.88 1041.97 960.14 758.94 542.83 334.35 140.16 17.42 0.00 0.00 0.00 0.00 0.00
0.00 0.00 0.00 0.00 0.00 7.07 144.50 360.30 592.25 813.65 952.43 1016.21 1046.46 977.22 766.34 555.51 344.81 144.88 18.35 0.00 0.00 0.00 0.00 0.00
0.00 0.00 0.00 0.00 0.00 12.58 161.52 390.94 632.17 862.31 1008.83 1072.21 1104.34 1038.15 819.17 599.58 374.09 158.01 20.07 0.00 0.00 0.00 0.00 0.00
0.00 0.00 0.00 0.00 0.00 17.55 179.55 428.38 687.96 927.74 1082.99 1165.56 1179.89 1111.79 895.41 658.40 411.06 175.21 22.18 0.00 0.00 0.00 0.00 0.00
0.00 0.00 0.00 0.00 0.00 20.56 188.90 448.75 722.66 963.69 1122.22 1230.12 1224.66 1152.21 946.11 701.51 438.01 189.23 23.98 0.00 0.00 0.00 0.00 0.00
0.00 0.00 0.00 0.00 0.00 21.22 183.60 435.73 707.59 941.20 1098.47 1225.12 1207.15 1129.78 935.73 702.34 439.56 192.98 24.58 0.00 0.00 0.00 0.00 0.00
0.00 0.00 0.00 0.00 0.00 19.65 163.16 387.26 635.39 854.50 1006.03 1140.94 1111.05 1036.55 855.08 648.50 407.31 181.49 22.80 0.00 0.00 0.00 0.00 0.00
0.00 0.00 0.00 0.00 0.00 16.79 134.38 319.35 530.63 727.64 866.43 998.07 950.34 894.73 727.65 556.30 351.25 158.20 18.88 0.00 0.00 0.00 0.00 0.00
0.00 0.00 0.00 0.00 0.00 15.02 111.65 264.83 445.34 614.80 736.80 850.47 782.62 755.29 605.98 468.56 298.57 135.22 15.58 0.00 0.00 0.00 0.00 0.00
0.00 0.00 0.00 0.00 0.00 16.62 107.41 251.20 420.46 564.82 676.20 759.83 674.44 663.28 536.11 422.10 269.93 122.21 15.48 0.00 0.00 0.00 0.00 0.00
0.00 0.00 0.00 0.00 0.00 21.44 122.12 277.90 454.08 585.99 701.15 760.47 663.22 643.11 537.06 430.32 272.16 123.00 18.61 0.00 0.00 0.00 0.00 0.00
0.00 0.00 0.00 0.00 0.00 27.71 149.06 328.69 523.45 662.19 791.97 849.59 752.23 707.91 608.59 488.28 306.53 139.69 23.95 0.00 0.00 0.00 0.00 0.00
0.00 0.00 0.00 0.00 0.00 34.03 181.76 390.40 610.71 774.56 917.94 990.22 904.35 836.36 722.33 567.94 360.58 167.46 30.13 0.00 0.00 0.00 0.00 0.00
0.00 0.00 0.00 0.00 0.00 39.32 210.88 444.77 688.96 884.30 1032.47 1119.84 1045.76 962.61 822.57 629.63 407.83 193.06 35.22 0.00 0.00 0.00 0.00 0.00
0.00 0.00 0.00 0.00 0.00 43.26 228.30 474.98 732.44 950.44 1097.98 1196.01 1127.69 1041.60 881.98 667.01 439.23 211.11 39.03 0.00 0.00 0.00 0.00 0.00
0.00 0.00 0.00 0.00 0.00 47.19 238.88 491.66 754.90 984.09 1136.05 1237.85 1174.55 1094.67 930.40 710.58 472.37 230.09 43.55 0.00 0.00 0.00 0.00 0.00
0.00 0.00 0.00 0.00 0.00 51.76 249.46 511.09 779.66 1014.55 1180.01 1273.56 1214.73 1140.81 984.17 761.99 508.05 249.61 48.38 0.00 0.00 0.00 0.00 0.00
0.00 0.00 0.00 0.00 0.00 54.70 253.01 519.72 789.74 1026.48 1206.17 1281.78 1222.19 1148.57 1005.17 779.47 517.45 253.86 50.11 0.00 0.00 0.00 0.00 0.00
0.00 0.00 0.00 0.00 0.00 53.98 242.68 500.33 762.81 997.40 1181.95 1237.44 1179.52 1098.84 964.75 744.10 488.59 237.32 47.76 0.00 0.00 0.00 0.00 0.00
0.00 0.00 0.00 0.00 0.00 50.77 225.15 462.47 711.94 940.88 1118.63 1158.03 1111.04 1015.08 882.99 683.00 442.84 213.10 44.04 0.00 0.00 0.00 0.00 0.00
0.00 0.00 0.00 0.00 0.00 47.36 208.55 423.15 659.13 877.99 1041.72 1074.83 1037.25 923.83 797.96 628.32 403.32 193.92 41.40 0.00 0.00 0.00 0.00 0.00
0.00 0.00 0.00 0.00 0.00 44.59 194.33 389.83 613.01 817.46 965.29 1003.87 965.42 843.58 734.06 590.17 376.12 182.07 40.29 0.00 0.00 0.00 0.00 0.00
0.00 0.00 0.00 0.00 0.00 42.57 184.04 368.82 582.53 768.88 901.34 946.24 902.43 787.82 689.76 560.52 355.33 173.81 39.85 0.00 0.00 0.00 0.00 0.00
0.00 0.00 0.00 0.00 0.00 41.94 181.07 365.77 576.46 741.44 859.09 894.78 846.06 753.68 649.28 529.02 333.28 164.97 38.72 0.00 0.00 0.00 0.00 0.00
0.00 0.00 0.00 0.00 0.00 43.52 185.26 376.73 586.58 733.49 837.45 848.39 791.36 730.45 607.93 497.39 311.51 155.94 36.99 0.00 0.00 0.00 0.00 0.00
0.00 0.00 0.00 0.00 0.00 47.04 193.14 392.09 597.84 741.93 836.93 825.16 754.30 721.19 579.63 478.12 301.39 152.22 36.70 0.00 0.00 0.00 0.00 0.00
0.00 0.00 0.00 0.00 0.00 51.79 205.01 411.79 616.05 775.71 872.13 853.65 772.50 746.33 590.04 486.07 313.87 159.29 39.73 0.00 0.00 0.00 0.00 0.00
0.00 0.00 0.00 0.00 0.00 57.74 224.75 444.58 659.76 843.25 952.49 940.37 862.79 819.72 655.59 529.58 350.26 178.42 45.89 0.00 0.00 0.00 0.00 0.00
0.00 0.00 0.00 0.00 0.00 64.52 251.10 490.07 727.33 931.38 1057.71 1055.33 992.30 923.70 757.23 598.01 399.11 205.05 53.27 0.00 0.00 0.00 0.00 0.00
0.00 0.00 0.00 0.00 0.00 70.72 276.59 534.85 795.31 1009.83 1150.76 1160.28 1113.16 1022.27 853.41 665.58 443.05 230.63 59.77 0.00 0.00 0.00 0.00 0.00
0.00 0.00 0.00 0.00 0.00 75.07 294.26 565.08 840.79 1055.08 1207.64 1235.82 1201.98 1093.28 920.61 713.33 471.48 248.01 64.04 0.00 0.00 0.00 0.00 0.00
0.00 0.00 0.00 0.00 0.00 77.53 301.61 575.64 854.38 1066.06 1226.92 1279.36 1255.35 1134.70 961.41 737.73 484.18 255.07 65.61 0.00 0.00 0.00 0.00 0.00
0.00 0.00 0.00 0.00 0.00 78.80 299.80 568.97 839.08 1054.07 1217.54 1292.17 1271.57 1148.60 979.49 739.99 483.57 252.90 64.85 0.00 0.00 0.00 0.00 0.00
0.00 0.00 0.00 0.00 0.00 79.63 293.24 553.17 808.41 1030.29 1192.10 1281.52 1254.38 1140.04 975.81 725.88 474.42 245.86 63.43 0.00 0.00 0.00 0.00 0.00
0.00 0.00 0.00 0.00 0.00 81.06 288.82 541.47 785.27 1011.11 1171.85 1268.58 1226.75 1126.78 964.24 710.94 467.88 242.16 64.08 0.00 0.00 0.00 0.00 0.00
0.00 0.00 0.00 0.00 0.00 83.64 290.06 541.57 783.89 1009.22 1171.34 1269.14 1211.24 1120.09 956.45 703.01 468.54 244.59 67.28 0.00 0.00 0.00 0.00 0.00
0.00 0.00 0.00 0.00 0.00 85.74 291.11 542.67 788.60 1009.25 1172.52 1267.24 1196.21 1099.47 938.79 689.75 465.33 244.88 69.58 0.00 0.00 0.00 0.00 0.00
0.00 0.00 0.00 0.00 0.00 85.10 284.37 528.85 775.03 986.79 1147.76 1237.13 1157.82 1044.58 897.53 662.35 450.92 237.11 68.55 0.00 0.00 0.00 0.00 0.00
0.00 0.00 0.00 0.00 0.00 82.30 273.56 506.42 749.67 953.02 1108.09 1185.38 1107.40 980.12 852.30 635.23 435.77 227.74 66.40 0.00 0.00 0.00 0.00 0.00
0.00 0.00 0.00 0.00 0.00 80.13 267.74 493.23 733.13 934.65 1084.49 1136.79 1070.87 939.08 828.10 620.83 428.28 222.48 65.40 0.00 0.00 0.00 0.00 0.00
0.00 0.00 0.00 0.00 0.00 80.42 267.97 490.84 724.84 928.26 1081.82 1101.84 1049.81 918.01 819.49 609.74 422.69 218.33 64.64 0.00 0.00 0.00 0.00 0.00
0.00 0.00 0.00 0.00 0.00 83.58 271.52 493.02 719.15 918.26 1088.17 1086.61 1042.91 913.08 813.87 597.86 416.96 215.42 64.04 0.00 0.00 0.00 0.00 0.00
0.00 0.00 0.00 0.00 0.00 88.37 276.70 498.93 718.71 902.62 1091.30 1092.42 1051.19 925.58 805.58 589.90 411.96 215.95 64.58 0.00 0.00 0.00 0.00 0.00
0.00 0.00 0.00 0.00 0.00 91.25 278.00 502.47 715.84 882.66 1077.64 1098.58 1053.58 928.05 782.01 577.15 401.02 215.01 64.88 0.00 0.00 0.00 0.00 0.00
0.00 0.00 0.00 0.00 0.00 89.59 269.79 491.75 696.12 861.25 1045.10 1086.35 1034.70 903.82 745.27 557.60 386.86 210.69 64.11 0.00 0.00 0.00 0.00 0.00
0.00 0.00 0.00 0.00 0.00 85.55 256.81 468.98 665.16 851.82 1017.10 1074.29 1020.88 887.68 729.21 553.53 386.48 211.33 64.87 0.00 0.00 0.00 0.00 0.00
0.00 0.00 0.00 0.00 0.00 84.24 251.96 455.76 651.36 870.14 1027.36 1096.17 1047.52 918.11 760.69 581.08 406.96 222.47 69.09 0.00 0.00 0.00 0.00 0.00
0.00 0.00 0.00 0.00 0.00 88.18 262.02 469.10 673.92 912.71 1075.27 1146.67 1106.29 978.80 820.94 626.32 436.21 238.75 74.96 0.00 0.00 0.00 0.00 0.00
0.00 0.00 0.00 0.00 0.00 95.15 279.71 499.84 716.62 951.38 1116.17 1182.05 1152.17 1016.21 863.07 661.97 457.88 251.66 79.79 0.00 0.00 0.00 0.00 0.00
0.00 0.00 0.00 0.00 0.00 100.24 290.00 520.52 742.30 957.65 1109.64 1168.31 1146.45 997.98 855.33 667.03 458.86 254.57 81.78 0.00 0.00 0.00 0.00 0.00
0.00 0.00 0.00 0.00 0.00 99.26 282.90 510.13 726.41 921.69 1049.38 1101.33 1077.14 932.56 798.49 633.59 432.80 243.69 79.70 0.00 0.00 0.00 0.00 0.00
0.00 0.00 0.00 0.00 0.00 92.64 262.52 473.69 677.29 856.58 960.62 1006.97 968.12 850.46 721.53 579.52 393.75 224.80 75.31 0.00 0.00 0.00 0.00 0.00
0.00 0.00 0.00 0.00 0.00 86.48 246.02 442.30 636.32 803.38 897.30 943.08 884.36 795.37 674.18 547.32 372.85 213.57 73.65 0.00 0.00 0.00 0.00 0.00
0.00 0.00 0.00 0.00 0.00 87.43 250.08 446.38 644.12 806.44 908.89 961.14 889.98 809.90 698.54 568.08 389.51 222.08 78.63 0.00 0.00 0.00 0.00 0.00
0.00 0.00 0.00 0.00 0.00 96.26 275.67 487.43 700.75 869.87 991.61 1051.57 982.65 895.23 786.99 631.52 434.57 248.22 89.60 0.00 0.00 0.00 0.00 0.00
0.00 0.00 0.00 0.00 0.00 107.71 309.05 543.01 774.36 958.64 1097.32 1158.35 1100.41 1006.83 888.97 703.79 486.66 280.72 102.85 0.00 0.00 0.00 0.00 0.00
0.00 0.00 0.00 0.00 0.00 116.46 335.97 590.53 835.90 1034.24 1181.70 1234.18 1184.62 1095.51 958.01 756.25 526.95 306.75 113.72 0.00 0.00 0.00 0.00 0.00
0.00 0.00 0.00 0.00 0.00 120.68 349.51 616.45 869.17 1072.91 1223.16 1259.23 1212.39 1132.06 975.33 772.64 539.50 315.43 118.18 0.00 0.00 0.00 0.00 0.00
0.00 0.00 0.00 0.00 0.00 121.00 349.55 617.29 869.49 1070.89 1221.84 1242.49 1199.79 1118.70 950.89 754.16 521.66 305.46 115.86 0.00 0.00 0.00 0.00 0.00
0.00 0.00 0.00 0.00 0.00 119.53 342.69 603.92 851.08 1049.84 1201.10 1219.90 1186.69 1092.15 918.59 725.88 495.73 290.85 111.90 0.00 0.00 0.00 0.00 0.00
0.00 0.00 0.00 0.00 0.00 119.16 340.09 597.42 843.45 1045.43 1196.97 1229.00 1204.93 1097.54 919.35 725.40 495.11 291.93 113.34 0.00 0.00 0.00 0.00 0.00
0.00 0.00 0.00 0.00 0.00 121.25 347.78 609.43 862.64 1073.23 1226.00 1275.42 1256.35 1148.76 968.80 766.86 528.58 312.86 120.95 0.00 0.00 0.00 0.00 0.00
0.00 0.00 0.00 0.00 0.00 123.83 358.93 628.35 891.05 1109.92 1264.18 1326.82 1312.32 1213.85 1033.81 817.68 566.55 334.50 127.62 0.00 0.00 0.00 0.00 0.00
0.00 0.00 0.00 0.00 0.00 123.35 360.55 632.13 897.87 1119.53 1272.74 1343.42 1335.54 1244.48 1058.65 830.05 572.68 335.84 126.80 0.00 0.00 0.00 0.00 0.00
0.00 0.00 0.00 0.00 0.00 117.92 345.71 608.72 868.06 1085.52 1235.78 1310.68 1309.51 1219.95 1021.96 793.57 541.50 315.26 118.77 0.00 0.00 0.00 0.00 0.00
0.00 0.00 0.00 0.00 0.00 109.62 320.41 567.20 815.22 1025.35 1176.23 1252.52 1254.80 1166.02 959.67 745.07 502.68 291.20 110.21 0.00 0.00 0.00 0.00 0.00
0.00 0.00 0.00 0.00 0.00 104.05 301.91 536.04 776.45 983.98 1141.46 1215.73 1214.59 1128.99 926.45 726.95 490.70 284.24 108.56 0.00 0.00 0.00 0.00 0.00
0.00 0.00 0.00 0.00 0.00 104.05 300.82 533.66 773.54 984.98 1150.19 1216.66 1205.47 1121.42 932.13 740.28 506.25 293.59 113.40 0.00 0.00 0.00 0.00 0.00
0.00 0.00 0.00 0.00 0.00 105.31 306.38 542.87 784.05 1000.05 1169.22 1220.43 1202.77 1116.65 940.69 751.86 519.06 299.63 116.44 0.00 0.00 0.00 0.00 0.00
0.00 0.00 0.00 0.00 0.00 102.56 302.23 536.60 776.93 995.75 1164.64 1194.93 1187.31 1098.66 927.68 737.94 508.88 291.44 112.74 0.00 0.00 0.00 0.00 0.00
0.00 0.00 0.00 0.00 0.00 96.72 288.10 513.94 753.49 973.40 1137.71 1148.52 1163.17 1072.90 894.30 698.18 481.73 275.48 105.68 0.00 0.00 0.00 0.00 0.00
0.00 0.00 0.00 0.00 0.00 92.75 277.04 495.82 738.27 953.78 1110.86 1115.87 1142.37 1047.94 853.03 653.75 458.64 264.62 101.54 0.00 0.00 0.00 0.00 0.00
0.00 0.00 0.00 0.00 0.00 93.46 279.50 500.29 751.31 954.96 1106.73 1127.97 1141.77 1037.62 830.57 641.96 459.22 268.40 103.71 0.00 0.00 0.00 0.00 0.00
0.00 0.00 0.00 0.00 0.00 97.08 292.07 523.32 785.82 972.45 1122.36 1175.99 1166.76 1053.82 849.11 679.81 485.40 286.17 110.80 0.00 0.00 0.00 0.00 0.00
0.00 0.00 0.00 0.00 0.00 99.74 301.25 542.08 810.27 979.66 1126.66 1212.62 1193.51 1086.80 896.54 737.20 521.64 307.95 118.60 0.00 0.00 0.00 0.00 0.00
0.00 0.00 0.00 0.00 0.00 99.59 299.22 541.74 804.64 964.09 1103.12 1207.17 1193.88 1110.73 936.03 769.49 547.11 321.70 123.09 0.00 0.00 0.00 0.00 0.00
0.00 0.00 0.00 0.00 0.00 98.08 291.73 530.30 783.10 944.53 1074.62 1180.11 1174.09 1112.31 944.64 763.06 549.35 321.05 122.40 0.00 0.00 0.00 0.00 0.00
0.00 0.00 0.00 0.00 0.00 96.82 287.21 520.09 767.00 937.35 1064.63 1161.27 1154.90 1094.00 924.60 730.10 529.20 307.11 116.81 0.00 0.00 0.00 0.00 0.00
0.00 0.00 0.00 0.00 0.00 94.25 282.38 505.70 748.62 923.28 1054.11 1138.89 1126.00 1052.42 881.44 680.41 492.77 283.90 107.61 0.00 0.00 0.00 0.00 0.00
0.00 0.00 0.00 0.00 0.00 88.59 269.72 478.12 706.83 876.02 1013.31 1090.93 1070.65 992.17 828.44 629.40 452.45 260.09 98.40 0.00 0.00 0.00 0.00 0.00
0.00 0.00 0.00 0.00 0.00 83.16 255.64 451.00 654.84 816.49 961.70 1040.88 1018.03 950.53 803.09 611.32 431.64 250.55 94.94 0.00 0.00 0.00 0.00 0.00
0.00 0.00 0.00 0.00 0.00 83.71 257.14 452.58 641.47 806.36 961.05 1045.79 1029.21 975.40 844.43 656.49 453.69 267.48 101.39 0.00 0.00 0.00 0.00 0.00
0.00 0.00 0.00 0.00 0.00 90.57 277.92 488.86 686.47 869.75 1034.30 1120.69 1119.45 1066.50 943.03 751.12 515.53 306.43 115.98 0.00 0.00 0.00 0.00 0.00
0.00 0.00 0.00 0.00 0.00 97.25 299.72 528.88 744.90 951.63 1122.75 1204.29 1222.62 1157.24 1032.57 834.96 577.88 343.26 130.00 0.00 0.00 0.00 0.00 0.00
0.00 0.00 0.00 0.00 0.00 98.51 306.07 543.24 769.20 993.75 1167.54 1242.70 1275.52 1194.10 1064.82 866.75 606.88 358.86 136.19 0.00 0.00 0.00 0.00 0.00
0.00 0.00 0.00 0.00 0.00 95.21 299.41 534.88 761.87 997.74 1172.96 1244.84 1278.53 1185.61 1052.46 859.73 606.27 356.99 135.58 0.00 0.00 0.00 0.00 0.00
0.00 0.00 0.00 0.00 0.00 89.94 287.77 517.89 743.64 984.35 1159.32 1225.50 1244.47 1147.77 1016.89 834.45 589.10 346.02 131.28 0.00 0.00 0.00 0.00 0.00
0.00 0.00 0.00 0.00 0.00 82.23 268.98 488.43 709.55 943.75 1114.66 1165.08 1161.05 1067.45 950.35 783.26 550.26 321.70 121.54 0.00 0.00 0.00 0.00 0.00
0.00 0.00 0.00 0.00 0.00 70.22 234.98 430.11 635.31 849.04 1012.45 1041.68 1022.96 937.31 843.89 696.91 483.96 279.77 104.47 0.00 0.00 0.00 0.00 0.00
0.00 0.00 0.00 0.00 0.00 57.03 192.52 352.64 530.52 715.81 869.59 883.27 869.23 795.46 724.10 600.24 411.03 234.53 85.99 0.00 0.00 0.00 0.00 0.00
0.00 0.00 0.00 0.00 0.00 51.14 168.83 305.49 461.07 623.66 767.99 778.94 776.56 713.13 651.37 546.77 373.68 213.16 77.48 0.00 0.00 0.00 0.00 0.00
0.00 0.00 0.00 0.00 0.00 57.08 183.82 328.34 486.52 645.18 786.16 808.91 805.26 739.57 675.79 573.05 398.74 230.62 84.68 0.00 0.00 0.00 0.00 0.00
0.00 0.00 0.00 0.00 0.00 69.44 226.08 404.89 592.61 766.69 913.93 955.08 937.98 856.80 783.75 659.78 468.58 273.90 101.62 0.00 0.00 0.00 0.00 0.00
0.00 0.00 0.00 0.00 0.00 79.09 267.07 484.52 710.12 907.04 1064.77 1117.10 1088.42 994.44 904.61 750.22 537.03 314.55 116.86 0.00 0.00 0.00 0.00 0.00
0.00 0.00 0.00 0.00 0.00 82.63 290.03 533.83 784.48 999.35 1164.81 1217.38 1185.20 1091.79 979.92 802.44 572.25 334.45 123.92 0.00 0.00 0.00 0.00 0.00
0.00 0.00 0.00 0.00 0.00 82.33 296.25 551.27 807.09 1030.14 1200.41 1253.14 1223.38 1134.29 1002.25 811.34 572.84 334.22 123.90 0.00 0.00 0.00 0.00 0.00
0.00 0.00 0.00 0.00 0.00 80.23 292.82 548.49 797.08 1021.10 1195.86 1256.97 1231.97 1135.92 987.99 789.81 550.73 321.66 119.85 0.00 0.00 0.00 0.00 0.00
0.00 0.00 0.00 0.00 0.00 77.16 286.25 538.33 778.74 1001.47 1180.70 1253.49 1233.27 1119.62 956.05 757.89 524.97 307.18 114.74 0.00 0.00 0.00 0.00 0.00
0.00 0.00 0.00 0.00 0.00 75.27 284.22 535.78 775.13 996.43 1179.37 1259.80 1245.41 1119.67 941.52 749.32 524.54 306.70 113.69 0.00 0.00 0.00 0.00 0.00
0.00 0.00 0.00 0.00 0.00 76.20 290.90 549.27 796.36 1016.55 1200.82 1282.99 1278.79 1160.39 976.22 783.99 558.47 325.44 119.16 0.00 0.00 0.00 0.00 0.00
0.00 0.00 0.00 0.00 0.00 77.87 299.24 566.53 824.15 1044.21 1225.80 1303.77 1314.15 1220.88 1039.88 833.97 595.07 345.40 125.49 0.00 0.00 0.00 0.00 0.00
0.00 0.00 0.00 0.00 0.00 77.43 299.63 569.89 834.05 1054.95 1231.38 1299.87 1322.06 1254.52 1075.21 852.02 600.09 347.13 125.67 0.00 0.00 0.00 0.00 0.00
0.00 0.00 0.00 0.00 0.00 75.12 292.87 560.48 826.64 1048.87 1220.36 1279.05 1300.45 1238.41 1050.13 819.64 571.18 329.93 119.04 0.00 0.00 0.00 0.00 0.00
0.00 0.00 0.00 0.00 0.00 72.79 284.79 548.51 813.51 1036.29 1203.08 1257.60 1262.51 1182.77 981.14 757.05 528.59 305.52 109.42 0.00 0.00 0.00 0.00 0.00
0.00 0.00 0.00 0.00 0.00 70.91 276.23 535.29 795.55 1016.09 1178.71 1235.20 1216.00 1117.83 915.93 708.91 498.99 288.23 101.43 0.00 0.00 0.00 0.00 0.00
0.00 0.00 0.00 0.00 0.00 68.71 267.17 522.47 777.08 994.04 1156.00 1218.60 1182.39 1085.19 900.51 713.04 503.83 290.01 99.45 0.00 0.00 0.00 0.00 0.00
0.00 0.00 0.00 0.00 0.00 65.84 261.86 519.43 773.64 989.72 1154.68 1224.80 1188.99 1106.13 940.76 762.73 539.34 309.33 103.97 0.00 0.00 0.00 0.00 0.00
0.00 0.00 0.00 0.00 0.00 62.15 260.85 524.91 783.30 1000.45 1166.54 1239.89 1217.49 1147.36 992.34 808.17 571.02 326.19 108.68 0.00 0.00 0.00 0.00 0.00
0.00 0.00 0.00 0.00 0.00 57.04 256.13 520.41 778.89 992.86 1154.32 1223.89 1213.09 1151.08 1001.37 805.38 565.73 320.24 106.04 0.00 0.00 0.00 0.00 0.00
0.00 0.00 0.00 0.00 0.00 50.89 242.42 495.78 746.66 951.31 1104.94 1168.87 1158.59 1101.22 957.08 755.95 525.67 292.24 95.21 0.00 0.00 0.00 0.00 0.00
0.00 0.00 0.00 0.00 0.00 46.33 225.55 463.65 704.63 900.13 1048.55 1109.92 1092.92 1031.01 894.91 694.92 480.24 260.56 82.05 0.00 0.00 0.00 0.00 0.00
0.00 0.00 0.00 0.00 0.00 45.56 214.24 440.73 674.04 866.58 1016.59 1076.23 1057.58 978.09 855.08 656.37 455.03 242.25 73.15 0.00 0.00 0.00 0.00 0.00
0.00 0.00 0.00 0.00 0.00 47.44 209.86 429.29 657.08 851.69 1009.80 1065.65 1061.86 959.67 854.27 658.45 459.00 243.07 71.34 0.00 0.00 0.00 0.00 0.00
0.00 0.00 0.00 0.00 0.00 48.89 207.38 421.01 645.79 842.86 1011.49 1064.80 1088.79 973.27 883.24 695.09 484.31 256.93 74.30 0.00 0.00 0.00 0.00 0.00
0.00 0.00 0.00 0.00 0.00 48.16 203.11 411.54 636.89 835.67 1013.09 1069.38 1114.64 1004.89 918.43 736.88 511.09 271.02 76.95 0.00 0.00 0.00 0.00 0.00
0.00 0.00 0.00 0.00 0.00 45.91 199.17 407.57 637.23 839.99 1021.94 1085.40 1133.47 1042.61 943.49 759.89 524.37 277.71 77.06 0.00 0.00 0.00 0.00 0.00
0.00 0.00 0.00 0.00 0.00 42.95 197.73 413.62 651.29 863.11 1042.36 1113.77 1153.08 1075.04 953.34 759.86 521.00 276.76 75.55 0.00 0.00 0.00 0.00 0.00
0.00 0.00 0.00 0.00 0.00 38.76 193.36 415.17 659.65 884.02 1051.45 1129.33 1160.77 1078.23 936.92 734.08 498.64 266.04 71.85 0.00 0.00 0.00 0.00 0.00
0.00 0.00 0.00 0.00 0.00 33.36 179.46 393.63 634.28 867.50 1017.46 1097.42 1126.77 1029.96 882.92 681.05 457.67 244.02 64.67 0.00 0.00 0.00 0.00 0.00
0.00 0.00 0.00 0.00 0.00 29.13 162.02 359.51 586.48 816.67 952.61 1029.46 1058.97 953.40 815.17 626.08 418.05 221.67 57.19 0.00 0.00 0.00 0.00 0.00
0.00 0.00 0.00 0.00 0.00 28.45 155.67 345.70 563.26 780.91 914.79 989.56 1017.44 917.35 788.75 612.47 409.01 215.94 54.88 0.00 0.00 0.00 0.00 0.00
0.00 0.00 0.00 0.00 0.00 30.19 164.11 362.54 583.35 792.34 937.48 1017.32 1043.25 957.37 825.10 647.91 431.22 226.72 57.48 0.00 0.00 0.00 0.00 0.00
0.00 0.00 0.00 0.00 0.00 31.01 174.65 384.04 612.84 824.68 988.11 1074.55 1102.48 1025.84 881.54 688.88 452.55 235.38 58.91 0.00 0.00 0.00 0.00 0.00
0.00 0.00 0.00 0.00 0.00 29.67 175.28 385.20 614.71 833.61 1009.66 1094.36 1129.29 1051.09 903.20 693.66 448.66 229.91 55.97 0.00 0.00 0.00 0.00 0.00
0.00 0.00 0.00 0.00 0.00 27.80 167.87 370.66 592.55 809.69 979.66 1055.19 1096.10 1011.09 873.70 660.51 423.21 216.01 51.06 0.00 0.00 0.00 0.00 0.00
0.00 0.00 0.00 0.00 0.00 27.15 161.76 359.60 574.02 778.08 925.81 994.35 1032.86 944.60 820.57 617.33 394.29 204.28 47.04 0.00 0.00 0.00 0.00 0.00
0.00 0.00 0.00 0.00 0.00 27.91 162.30 361.39 575.20 767.49 896.07 966.51 997.49 914.46 793.51 598.87 382.68 200.85 44.83 0.00 0.00 0.00 0.00 0.00
0.00 0.00 0.00 0.00 0.00 28.85 167.10 370.67 591.28 785.12 910.53 989.28 1017.30 945.23 816.68 618.42 397.11 205.83 44.22 0.00 0.00 0.00 0.00 0.00
0.00 0.00 0.00 0.00 0.00 28.61 171.14 378.96 610.56 816.19 949.23 1035.00 1065.10 1002.59 864.12 655.17 423.93 213.90 44.16 0.00 0.00 0.00 0.00 0.00
0.00 0.00 0.00 0.00 0.00 27.37 174.74 388.96 632.73 851.29 992.92 1080.03 1108.74 1046.34 897.31 680.77 443.80 218.85 43.49 0.00 0.00 0.00 0.00 0.00
0.00 0.00 0.00 0.00 0.00 26.22 180.75 407.20 663.21 892.74 1039.41 1122.02 1138.83 1062.79 898.08 681.99 448.03 217.34 41.59 0.00 0.00 0.00 0.00 0.00
0.00 0.00 0.00 0.00 0.00 25.40 186.73 427.07 693.73 930.85 1077.80 1151.15 1147.08 1050.54 867.41 659.66 437.03 209.48 38.49 0.00 0.00 0.00 0.00 0.00
0.00 0.00 0.00 0.00 0.00 24.40 187.88 435.31 707.23 944.46 1090.17 1155.36 1133.63 1021.45 826.27 626.93 416.73 197.71 34.69 0.00 0.00 0.00 0.00 0.00
0.00 0.00 0.00 0.00 0.00 22.98 182.91 426.44 693.95 922.21 1073.46 1138.02 1112.63 992.94 799.17 599.15 394.41 184.82 30.65 0.00 0.00 0.00 0.00 0.00
0.00 0.00 0.00 0.00 0.00 21.55 174.75 407.10 661.88 878.24 1045.09 1113.32 1095.47 973.94 794.82 587.83 379.66 175.50 27.31 0.00 0.00 0.00 0.00 0.00
0.00 0.00 0.00 0.00 0.00 20.85 170.36 395.94 641.47 853.67 1036.80 1105.84 1096.73 980.47 818.91 606.79 385.87 176.81 26.05 0.00 0.00 0.00 0.00 0.00
0.00 0.00 0.00 0.00 0.00 21.01 174.97 407.76 658.62 877.69 1066.73 1133.21 1127.82 1024.54 869.84 654.73 414.34 189.56 26.88 0.00 0.00 0.00 0.00 0.00
0.00 0.00 0.00 0.00 0.00 21.22 184.21 432.80 699.28 928.12 1112.31 1175.30 1168.56 1080.58 919.85 701.81 445.32 204.12 28.05 0.00 0.00 0.00 0.00 0.00
0.00 0.00 0.00 0.00 0.00 20.46 188.22 446.93 725.16 957.67 1130.41 1187.28 1177.20 1102.60 934.60 715.81 456.13 209.01 27.86 0.00 0.00 0.00 0.00 0.00
0.00 0.00 0.00 0.00 0.00 18.30 182.41 438.57 716.90 945.81 1102.03 1148.48 1135.77 1071.46 907.47 690.16 439.88 199.98 25.83 0.00 0.00 0.00 0.00 0.00
0.00 0.00 0.00 0.00 0.00 14.84 170.65 417.13 688.49 912.55 1053.38 1091.09 1078.45 1017.33 866.94 648.90 410.51 183.00 22.72 0.00 0.00 0.00 0.00 0.00
0.00 0.00 0.00 0.00 0.00 10.35 160.56 401.70 669.02 894.24 1032.83 1073.45 1064.53 995.01 850.98 627.75 392.41 169.99 19.88 0.00 0.00 0.00 0.00 0.00
0.00 0.00 0.00 0.00 0.00 5.76 156.76 401.98 671.37 903.97 1055.64 1111.03 1108.19 1022.21 866.04 637.14 395.03 166.65 17.79 0.00 0.00 0.00 0.00 0.00
0.00 0.00 0.00 0.00 0.00 2.37 156.49 407.49 678.25 917.08 1084.58 1154.55 1159.39 1059.24 882.40 654.04 403.94 166.95 15.29 0.00 0.00 0.00 0.00 0.00
0.00 0.00 0.00 0.00 0.00 0.68 152.45 399.56 662.90 901.36 1076.08 1152.23 1167.27 1062.20 873.18 652.37 400.30 161.79 11.25 0.00 0.00 0.00 0.00 0.00
0.00 0.00 0.00 0.00 0.00 0.13 141.02 372.10 618.04 849.97 1022.15 1099.75 1123.20 1023.87 834.73 623.05 377.51 147.93 6.42 0.00 0.00 0.00 0.00 0.00
0.00 0.00 0.00 0.00 0.00 0.02 126.94 337.80 563.25 784.29 947.78 1026.45 1047.98 963.17 779.45 576.83 344.69 130.20 2.65 0.00 0.00 0.00 0.00 0.00
0.00 0.00 0.00 0.00 0.00 0.00 118.76 316.27 528.62 738.26 891.58 968.63 979.28 909.23 733.74 541.00 321.21 117.91 0.76 0.00 0.00 0.00 0.00 0.00
0.00 0.00 0.00 0.00 0.00 0.00 119.83 316.79 529.95 735.20 883.36 954.18 957.11 890.73 725.06 536.85 319.15 115.78 0.15 0.00 0.00 0.00 0.00 0.00
0.00 0.00 0.00 0.00 0.00 0.00 125.77 332.64 557.93 769.00 921.27 984.12 988.24 911.95 751.79 555.64 330.10 118.93 0.02 0.00 0.00 0.00 0.00 0.00
0.00 0.00 0.00 0.00 0.00 0.00 130.47 349.82 589.86 811.87 973.47 1029.49 1037.08 945.86 783.51 570.66 336.26 119.48 0.00 0.00 0.00 0.00 0.00 0.00
0.00 0.00 0.00 0.00 0.00 0.00 131.49 360.26 611.35 843.79 1012.48 1065.73 1070.57 969.97 800.42 571.31 332.56 115.90 0.00 0.00 0.00 0.00 0.00 0.00
0.00 0.00 0.00 0.00 0.00 0.00 130.36 367.05 625.94 866.33 1039.11 1096.75 1090.56 988.02 807.78 567.48 327.50 112.02 0.00 0.00 0.00 0.00 0.00 0.00
0.00 0.00 0.00 0.00 0.00 0.00 129.08 374.35 639.65 883.70 1060.88 1126.96 1107.47 1002.06 806.76 562.31 324.28 109.25 0.00 0.00 0.00 0.00 0.00 0.00
0.00 0.00 0.00 0.00 0.00 0.00 127.07 378.04 647.12 889.16 1070.75 1142.93 1118.01 999.45 787.50 545.58 315.93 105.14 0.00 0.00 0.00 0.00 0.00 0.00
0.00 0.00 0.00 0.00 0.00 0.00 122.58 371.50 639.97 875.85 1059.23 1136.10 1118.74 978.69 755.51 517.52 300.00 98.53 0.00 0.00 0.00 0.00 0.00 0.00
0.00 0.00 0.00 0.00 0.00 0.00 115.63 354.51 617.32 845.06 1026.39 1112.40 1110.73 957.27 732.24 496.72 285.33 91.53 0.00 0.00 0.00 0.00 0.00 0.00
0.00 0.00 0.00 0.00 0.00 0.00 108.29 333.48 585.68 804.95 979.80 1078.15 1089.68 944.52 725.58 494.08 279.06 86.05 0.00 0.00 0.00 0.00 0.00 0.00
0.00 0.00 0.00 0.00 0.00 0.00 102.27 315.28 553.43 766.48 931.37 1035.68 1050.78 930.88 723.39 499.38 277.47 81.87 0.00 0.00 0.00 0.00 0.00 0.00
0.00 0.00 0.00 0.00 0.00 0.00 97.66 302.57 525.78 737.74 892.13 990.09 1001.39 910.51 716.93 501.53 275.52 78.65 0.00 0.00 0.00 0.00 0.00 0.00
0.00 0.00 0.00 0.00 0.00 0.00 93.77 294.11 504.90 721.33 865.41 948.43 957.90 888.95 706.81 497.64 271.94 76.26 0.00 0.00 0.00 0.00 0.00 0.00
0.00 0.00 0.00 0.00 0.00 0.00 89.22 285.73 489.06 710.11 843.12 908.64 924.90 862.13 683.01 478.65 260.95 72.22 0.00 0.00 0.00 0.00 0.00 0.00
0.00 0.00 0.00 0.00 0.00 0.00 82.70 271.83 470.10 686.06 809.33 859.28 884.22 811.45 628.17 433.60 234.52 63.28 0.00 0.00 0.00 0.00 0.00 0.00
0.00 0.00 0.00 0.00 0.00 0.00 75.47 252.75 444.49 641.35 759.80 802.85 821.71 732.20 550.64 374.26 197.50 50.79 0.00 0.00 0.00 0.00 0.00 0.00
0.00 0.00 0.00 0.00 0.00 0.00 70.66 237.26 423.28 596.52 715.55 764.48 759.34 655.05 489.98 332.23 167.96 40.42 0.00 0.00 0.00 0.00 0.00 0.00
0.00 0.00 0.00 0.00 0.00 0.00 70.12 234.80 422.02 584.33 706.71 766.62 738.40 622.67 479.70 326.49 159.21 35.76 0.00 0.00 0.00 0.00 0.00 0.00
0.00 0.00 0.00 0.00 0.00 0.00 73.36 247.60 444.78 616.44 743.28 808.61 774.76 650.66 520.64 352.42 170.66 36.05 0.00 0.00 0.00 0.00 0.00 0.00
0.00 0.00 0.00 0.00 0.00 0.00 78.04 268.20 479.15 670.31 804.42 870.88 847.37 722.59 590.68 397.35 194.51 39.23 0.00 0.00 0.00 0.00 0.00 0.00
0.00 0.00 0.00 0.00 0.00 0.00 81.70 286.04 508.76 715.51 861.41 930.99 923.48 808.42 661.34 446.04 220.73 43.26 0.00 0.00 0.00 0.00 0.00 0.00
0.00 0.00 0.00 0.00 0.00 0.00 83.05 294.26 523.23 735.83 895.08 968.55 973.50 870.85 702.39 476.52 237.10 45.39 0.00 0.00 0.00 0.00 0.00 0.00
0.00 0.00 0.00 0.00 0.00 0.00 81.16 288.23 514.38 721.88 890.04 962.75 973.88 876.46 692.31 470.20 233.96 43.32 0.00 0.00 0.00 0.00 0.00 0.00
0.00 0.00 0.00 0.00 0.00 0.00 75.93 267.93 481.20 674.19 844.15 910.80 924.71 824.18 637.98 429.96 212.62 37.28 0.00 0.00 0.00 0.00 0.00 0.00
0.00 0.00 0.00 0.00 0.00 0.00 69.16 242.74 439.27 614.70 781.33 839.12 854.80 749.90 572.47 379.70 185.43 29.78 0.00 0.00 0.00 0.00 0.00 0.00
0.00 0.00 0.00 0.00 0.00 0.00 63.35 223.42 406.77 567.58 727.58 773.07 789.01 686.07 520.69 339.23 162.90 23.11 0.00 0.00 0.00 0.00 0.00 0.00
0.00 0.00 0.00 0.00 0.00 0.00 59.68 212.61 388.21 539.34 690.41 722.33 734.69 640.80 486.81 313.47 147.50 18.66 0.00 0.00 0.00 0.00 0.00 0.00
0.00 0.00 0.00 0.00 0.00 0.00 58.10 211.17 387.01 537.17 680.74 706.53 710.19 624.01 477.88 306.91 141.42 17.35 0.00 0.00 0.00 0.00 0.00 0.00
0.00 0.00 0.00 0.00 0.00 0.00 58.58 223.11 412.75 576.09 717.88 747.79 739.50 649.36 502.61 324.11 147.28 18.67 0.00 0.00 0.00 0.00 0.00 0.00
0.00 0.00 0.00 0.00 0.00 0.00 60.75 246.33 461.20 649.15 793.59 829.88 810.09 706.21 549.41 357.10 161.38 20.68 0.00 0.00 0.00 0.00 0.00 0.00
0.00 0.00 0.00 0.00 0.00 0.00 62.88 268.17 506.83 717.85 863.99 902.91 874.85 760.09 590.74 386.85 173.79 21.43 0.00 0.00 0.00 0.00 0.00 0.00
0.00 0.00 0.00 0.00 0.00 0.00 62.77 275.73 524.66 744.85 888.68 928.39 896.92 779.14 605.04 396.83 175.86 19.99 0.00 0.00 0.00 0.00 0.00 0.00
0.00 0.00 0.00 0.00 0.00 0.00 59.61 265.13 506.97 718.99 856.31 897.30 866.88 749.54 584.09 380.96 165.37 16.40 0.00 0.00 0.00 0.00 0.00 0.00
0.00 0.00 0.00 0.00 0.00 0.00 54.54 242.54 464.48 657.63 785.93 828.63 800.01 685.34 536.60 347.03 147.07 11.42 0.00 0.00 0.00 0.00 0.00 0.00
0.00 0.00 0.00 0.00 0.00 0.00 49.77 222.51 425.83 604.65 727.41 772.59 742.64 633.72 494.93 318.30 131.61 6.82 0.00 0.00 0.00 0.00 0.00 0.00
0.00 0.00 0.00 0.00 0.00 0.00 47.05 218.80 420.30 602.19 729.48 778.99 745.09 640.70 494.53 318.54 129.35 4.76 0.00 0.00 0.00 0.00 0.00 0.00
0.00 0.00 0.00 0.00 0.00 0.00 46.31 230.50 447.54 646.40 786.79 843.92 806.81 701.69 537.46 347.88 140.52 5.80 0.00 0.00 0.00 0.00 0.00 0.00
0.00 0.00 0.00 0.00 0.00 0.00 45.68 242.12 475.72 690.14 842.47 909.91 871.50 764.01 586.58 379.73 153.41 7.72 0.00 0.00 0.00 0.00 0.00 0.00
0.00 0.00 0.00 0.00 0.00 0.00 43.31 239.06 473.62 690.81 846.11 922.26 882.47 779.05 600.66 386.16 155.16 7.60 0.00 0.00 0.00 0.00 0.00 0.00
0.00 0.00 0.00 0.00 0.00 0.00 39.58 222.45 441.92 650.04 801.09 880.99 837.97 747.31 576.90 366.85 144.86 5.11 0.00 0.00 0.00 0.00 0.00 0.00
0.00 0.00 0.00 0.00 0.00 0.00 36.79 208.69 413.56 612.68 760.86 841.26 795.16 715.48 553.25 348.59 133.81 2.30 0.00 0.00 0.00 0.00 0.00 0.00
0.00 0.00 0.00 0.00 0.00 0.00 36.30 212.06 419.22 621.36 773.13 853.40 808.91 726.46 563.20 353.61 132.13 0.69 0.00 0.00 0.00 0.00 0.00 0.00
0.00 0.00 0.00 0.00 0.00 0.00 36.97 229.50 454.82 670.34 828.26 907.14 869.66 773.17 598.35 375.17 138.01 0.14 0.00 0.00 0.00 0.00 0.00 0.00
0.00 0.00 0.00 0.00 0.00 0.00 36.97 245.81 490.25 717.80 878.55 954.47 925.44 814.03 625.91 390.78 142.33 0.02 0.00 0.00 0.00 0.00 0.00 0.00
0.00 0.00 0.00 0.00 0.00 0.00 35.62 250.73 504.50 736.78 896.68 969.82 948.05 825.74 630.62 390.57 140.32 0.00 0.00 0.00 0.00 0.00 0.00 0.00
0.00 0.00 0.00 0.00 0.00 0.00 33.42 245.69 500.10 732.74 890.69 962.38 945.87 818.10 622.07 381.43 134.26 0.00 0.00 0.00 0.00 0.00 0.00 0.00
0.00 0.00 0.00 0.00 0.00 0.00 31.05 236.72 488.88 720.65 876.54 947.70 932.53 805.93 610.99 370.67 127.32 0.00 0.00 0.00 0.00 0.00 0.00 0.00
0.00 0.00 0.00 0.00 0.00 0.00 28.88 227.77 478.09 708.45 861.99 932.53 914.56 792.16 598.49 359.29 120.27 0.00 0.00 0.00 0.00 0.00 0.00 0.00
0.00 0.00 0.00 0.00 0.00 0.00 27.09 220.56 470.27 699.61 851.23 920.76 899.28 776.22 584.89 348.41 113.80 0.00 0.00 0.00 0.00 0.00 0.00 0.00
0.00 0.00 0.00 0.00 0.00 0.00 25.58 215.38 465.42 694.56 845.71 913.90 891.26 759.81 572.53 339.94 108.89 0.00 0.00 0.00 0.00 0.00 0.00 0.00
0.00 0.00 0.00 0.00 0.00 0.00 24.19 211.04 461.39 689.77 841.54 907.86 886.17 746.46 562.97 333.65 105.27 0.00 0.00 0.00 0.00 0.00 0.00 0.00
0.00 0.00 0.00 0.00 0.00 0.00 22.81 206.54 456.92 683.36 836.12 900.63 880.43 741.62 558.45 329.44 102.36 0.00 0.00 0.00 0.00 0.00 0.00 0.00
0.00 0.00 0.00 0.00 0.00 0.00 21.48 202.46 453.28 677.73 831.54 895.65 876.01 745.75 559.36 327.75 100.32 0.00 0.00 0.00 0.00 0.00 0.00 0.00
0.00 0.00 0.00 0.00 0.00 0.00 20.31 199.45 451.18 673.86 828.49 893.41 871.68 750.11 560.53 326.54 98.69 0.00 0.00 0.00 0.00 0.00 0.00 0.00
0.00 0.00 0.00 0.00 0.00 0.00 19.19 195.85 447.12 666.86 821.77 886.82 860.46 743.58 553.75 320.92 95.49 0.00 0.00 0.00 0.00 0.00 0.00 0.00
0.00 0.00 0.00 0.00 0.00 0.00 17.67 188.22 434.75 648.46 802.92 867.22 836.87 721.37 534.70 307.79 89.38 0.00 0.00 0.00 0.00 0.00 0.00 0.00
0.00 0.00 0.00 0.00 0.00 0.00 15.26 175.02 411.32 615.18 767.34 833.71 801.79 688.64 508.31 290.63 81.93 0.00 0.00 0.00 0.00 0.00 0.00 0.00
0.00 0.00 0.00 0.00 0.00 0.00 12.10 160.28 384.46 577.74 724.70 799.05 765.18 659.12 486.87 277.47 76.29 0.00 0.00 0.00 0.00 0.00 0.00 0.00
0.00 0.00 0.00 0.00 0.00 0.00 8.98 152.32 370.71 559.49 701.23 784.91 747.10 649.88 482.42 274.69 74.08 0.00 0.00 0.00 0.00 0.00 0.00 0.00
0.00 0.00 0.00 0.00 0.00 0.00 6.30 154.89 378.64 572.35 713.83 799.91 760.00 665.39 495.11 280.85 73.85 0.00 0.00 0.00 0.00 0.00 0.00 0.00
0.00 0.00 0.00 0.00 0.00 0.00 3.81 161.33 395.62 598.13 744.09 824.58 787.45 687.02 509.86 286.80 72.65 0.00 0.00 0.00 0.00 0.00 0.00 0.00
0.00 0.00 0.00 0.00 0.00 0.00 1.73 162.92 402.66 610.44 760.54 833.64 801.58 693.98 512.74 285.63 69.29 0.00 0.00 0.00 0.00 0.00 0.00 0.00
0.00 0.00 0.00 0.00 0.00 0.00 0.54 158.08 395.08 603.31 754.56 822.88 794.78 685.04 504.22 278.89 65.05 0.00 0.00 0.00 0.00 0.00 0.00 0.00
0.00 0.00 0.00 0.00 0.00 0.00 0.11 149.34 378.14 583.17 733.01 799.67 774.50 668.66 490.98 270.93 61.46 0.00 0.00 0.00 0.00 0.00 0.00 0.00
0.00 0.00 0.00 0.00 0.00 0.00 0.02 137.96 354.68 551.68 696.86 764.45 741.37 645.10 473.93 262.24 58.54 0.00 0.00 0.00 0.00 0.00 0.00 0.00
0.00 0.00 0.00 0.00 0.00 0.00 0.00 126.11 329.50 514.67 652.07 721.58 697.19 612.95 452.18 251.23 55.30 0.00 0.00 0.00 0.00 0.00 0.00 0.00
0.00 0.00 0.00 0.00 0.00 0.00 0.00 118.55 313.68 489.73 620.57 690.35 661.43 582.85 431.56 239.12 51.36 0.00 0.00 0.00 0.00 0.00 0.00 0.00
0.00 0.00 0.00 0.00 0.00 0.00 0.00 116.77 311.18 484.67 613.53 680.58 648.89 565.22 418.06 228.70 47.55 0.00 0.00 0.00 0.00 0.00 0.00 0.00
0.00 0.00 0.00 0.00 0.00 0.00 0.00 117.68 315.70 491.30 621.44 684.70 654.63 562.31 414.83 223.88 45.64 0.00 0.00 0.00 0.00 0.00 0.00 0.00
0.00 0.00 0.00 0.00 0.00 0.00 0.00 120.17 326.30 508.94 642.96 705.43 679.02 580.96 428.30 230.20 47.03 0.00 0.00 0.00 0.00 0.00 0.00 0.00
0.00 0.00 0.00 0.00 0.00 0.00 0.00 124.45 343.98 539.08 679.79 745.85 722.19 619.58 456.09 245.60 50.27 0.00 0.00 0.00 0.00 0.00 0.00 0.00
0.00 0.00 0.00 0.00 0.00 0.00 0.00 127.09 359.02 566.01 713.18 783.34 760.95 653.62 479.62 258.02 52.10 0.00 0.00 0.00 0.00 0.00 0.00 0.00
0.00 0.00 0.00 0.00 0.00 0.00 0.00 124.28 360.43 572.26 722.37 792.53 771.39 661.65 484.15 258.71 50.97 0.00 0.00 0.00 0.00 0.00 0.00 0.00
0.00 0.00 0.00 0.00 0.00 0.00 0.00 116.30 348.09 557.81 707.67 773.36 755.53 647.23 472.40 249.64 47.88 0.00 0.00 0.00 0.00 0.00 0.00 0.00
0.00 0.00 0.00 0.00 0.00 0.00 0.00 106.79 330.97 536.17 685.12 746.03 733.58 628.91 457.38 238.71 44.81 0.00 0.00 0.00 0.00 0.00 0.00 0.00
0.00 0.00 0.00 0.00 0.00 0.00 0.00 99.78 319.23 521.76 671.08 731.41 723.08 621.35 450.26 232.76 43.06 0.00 0.00 0.00 0.00 0.00 0.00 0.00
0.00 0.00 0.00 0.00 0.00 0.00 0.00 96.41 315.24 517.79 668.28 731.94 723.74 623.57 451.08 232.06 42.39 0.00 0.00 0.00 0.00 0.00 0.00 0.00
0.00 0.00 0.00 0.00 0.00 0.00 0.00 94.37 312.40 515.00 665.52 731.90 721.60 623.44 450.60 230.98 41.52 0.00 0.00 0.00 0.00 0.00 0.00 0.00
0.00 0.00 0.00 0.00 0.00 0.00 0.00 91.62 305.91 506.85 655.85 722.69 711.33 615.91 444.13 226.34 39.91 0.00 0.00 0.00 0.00 0.00 0.00 0.00
0.00 0.00 0.00 0.00 0.00 0.00 0.00 88.51 299.09 499.07 646.78 714.33 703.90 608.83 437.25 221.28 38.16 0.00 0.00 0.00 0.00 0.00 0.00 0.00
0.00 0.00 0.00 0.00 0.00 0.00 0.00 85.36 294.79 496.76 644.73 714.19 706.67 606.75 433.84 218.17 36.65 0.00 0.00 0.00 0.00 0.00 0.00 0.00
0.00 0.00 0.00 0.00 0.00 0.00 0.00 81.30 289.97 494.84 644.19 715.04 712.19 604.49 430.80 215.28 35.15 0.00 0.00 0.00 0.00 0.00 0.00 0.00
0.00 0.00 0.00 0.00 0.00 0.00 0.00 76.82 284.25 490.62 641.78 713.08 713.98 601.84 429.06 213.24 34.01 0.00 0.00 0.00 0.00 0.00 0.00 0.00
0.00 0.00 0.00 0.00 0.00 0.00 0.00 73.72 282.34 489.56 642.67 714.61 714.48 604.30 433.06 214.78 33.95 0.00 0.00 0.00 0.00 0.00 0.00 0.00
0.00 0.00 0.00 0.00 0.00 0.00 0.00 72.02 284.55 492.35 646.96 720.01 714.26 609.08 439.08 217.72 34.48 0.00 0.00 0.00 0.00 0.00 0.00 0.00
0.00 0.00 0.00 0.00 0.00 0.00 0.00 69.83 284.88 491.82 646.84 720.59 709.84 608.50 439.21 217.44 34.40 0.00 0.00 0.00 0.00 0.00 0.00 0.00
0.00 0.00 0.00 0.00 0.00 0.00 0.00 66.26 279.63 484.32 638.93 712.20 700.75 601.23 432.39 213.63 33.57 0.00 0.00 0.00 0.00 0.00 0.00 0.00
0.00 0.00 0.00 0.00 0.00 0.00 0.00 62.30 271.18 473.67 627.42 699.29 689.23 589.91 422.90 209.16 32.77 0.00 0.00 0.00 0.00 0.00 0.00 0.00
0.00 0.00 0.00 0.00 0.00 0.00 0.00 59.18 263.79 465.13 617.74 688.57 678.08 577.79 414.97 206.24 32.54 0.00 0.00 0.00 0.00 0.00 0.00 0.00
0.00 0.00 0.00 0.00 0.00 0.00 0.00 57.46 260.34 462.03 613.91 685.37 672.10 570.54 412.02 206.12 33.00 0.00 0.00 0.00 0.00 0.00 0.00 0.00
0.00 0.00 0.00 0.00 0.00 0.00 0.00 56.62 259.93 462.47 614.29 688.13 671.19 568.02 411.90 207.07 33.60 0.00 0.00 0.00 0.00 0.00 0.00 0.00
0.00 0.00 0.00 0.00 0.00 0.00 0.00 54.97 256.25 456.68 607.42 683.86 663.87 557.76 404.33 203.23 33.14 0.00 0.00 0.00 0.00 0.00 0.00 0.00
0.00 0.00 0.00 0.00 0.00 0.00 0.00 51.21 243.71 436.29 582.89 659.84 639.73 531.01 383.59 191.70 31.13 0.00 0.00 0.00 0.00 0.00 0.00 0.00
0.00 0.00 0.00 0.00 0.00 0.00 0.00 46.32 225.59 407.12 547.36 621.40 604.63 498.48 359.48 178.65 28.82 0.00 0.00 0.00 0.00 0.00 0.00 0.00
0.00 0.00 0.00 0.00 0.00 0.00 0.00 42.48 211.06 384.52 519.39 588.15 573.96 476.96 344.98 171.69 27.61 0.00 0.00 0.00 0.00 0.00 0.00 0.00
0.00 0.00 0.00 0.00 0.00 0.00 0.00 40.22 202.96 372.87 504.39 567.76 551.38 464.68 336.94 168.33 26.81 0.00 0.00 0.00 0.00 0.00 0.00 0.00
0.00 0.00 0.00 0.00 0.00 0.00 0.00 37.76 193.55 357.81 485.06 544.20 523.07 443.19 320.69 159.36 24.65 0.00 0.00 0.00 0.00 0.00 0.00 0.00
0.00 0.00 0.00 0.00 0.00 0.00 0.00 33.95 177.84 328.66 448.66 505.28 481.85 407.26 294.52 143.87 21.44 0.00 0.00 0.00 0.00 0.00 0.00 0.00
0.00 0.00 0.00 0.00 0.00 0.00 0.00 30.47 165.01 300.23 413.54 470.30 447.94 379.40 277.17 133.36 19.93 0.00 0.00 0.00 0.00 0.00 0.00 0.00
0.00 0.00 0.00 0.00 0.00 0.00 0.00 29.29 165.83 293.98 406.28 465.29 444.96 380.68 282.94 136.61 21.50 0.00 0.00 0.00 0.00 0.00 0.00 0.00
0.00 0.00 0.00 0.00 0.00 0.00 0.00 29.59 176.57 308.99 425.92 487.22 468.17 403.64 303.38 148.50 24.29 0.00 0.00 0.00 0.00 0.00 0.00 0.00
0.00 0.00 0.00 0.00 0.00 0.00 0.00 29.52 186.64 330.01 453.42 516.38 498.74 429.90 322.58 159.44 26.28 0.00 0.00 0.00 0.00 0.00 0.00 0.00
0.00 0.00 0.00 0.00 0.00 0.00 0.00 28.77 191.55 346.87 475.20 539.81 525.05 450.16 333.14 165.48 27.19 0.00 0.00 0.00 0.00 0.00 0.00 0.00
0.00 0.00 0.00 0.00 0.00 0.00 0.00 27.87 191.76 355.75 486.21 552.00 540.08 460.71 335.14 167.28 27.43 0.00 0.00 0.00 0.00 0.00 0.00 0.00
0.00 0.00 0.00 0.00 0.00 0.00 0.00 27.14 189.02 356.63 487.65 553.42 541.97 462.31 333.68 167.94 27.68 0.00 0.00 0.00 0.00 0.00 0.00 0.00
0.00 0.00 0.00 0.00 0.00 0.00 0.00 26.91 187.13 355.15 487.59 552.84 540.92 463.79 337.29 172.03 29.22 0.00 0.00 0.00 0.00 0.00 0.00 0.00
0.00 0.00 0.00 0.00 0.00 0.00 0.00 27.50 190.51 360.87 497.41 563.85 553.48 477.93 353.21 183.18 32.94 0.00 0.00 0.00 0.00 0.00 0.00 0.00
0.00 0.00 0.00 0.00 0.00 0.00 0.00 28.50 198.54 376.46 518.96 589.48 582.45 506.03 378.17 198.95 37.68 0.00 0.00 0.00 0.00 0.00 0.00 0.00
0.00 0.00 0.00 0.00 0.00 0.00 0.00 28.70 204.05 391.06 538.23 613.21 609.36 530.93 397.06 210.28 40.64 0.00 0.00 0.00 0.00 0.00 0.00 0.00
0.00 0.00 0.00 0.00 0.00 0.00 0.00 27.56 201.87 394.10 542.84 619.88 618.67 538.34 400.28 212.05 40.59 0.00 0.00 0.00 0.00 0.00 0.00 0.00
0.00 0.00 0.00 0.00 0.00 0.00 0.00 25.97 195.52 389.07 537.78 615.89 616.41 533.97 394.81 209.25 39.40 0.00 0.00 0.00 0.00 0.00 0.00 0.00
0.00 0.00 0.00 0.00 0.00 0.00 0.00 25.14 192.32 386.81 536.54 617.69 617.57 532.44 393.85 210.04 39.68 0.00 0.00 0.00 0.00 0.00 0.00 0.00
0.00 0.00 0.00 0.00 0.00 0.00 0.00 25.43 195.79 393.29 546.35 632.35 630.27 543.07 404.68 218.29 42.58 0.00 0.00 0.00 0.00 0.00 0.00 0.00
0.00 0.00 0.00 0.00 0.00 0.00 0.00 26.27 203.27 404.74 562.27 651.85 649.70 562.97 423.65 230.97 46.99 0.00 0.00 0.00 0.00 0.00 0.00 0.00
0.00 0.00 0.00 0.00 0.00 0.00 0.00 26.79 209.11 412.38 572.89 662.75 662.61 579.25 439.30 240.80 50.44 0.00 0.00 0.00 0.00 0.00 0.00 0.00
0.00 0.00 0.00 0.00 0.00 0.00 0.00 26.81 211.12 413.91 575.17 663.63 665.09 585.28 445.67 244.52 51.80 0.00 0.00 0.00 0.00 0.00 0.00 0.00
