9356.30 9281.35 9278.57 9309.12 9286.33 9356.22 9489.51 9550.85 9294.63 9046.32 9121.46 8954.19 8939.27 8878.29 9015.52 9043.44 9095.11 9607.76 9998.16 10267.43 10321.70 10119.06 9921.24 9816.67
9505.59 9345.54 9345.54 9266.51 9153.52 9151.92 9279.45 9335.60 9068.93 9281.52 9221.29 9281.32 9339.67 9501.16 9473.58 9640.26 9633.14 10076.82 10241.88 10241.71 10337.91 10403.40 10145.60 9814.65
9653.73 9475.94 9475.95 9388.16 9262.65 9260.87 9402.53 9464.91 9168.69 9404.84 9337.92 9404.61 9469.43 9648.81 9618.17 9803.32 9795.41 10288.26 10471.61 10471.41 10578.28 10651.02 10364.66 9997.04
9962.24 9789.53 9789.53 9704.25 9582.32 9580.59 9718.21 9778.81 9491.04 9720.45 9655.45 9720.23 9783.20 9957.46 9927.70 10107.56 10099.88 10578.66 10756.78 10756.59 10860.40 10931.06 10652.88 10295.75
10256.09 10086.38 10086.39 10002.59 9882.78 9881.08 10016.31 10075.85 9793.09 10018.51 9954.63 10018.29 10080.17 10251.40 10222.15 10398.89 10391.34 10861.79 11036.81 11036.63 11138.63 11208.07 10934.72 10583.80
10365.78 10284.16 10281.12 10314.40 10289.58 10365.69 10510.86 10577.68 10298.62 10028.18 10110.01 9927.84 9911.58 9845.17 9994.63 10025.04 10081.32 10639.65 11064.86 11358.13 11417.22 11196.53 10981.08 10867.19
10542.30 10464.52 10461.63 10493.34 10469.68 10542.22 10680.57 10744.24 10478.30 10220.57 10298.56 10124.95 10109.46 10046.17 10188.60 10217.58 10271.21 10803.30 11208.52 11488.00 11544.32 11334.00 11128.68 11020.14
10722.87 10585.30 10585.30 10517.37 10420.24 10418.86 10528.49 10576.76 10347.52 10530.27 10478.49 10530.09 10580.26 10719.07 10695.36 10838.64 10832.52 11213.91 11355.79 11355.64 11438.34 11494.63 11273.03 10988.55
10641.13 10472.20 10472.20 10388.79 10269.53 10267.84 10402.45 10461.71 10180.25 10404.64 10341.06 10404.42 10466.01 10636.46 10607.35 10783.27 10775.76 11244.05 11418.26 11418.08 11519.62 11588.74 11316.64 10967.34
10675.12 10486.46 10486.46 10393.31 10260.12 10258.23 10408.56 10474.75 10160.42 10411.01 10340.00 10410.76 10479.55 10669.90 10637.39 10833.86 10825.47 11348.45 11543.01 11542.81 11656.21 11733.39 11429.52 11039.42
10800.06 10596.30 10596.30 10495.69 10351.82 10349.79 10512.16 10583.65 10244.13 10514.80 10438.10 10514.53 10588.83 10794.43 10759.32 10971.53 10962.46 11527.34 11737.49 11737.27 11859.75 11943.12 11614.91 11193.56
10982.29 10780.71 10780.71 10681.18 10538.85 10536.84 10697.47 10768.19 10432.32 10700.08 10624.21 10699.82 10773.32 10976.72 10941.98 11151.92 11142.95 11701.78 11909.68 11909.46 12030.62 12113.10 11788.41 11371.57
11168.64 11089.60 11086.66 11118.89 11094.85 11168.56 11309.14 11373.84 11103.60 10841.72 10920.96 10744.54 10728.80 10664.49 10809.22 10838.67 10893.17 11433.86 11845.62 12129.63 12186.86 11973.14 11764.50 11654.21
11257.90 11176.67 11173.65 11206.77 11182.06 11257.81 11402.27 11468.76 11191.06 10921.95 11003.38 10822.10 10805.92 10739.83 10888.56 10918.82 10974.82 11530.43 11953.56 12245.39 12304.20 12084.59 11870.19 11756.86
11359.53 11175.36 11175.36 11084.43 10954.41 10952.57 11099.32 11163.93 10857.08 11101.70 11032.39 11101.46 11168.61 11354.44 11322.70 11514.49 11506.30 12016.83 12206.77 12206.57 12317.26 12392.61 12095.98 11715.16
11464.43 11288.30 11288.31 11201.34 11077.00 11075.23 11215.58 11277.37 10983.91 11217.86 11151.57 11217.63 11281.85 11459.56 11429.21 11612.63 11604.79 12093.04 12274.68 12274.49 12380.36 12452.42 12168.73 11804.54
11612.47 11442.31 11442.31 11358.30 11238.16 11236.46 11372.05 11431.75 11148.23 11374.25 11310.21 11374.03 11436.08 11607.77 11578.44 11755.65 11748.08 12219.78 12395.27 12395.09 12497.36 12566.98 12292.91 11941.06
11788.86 11608.89 11608.89 11520.03 11392.97 11391.17 11534.58 11597.72 11297.86 11536.91 11469.17 11536.67 11602.30 11783.88 11752.87 11940.29 11932.28 12431.18 12616.79 12616.59 12724.76 12798.40 12508.52 12136.39
11974.00 11799.02 11799.02 11712.63 11589.09 11587.34 11726.77 11788.16 11496.62 11729.04 11663.18 11728.81 11792.61 11969.16 11939.00 12121.23 12113.44 12598.50 12778.96 12778.77 12883.94 12955.53 12673.70 12311.89
11907.99 11836.89 11834.25 11863.23 11841.61 11907.91 12034.35 12092.55 11849.49 11613.93 11685.21 11526.53 11512.38 11454.53 11584.71 11611.20 11660.22 12146.53 12516.89 12772.33 12823.80 12631.58 12443.92 12344.72
11716.30 11635.11 11632.09 11665.19 11640.50 11716.22 11860.63 11927.09 11649.49 11380.47 11461.87 11280.65 11264.48 11198.42 11347.09 11377.34 11433.33 11988.74 12411.72 12703.45 12762.24 12542.70 12328.38 12215.09
11729.19 11544.83 11544.84 11453.81 11323.64 11321.80 11468.71 11533.39 11226.21 11471.09 11401.71 11470.86 11538.08 11724.10 11692.33 11884.32 11876.12 12387.20 12577.33 12577.13 12687.95 12763.38 12466.43 12085.21
11724.79 11542.88 11542.88 11453.05 11324.62 11322.80 11467.76 11531.58 11228.48 11470.11 11401.65 11469.88 11536.21 11719.76 11688.41 11877.87 11869.77 12374.07 12561.69 12561.49 12670.83 12745.27 12452.25 12076.08
11811.83 11635.56 11635.56 11548.52 11424.07 11422.31 11562.77 11624.61 11330.91 11565.05 11498.71 11564.83 11629.10 11806.96 11776.58 11960.15 11952.31 12440.96 12622.75 12622.56 12728.51 12800.63 12516.71 12152.22
11954.57 11781.92 11781.93 11696.68 11574.79 11573.06 11710.63 11771.21 11483.54 11712.87 11647.89 11712.65 11775.60 11949.80 11920.05 12099.85 12092.16 12570.77 12748.83 12748.64 12852.41 12923.05 12644.97 12287.97
12105.13 11929.29 11929.29 11842.47 11718.33 11716.57 11856.69 11918.38 11625.40 11858.96 11792.78 11858.74 11922.85 12100.27 12069.96 12253.09 12245.26 12732.71 12914.05 12913.86 13019.55 13091.49 12808.27 12444.68
12238.44 12166.36 12163.67 12193.06 12171.14 12238.36 12366.57 12425.58 12179.12 11940.29 12012.55 11851.67 11837.31 11778.66 11910.65 11937.51 11987.21 12480.31 12855.84 13114.84 13167.03 12972.12 12781.85 12681.27
12232.08 12159.67 12156.97 12186.50 12164.47 12232.00 12360.79 12420.07 12172.49 11932.57 12005.17 11843.55 11829.13 11770.21 11902.80 11929.78 11979.71 12475.05 12852.28 13112.47 13164.90 12969.10 12777.96 12676.92
12172.96 11993.35 11993.36 11904.67 11777.87 11776.07 11919.19 11982.20 11682.94 11921.52 11853.92 11921.28 11986.77 12168.00 12137.04 12324.09 12316.10 12814.00 12999.24 12999.04 13107.00 13180.49 12891.19 12519.80
12220.16 12046.14 12046.14 11960.22 11837.36 11835.62 11974.28 12035.34 11745.39 11976.54 11911.04 11976.31 12039.77 12215.35 12185.36 12366.59 12358.85 12841.26 13020.73 13020.54 13125.14 13196.34 12916.04 12556.20
12391.18 12247.68 12247.68 12176.82 12075.51 12074.08 12188.42 12238.77 11999.67 12190.28 12136.27 12190.09 12242.42 12387.21 12362.48 12511.93 12505.54 12903.35 13051.34 13051.19 13137.44 13196.16 12965.02 12668.29
12226.11 12074.83 12074.84 12000.14 11893.34 11891.83 12012.37 12065.44 11813.39 12014.33 11957.39 12014.13 12069.29 12221.93 12195.86 12353.40 12346.67 12766.02 12922.03 12921.87 13012.79 13074.69 12831.03 12518.23
12085.29 11919.24 11919.24 11837.25 11720.01 11718.36 11850.67 11908.93 11632.26 11852.82 11790.33 11852.61 11913.16 12080.70 12052.09 12225.02 12217.63 12677.96 12849.21 12849.03 12948.84 13016.78 12749.32 12405.95
12007.84 11937.02 11934.39 11963.26 11941.72 12007.76 12133.71 12191.68 11949.57 11714.94 11785.93 11627.88 11613.77 11556.16 11685.82 11712.21 11761.04 12245.45 12614.36 12868.80 12920.08 12728.60 12541.67 12442.86
11938.83 11870.08 11867.52 11895.55 11874.64 11938.76 12061.04 12117.31 11882.26 11654.46 11723.39 11569.94 11556.25 11500.31 11626.20 11651.82 11699.22 12169.52 12527.67 12774.70 12824.48 12638.58 12457.11 12361.18
11881.63 11703.40 11703.41 11615.40 11489.57 11487.79 11629.81 11692.34 11395.37 11632.12 11565.04 11631.89 11696.87 11876.71 11845.99 12031.61 12023.68 12517.76 12701.57 12701.38 12808.51 12881.43 12594.35 12225.81
11875.64 11696.82 11696.82 11608.52 11482.27 11480.48 11622.98 11685.71 11387.76 11625.29 11557.99 11625.06 11690.27 11870.70 11839.88 12026.11 12018.16 12513.89 12698.31 12698.12 12805.61 12878.77 12590.74 12220.96
11852.42 11680.37 11680.37 11595.41 11473.94 11472.22 11609.32 11669.69 11383.01 11611.55 11546.79 11611.33 11674.06 11847.67 11818.02 11997.20 11989.54 12466.51 12643.96 12643.77 12747.19 12817.58 12540.45 12184.67
11779.91 11611.70 11611.70 11528.64 11409.88 11408.20 11542.24 11601.26 11320.98 11544.42 11481.11 11544.20 11605.54 11775.26 11746.27 11921.45 11913.97 12380.28 12553.76 12553.58 12654.68 12723.51 12452.57 12104.74
11729.08 11574.87 11574.88 11498.74 11389.87 11388.32 11511.20 11565.30 11308.37 11513.20 11455.16 11513.00 11569.22 11724.82 11698.24 11858.83 11851.97 12279.45 12438.48 12438.31 12531.00 12594.09 12345.72 12026.85
11808.66 11752.65 11750.56 11773.40 11756.36 11808.60 11908.22 11954.07 11762.57 11576.98 11633.14 11508.12 11496.97 11451.39 11553.96 11574.82 11613.45 11996.60 12288.40 12489.65 12530.21 12378.76 12230.91 12152.75
11695.55 11541.86 11541.86 11465.97 11357.46 11355.92 11478.39 11532.32 11276.23 11480.38 11422.54 11480.19 11536.23 11691.31 11664.82 11824.88 11818.05 12244.12 12402.63 12402.46 12494.84 12557.73 12310.17 11992.35
11525.35 11344.92 11344.92 11255.83 11128.44 11126.64 11270.41 11333.72 11033.08 11272.75 11204.84 11272.52 11338.31 11520.36 11489.27 11677.18 11669.15 12169.34 12355.42 12355.23 12463.68 12537.50 12246.88 11873.78
11383.98 11216.15 11216.16 11133.29 11014.80 11013.12 11146.85 11205.73 10926.11 11149.03 11085.86 11148.81 11210.01 11379.34 11350.42 11525.20 11517.73 11982.97 12156.05 12155.87 12256.74 12325.41 12055.09 11708.06
11115.84 10941.65 10941.66 10855.65 10732.67 10730.93 10869.73 10930.84 10640.61 10871.98 10806.42 10871.76 10935.27 11111.03 11081.01 11262.41 11254.66 11737.54 11917.19 11917.00 12021.70 12092.97 11812.40 11452.21
10867.33 10791.73 10788.92 10819.74 10796.74 10867.25 11001.71 11063.60 10805.12 10554.63 10630.42 10461.69 10446.63 10385.12 10523.55 10551.72 10603.85 11121.00 11514.85 11786.49 11841.23 11636.81 11437.25 11331.76
10528.11 10450.63 10447.74 10479.34 10455.77 10528.03 10665.83 10729.26 10464.35 10207.63 10285.31 10112.38 10096.94 10033.90 10175.78 10204.65 10258.07 10788.09 11191.73 11470.13 11526.23 11316.73 11112.21 11004.09
10109.83 10037.93 10035.25 10064.57 10042.70 10109.75 10237.64 10296.50 10050.66 9812.43 9884.51 9724.03 9709.71 9651.21 9782.87 9809.66 9859.24 10351.09 10725.67 10984.02 11036.08 10841.66 10651.86 10551.54
10067.29 10011.73 10009.67 10032.32 10015.42 10067.23 10166.05 10211.53 10021.57 9837.49 9893.19 9769.19 9758.12 9712.92 9814.65 9835.35 9873.66 10253.71 10543.15 10742.77 10783.00 10632.78 10486.12 10408.60
10291.08 10220.84 10218.23 10246.87 10225.50 10291.01 10415.93 10473.43 10233.28 10000.56 10070.98 9914.21 9900.22 9843.07 9971.68 9997.85 10046.29 10526.76 10892.67 11145.05 11195.90 11005.98 10820.58 10722.57
10512.75 10444.20 10441.65 10469.60 10448.75 10512.67 10634.58 10690.69 10456.34 10229.24 10297.96 10144.98 10131.33 10075.56 10201.07 10226.60 10273.86 10742.74 11099.81 11346.08 11395.71 11210.38 11029.45 10933.81
10752.88 10693.61 10691.41 10715.57 10697.54 10752.81 10858.22 10906.74 10704.11 10507.74 10567.16 10434.88 10423.08 10374.85 10483.38 10505.46 10546.32 10951.74 11260.49 11473.44 11516.35 11356.10 11199.66 11116.96
10778.89 10622.60 10622.60 10545.43 10435.09 10433.53 10558.06 10612.90 10352.49 10560.09 10501.27 10559.89 10616.87 10774.57 10747.63 10910.40 10903.44 11336.70 11497.88 11497.71 11591.65 11655.60 11403.86 11080.69
10859.58 10701.74 10701.74 10623.80 10512.36 10510.78 10636.56 10691.94 10428.94 10638.60 10579.19 10638.40 10695.95 10855.22 10828.02 10992.40 10985.38 11422.95 11585.74 11585.57 11680.44 11745.03 11490.78 11164.39
11067.12 10920.47 10920.47 10848.06 10744.52 10743.05 10859.91 10911.36 10667.01 10861.81 10806.61 10861.62 10915.09 11063.07 11037.79 11190.52 11184.00 11590.55 11741.79 11741.64 11829.79 11889.79 11653.57 11350.32
11160.69 11097.07 11094.70 11120.64 11101.29 11160.62 11273.78 11325.86 11108.34 10897.55 10961.33 10819.33 10806.66 10754.90 10871.39 10895.10 10938.97 11374.16 11705.59 11934.18 11980.25 11808.23 11640.29 11551.52
11252.87 11100.05 11100.05 11024.59 10916.69 10915.16 11036.94 11090.56 10835.92 11038.92 10981.40 11038.72 11094.45 11248.65 11222.31 11381.47 11374.67 11798.32 11955.93 11955.77 12047.63 12110.16 11864.00 11547.99
11369.05 11216.86 11216.86 11141.72 11034.27 11032.75 11154.02 11207.41 10953.84 11155.99 11098.71 11155.79 11211.28 11364.84 11338.61 11497.11 11490.34 11912.23 12069.19 12069.02 12160.50 12222.77 11977.63 11662.94
11329.88 11185.01 11185.02 11113.49 11011.21 11009.76 11125.19 11176.02 10934.65 11127.07 11072.55 11126.88 11179.71 11325.88 11300.91 11451.78 11445.33 11846.93 11996.33 11996.18 12083.25 12142.52 11909.18 11609.63
11262.45 11115.75 11115.75 11043.32 10939.75 10938.28 11055.17 11106.64 10862.21 11057.07 11001.86 11056.88 11110.37 11258.39 11233.11 11385.89 11379.36 11786.03 11937.32 11937.16 12025.34 12085.36 11849.07 11545.73
11297.52 11148.77 11148.77 11075.33 10970.31 10968.82 11087.35 11139.54 10891.70 11089.28 11033.29 11089.08 11143.32 11293.41 11267.77 11422.68 11416.06 11828.41 11981.82 11981.66 12071.06 12131.92 11892.34 11584.76
11331.40 11262.07 11259.49 11287.76 11266.67 11331.32 11454.62 11511.37 11274.35 11044.66 11114.16 10959.44 10945.63 10889.23 11016.16 11041.99 11089.79 11564.00 11925.14 12174.23 12224.42 12036.98 11853.99 11757.26
11372.58 11311.79 11309.53 11334.32 11315.83 11372.51 11480.63 11530.38 11322.56 11121.16 11182.10 11046.44 11034.33 10984.87 11096.18 11118.82 11160.74 11576.54 11893.19 12111.60 12155.61 11991.25 11830.80 11745.99
11364.31 11217.20 11217.20 11144.57 11040.70 11039.23 11156.46 11208.07 10962.95 11158.36 11102.99 11158.17 11211.81 11360.25 11334.89 11488.10 11481.55 11889.37 12041.09 12040.93 12129.35 12189.54 11952.59 11648.39
11415.27 11265.43 11265.43 11191.45 11085.67 11084.17 11203.56 11256.13 11006.48 11205.50 11149.11 11205.31 11259.94 11411.13 11385.30 11541.34 11534.68 11950.04 12104.57 12104.41 12194.47 12255.77 12014.43 11704.61
11521.39 11370.08 11370.08 11295.37 11188.54 11187.03 11307.60 11360.69 11108.57 11309.56 11252.61 11309.36 11364.54 11517.21 11491.13 11648.71 11641.98 12061.44 12217.49 12217.33 12308.28 12370.19 12126.47 11813.59
11543.82 11385.95 11385.95 11308.00 11196.54 11194.96 11320.76 11376.15 11113.10 11322.80 11263.38 11322.60 11380.16 11539.46 11512.25 11676.66 11669.64 12107.29 12270.11 12269.94 12364.83 12429.43 12175.14 11848.69
11512.88 11333.18 11333.18 11244.45 11117.58 11115.79 11258.98 11322.02 11022.61 11261.31 11193.67 11261.07 11326.60 11507.91 11476.94 11664.09 11656.09 12154.25 12339.58 12339.38 12447.39 12520.92 12231.47 11859.89
11606.91 11521.22 11518.03 11552.97 11526.91 11606.81 11759.21 11829.35 11536.40 11252.51 11338.41 11147.17 11130.11 11060.39 11217.28 11249.21 11308.29 11894.41 12340.77 12648.63 12710.67 12478.99 12252.82 12133.27
11702.80 11629.04 11626.29 11656.37 11633.93 11702.72 11833.92 11894.30 11642.10 11397.70 11471.65 11307.01 11292.32 11232.31 11367.37 11394.86 11445.72 11950.31 12334.58 12599.62 12653.03 12453.58 12258.87 12155.94
11711.23 11534.94 11534.94 11447.90 11323.44 11321.67 11462.15 11524.00 11230.27 11464.43 11398.08 11464.20 11528.48 11706.36 11675.98 11859.57 11851.73 12340.43 12522.24 12522.05 12628.02 12700.15 12416.19 12051.66
11770.25 11606.04 11606.04 11524.96 11409.02 11407.38 11538.23 11595.85 11322.24 11540.36 11478.56 11540.15 11600.02 11765.72 11737.41 11908.43 11901.13 12356.35 12525.71 12525.53 12624.23 12691.42 12426.92 12087.36
11814.16 11658.07 11658.07 11581.00 11470.80 11469.24 11593.61 11648.38 11388.30 11595.64 11536.89 11595.43 11652.35 11809.84 11782.94 11945.50 11938.55 12371.26 12532.23 12532.06 12625.89 12689.75 12438.34 12115.57
11739.94 11571.25 11571.25 11487.95 11368.85 11367.16 11501.59 11560.77 11279.69 11503.77 11440.28 11503.55 11565.07 11735.28 11706.21 11881.89 11874.39 12342.04 12516.02 12515.84 12617.24 12686.26 12414.54 12065.71
11900.12 11735.14 11735.14 11653.68 11537.20 11535.55 11667.01 11724.90 11450.00 11669.15 11607.06 11668.94 11729.10 11895.57 11867.13 12038.95 12031.61 12488.98 12659.13 12658.95 12758.12 12825.62 12559.88 12218.72
12165.96 12099.22 12096.74 12123.95 12103.65 12165.89 12284.58 12339.21 12111.04 11889.92 11956.83 11807.88 11794.59 11740.29 11862.49 11887.35 11933.37 12389.89 12737.55 12977.34 13025.66 12845.21 12669.05 12575.93
12381.30 12315.73 12313.29 12340.02 12320.08 12381.23 12497.85 12551.53 12327.34 12110.09 12175.82 12029.47 12016.41 11963.06 12083.13 12107.56 12152.77 12601.32 12942.91 13178.51 13225.98 13048.69 12875.60 12784.11
12319.82 12179.72 12179.73 12110.55 12011.64 12010.24 12121.87 12171.03 11937.60 12123.69 12070.96 12123.51 12174.59 12315.95 12291.81 12437.71 12431.47 12819.85 12964.33 12964.18 13048.39 13105.71 12880.06 12590.36
12177.62 12037.55 12037.55 11968.39 11869.50 11868.10 11979.71 12028.85 11795.47 11981.53 11928.81 11981.34 12032.42 12173.75 12149.61 12295.48 12289.25 12677.54 12822.00 12821.85 12906.04 12963.35 12737.74 12448.10
12103.68 11964.08 11964.08 11895.16 11796.60 11795.20 11906.44 11955.42 11722.82 11908.25 11855.71 11908.07 11958.97 12099.82 12075.77 12221.15 12214.94 12601.93 12745.90 12745.75 12829.66 12886.78 12661.92 12373.26
11991.47 11824.88 11824.88 11742.62 11625.01 11623.34 11756.09 11814.54 11536.96 11758.25 11695.55 11758.03 11818.77 11986.86 11958.15 12131.65 12124.24 12586.05 12757.86 12757.68 12857.81 12925.97 12657.64 12313.17
11914.80 11734.60 11734.60 11645.63 11518.41 11516.61 11660.19 11723.41 11423.18 11662.53 11594.71 11662.30 11728.00 11909.82 11878.76 12066.42 12058.40 12557.93 12743.77 12743.58 12851.89 12925.61 12635.37 12262.77
11818.79 11740.45 11737.53 11769.48 11745.65 11818.71 11958.05 12022.18 11754.33 11494.75 11573.29 11398.43 11382.83 11319.09 11462.54 11491.73 11545.75 12081.67 12489.81 12771.30 12828.03 12616.19 12409.39 12300.08
11881.31 11807.27 11804.51 11834.70 11812.18 11881.23 12012.93 12073.54 11820.38 11575.05 11649.28 11484.02 11469.27 11409.03 11544.61 11572.20 11623.25 12129.76 12515.50 12781.54 12835.16 12634.95 12439.50 12336.18
11938.90 11762.23 11762.23 11674.99 11550.26 11548.49 11689.27 11751.26 11456.89 11691.56 11625.07 11691.33 11755.75 11934.02 11903.57 12087.56 12079.70 12569.46 12751.67 12751.48 12857.67 12929.96 12645.39 12280.07
11932.76 11756.18 11756.18 11668.98 11544.31 11542.54 11683.26 11745.21 11450.98 11685.54 11619.08 11685.32 11749.71 11927.88 11897.45 12081.36 12073.50 12563.03 12745.15 12744.96 12851.11 12923.36 12638.92 12273.77
11790.00 11609.87 11609.87 11520.93 11393.76 11391.96 11535.49 11598.69 11298.56 11537.83 11470.03 11537.59 11603.27 11785.02 11753.98 11941.57 11933.56 12432.91 12618.68 12618.48 12726.75 12800.45 12510.32 12137.84
11658.64 11473.31 11473.32 11381.81 11250.97 11249.11 11396.79 11461.81 11153.02 11399.19 11329.44 11398.95 11466.52 11653.52 11621.58 11814.58 11806.34 12320.09 12511.22 12511.02 12622.42 12698.24 12399.73 12016.52
11738.14 11563.75 11563.76 11477.65 11354.54 11352.79 11491.75 11552.93 11262.38 11494.01 11428.37 11493.78 11557.37 11733.32 11703.26 11884.87 11877.11 12360.53 12540.37 12540.18 12645.00 12716.34 12435.47 12074.88
11918.11 11847.15 11844.51 11873.44 11851.86 11918.03 12044.24 12102.33 11859.72 11624.61 11695.75 11537.37 11523.24 11465.51 11595.44 11621.88 11670.81 12156.20 12525.86 12780.82 12832.20 12640.34 12453.03 12354.02
11884.66 11817.18 11814.66 11842.18 11821.65 11884.59 12004.62 12059.87 11829.13 11605.52 11673.18 11522.56 11509.12 11454.21 11577.78 11602.92 11649.46 12111.11 12462.68 12705.17 12754.03 12571.55 12393.41 12299.24
11798.83 11639.17 11639.17 11560.34 11447.61 11446.02 11573.24 11629.26 11363.23 11575.31 11515.22 11575.10 11633.32 11794.42 11766.90 11933.18 11926.08 12368.69 12533.35 12533.17 12629.14 12694.47 12437.30 12107.15
11761.09 11591.34 11591.34 11507.52 11387.67 11385.97 11521.24 11580.80 11297.95 11523.44 11459.55 11523.22 11585.12 11756.40 11727.14 11903.93 11896.38 12366.97 12542.04 12541.86 12643.89 12713.35 12439.92 12088.90
11763.82 11591.83 11591.83 11506.91 11385.47 11383.75 11520.81 11581.15 11294.57 11523.04 11458.30 11522.81 11585.53 11759.07 11729.43 11908.55 11900.90 12377.70 12555.09 12554.90 12658.28 12728.65 12451.62 12095.96
11781.80 11718.95 11716.62 11742.24 11723.12 11781.74 11893.51 11944.96 11730.09 11521.86 11584.86 11444.59 11432.08 11380.94 11496.02 11519.43 11562.77 11992.68 12320.08 12545.89 12591.40 12421.47 12255.57 12167.88
11674.45 11613.75 11611.49 11636.24 11617.78 11674.38 11782.34 11832.02 11624.50 11423.39 11484.24 11348.77 11336.68 11287.29 11398.44 11421.05 11462.90 11878.11 12194.32 12412.41 12456.36 12292.24 12132.02 12047.32
11604.84 11537.24 11534.73 11562.29 11541.73 11604.77 11724.99 11780.32 11549.22 11325.26 11393.02 11242.16 11228.69 11173.70 11297.47 11322.65 11369.26 11831.65 12183.78 12426.65 12475.59 12292.83 12114.40 12020.08
11668.01 11508.39 11508.39 11429.57 11316.88 11315.28 11442.47 11498.48 11232.52 11444.54 11384.47 11444.34 11502.54 11663.60 11636.09 11802.33 11795.22 12237.73 12402.35 12402.18 12498.12 12563.43 12306.33 11976.26
11613.78 11427.60 11427.60 11335.67 11204.23 11202.37 11350.72 11416.04 11105.83 11353.13 11283.06 11352.89 11420.78 11608.63 11576.55 11770.44 11762.16 12278.28 12470.29 12470.09 12582.00 12658.17 12358.29 11973.31
11710.11 11522.82 11522.83 11430.35 11298.12 11296.25 11445.49 11511.20 11199.14 11447.91 11377.42 11447.67 11515.96 11704.94 11672.66 11867.71 11859.38 12378.58 12571.73 12571.53 12684.11 12760.74 12459.06 12071.79
11809.62 11628.94 11628.94 11539.72 11412.15 11410.35 11554.32 11617.72 11316.66 11556.67 11488.66 11556.43 11622.32 11804.63 11773.49 11961.66 11953.62 12454.52 12640.86 12640.67 12749.27 12823.20 12532.17 12158.54
11996.80 11845.24 11845.25 11770.41 11663.42 11661.90 11782.66 11835.83 11583.32 11784.63 11727.59 11784.43 11839.69 11992.61 11966.49 12124.32 12117.58 12537.71 12694.01 12693.85 12784.94 12846.95 12602.84 12289.46
12041.96 11886.99 11886.99 11810.47 11701.05 11699.51 11823.00 11877.37 11619.15 11825.00 11766.67 11824.80 11881.31 12037.68 12010.97 12172.37 12165.47 12595.09 12754.92 12754.75 12847.90 12911.31 12661.69 12341.23
11981.01 11913.14 11910.62 11938.29 11917.65 11980.94 12101.65 12157.21 11925.17 11700.29 11768.34 11616.86 11603.34 11548.12 11672.39 11697.68 11744.48 12208.74 12562.31 12806.17 12855.31 12671.80 12492.65 12397.95
11888.02 11814.97 11812.26 11842.04 11819.82 11887.95 12017.87 12077.67 11827.91 11585.88 11659.11 11496.07 11481.52 11422.09 11555.85 11583.06 11633.43 12133.14 12513.69 12776.16 12829.05 12631.53 12438.71 12336.78
11879.72 11699.83 11699.83 11611.01 11484.01 11482.21 11625.55 11688.66 11388.93 11627.88 11560.18 11627.65 11693.24 11874.75 11843.75 12031.09 12023.09 12521.78 12707.30 12707.11 12815.24 12888.84 12599.08 12227.11
11924.98 11749.28 11749.28 11662.53 11538.48 11536.72 11676.73 11738.37 11445.62 11679.00 11612.88 11678.78 11742.84 11920.12 11889.84 12072.82 12065.00 12552.07 12733.27 12733.08 12838.69 12910.57 12627.57 12264.26
11949.17 11786.27 11786.27 11705.84 11590.82 11589.19 11719.00 11776.16 11504.73 11721.11 11659.80 11720.90 11780.30 11944.67 11916.60 12086.25 12079.00 12530.60 12698.61 12698.43 12796.35 12863.00 12600.61 12263.75
11787.50 11626.44 11626.44 11546.92 11433.21 11431.60 11559.94 11616.44 11348.09 11562.02 11501.41 11561.81 11620.54 11783.05 11755.29 11923.02 11915.85 12362.33 12528.43 12528.25 12625.06 12690.96 12431.54 12098.51
11679.63 11523.37 11523.37 11446.22 11335.90 11334.34 11458.85 11513.67 11253.32 11460.87 11402.06 11460.67 11517.65 11675.31 11648.38 11811.11 11804.16 12237.33 12398.48 12398.31 12492.23 12556.16 12304.48 11981.37
11750.04 11683.25 11680.76 11708.00 11687.68 11749.97 11868.76 11923.44 11695.08 11473.78 11540.74 11391.67 11378.37 11324.02 11446.32 11471.21 11517.26 11974.15 12322.10 12562.08 12610.44 12429.85 12253.54 12160.35
11775.15 11703.93 11701.28 11730.32 11708.66 11775.08 11901.76 11960.06 11716.54 11480.56 11551.96 11393.00 11378.81 11320.86 11451.28 11477.81 11526.93 12014.14 12385.18 12641.10 12692.67 12500.09 12312.08 12212.70
11814.64 11662.34 11662.34 11587.14 11479.62 11478.09 11599.45 11652.89 11399.12 11601.43 11544.10 11601.23 11656.76 11810.43 11784.19 11942.80 11936.02 12358.23 12515.30 12515.13 12606.68 12668.99 12423.68 12108.75
11850.47 11725.50 11725.51 11663.80 11575.57 11574.32 11673.90 11717.75 11509.53 11675.52 11628.49 11675.36 11720.93 11847.02 11825.48 11955.62 11950.06 12296.49 12425.37 12425.24 12500.35 12551.48 12350.19 12091.79
11870.95 11742.71 11742.71 11679.39 11588.86 11587.57 11689.76 11734.75 11521.08 11691.42 11643.16 11691.25 11738.01 11867.41 11845.30 11978.86 11973.15 12328.65 12460.90 12460.76 12537.84 12590.31 12383.76 12118.59
11852.58 11703.92 11703.93 11630.53 11525.57 11524.09 11642.54 11694.70 11447.01 11644.47 11588.52 11644.27 11698.48 11848.47 11822.85 11977.66 11971.05 12383.14 12536.45 12536.29 12625.65 12686.47 12447.03 12139.64
11709.74 11538.11 11538.11 11453.37 11332.19 11330.48 11467.24 11527.45 11241.49 11469.46 11404.86 11469.24 11531.82 11704.99 11675.42 11854.16 11846.52 12322.31 12499.31 12499.12 12602.29 12672.51 12396.06 12041.17
11700.05 11537.94 11537.94 11457.90 11343.45 11341.83 11471.00 11527.88 11257.77 11473.10 11412.09 11472.89 11532.00 11695.57 11667.63 11836.46 11829.25 12278.64 12445.83 12445.65 12543.09 12609.42 12348.31 12013.10
11646.67 11573.24 11570.50 11600.45 11578.11 11646.59 11777.21 11837.32 11586.24 11342.93 11416.55 11252.65 11238.02 11178.27 11312.74 11340.10 11390.74 11893.08 12275.64 12539.50 12592.68 12394.11 12200.27 12097.80
11607.78 11536.51 11533.85 11562.92 11541.24 11607.71 11734.48 11792.83 11549.13 11312.97 11384.43 11225.34 11211.15 11153.16 11283.67 11310.22 11359.37 11846.95 12218.26 12474.36 12525.97 12333.25 12145.10 12045.65
11609.08 11544.49 11542.08 11568.42 11548.77 11609.01 11723.89 11776.76 11555.93 11341.92 11406.68 11262.52 11249.65 11197.10 11315.37 11339.43 11383.97 11825.80 12162.28 12394.36 12441.13 12266.48 12095.99 12005.86
11479.62 11315.18 11315.18 11233.99 11117.90 11116.25 11247.28 11304.97 11030.99 11249.41 11187.52 11249.20 11309.16 11475.07 11446.73 11617.98 11610.67 12066.51 12236.09 12235.91 12334.75 12402.03 12137.17 11797.15
11385.97 11195.56 11195.56 11101.54 10967.10 10965.19 11116.93 11183.73 10866.46 11119.39 11047.73 11119.15 11188.58 11380.71 11347.89 11546.20 11537.73 12065.60 12261.98 12261.77 12376.23 12454.14 12147.43 11753.68
11455.50 11264.59 11264.59 11170.32 11035.53 11033.63 11185.75 11252.73 10934.63 11188.23 11116.37 11187.98 11257.59 11450.22 11417.32 11616.14 11607.65 12136.89 12333.79 12333.58 12448.33 12526.45 12218.94 11824.17
11618.50 11545.88 11543.17 11572.78 11550.69 11618.42 11747.57 11807.02 11558.74 11318.13 11390.94 11228.86 11214.39 11155.31 11288.28 11315.33 11365.41 11862.16 12240.46 12501.39 12553.97 12357.61 12165.93 12064.60
11695.63 11627.73 11625.20 11652.89 11632.23 11695.56 11816.34 11871.93 11639.75 11414.75 11482.83 11331.27 11317.74 11262.49 11386.84 11412.14 11458.96 11923.50 12277.26 12521.26 12570.43 12386.82 12207.56 12112.81
11778.92 11599.78 11599.78 11511.32 11384.84 11383.05 11525.80 11588.65 11290.17 11528.12 11460.70 11527.89 11593.21 11773.97 11743.09 11929.66 11921.69 12418.31 12603.06 12602.87 12710.55 12783.84 12495.29 12124.86
11833.07 11625.29 11625.29 11522.70 11376.00 11373.92 11539.49 11612.39 11266.19 11542.18 11463.98 11541.91 11617.68 11827.33 11791.52 12007.91 11998.67 12574.67 12788.96 12788.74 12913.63 12998.65 12663.97 12234.31
11773.58 11607.24 11607.24 11525.11 11407.68 11406.02 11538.56 11596.92 11319.77 11540.71 11478.11 11540.50 11601.15 11768.98 11740.31 11913.54 11906.14 12367.25 12538.80 12538.62 12638.60 12706.65 12438.73 12094.79
11678.11 11520.35 11520.35 11442.46 11331.08 11329.50 11455.21 11510.56 11247.70 11457.25 11397.88 11457.05 11514.57 11673.75 11646.56 11810.85 11803.84 12241.16 12403.86 12403.69 12498.52 12563.06 12308.96 11982.75
11661.87 11521.73 11521.73 11452.54 11353.59 11352.19 11463.86 11513.03 11279.53 11465.68 11412.93 11465.50 11516.60 11658.00 11633.85 11779.80 11773.56 12162.06 12306.59 12306.44 12390.67 12448.01 12222.28 11932.50
11522.59 11458.48 11456.10 11482.23 11462.73 11522.52 11636.53 11689.01 11469.84 11257.44 11321.71 11178.63 11165.86 11113.71 11231.09 11254.97 11299.17 11737.68 12071.63 12301.97 12348.38 12175.05 12005.84 11916.39
11368.40 11288.46 11285.48 11318.08 11293.76 11368.31 11510.49 11575.92 11302.62 11037.76 11117.90 10939.49 10923.57 10858.53 11004.90 11034.68 11089.80 11636.62 12053.05 12340.27 12398.15 12182.01 11971.00 11859.47
11457.02 11284.82 11284.82 11199.79 11078.21 11076.49 11213.71 11274.13 10987.20 11215.94 11151.13 11215.72 11278.51 11452.26 11422.58 11601.92 11594.26 12071.63 12249.23 12249.04 12352.55 12423.01 12145.64 11789.56
11340.90 11163.25 11163.26 11075.54 10950.12 10948.35 11089.90 11152.22 10856.24 11092.20 11025.34 11091.97 11156.74 11335.99 11305.37 11490.38 11482.47 11974.93 12158.14 12157.95 12264.72 12337.41 12051.27 11683.94
11188.43 11005.42 11005.42 10915.05 10785.84 10784.01 10929.85 10994.05 10689.12 10932.22 10863.34 10931.98 10998.71 11183.37 11151.83 11342.43 11334.28 11841.63 12030.37 12030.18 12140.18 12215.06 11920.28 11541.84
11227.49 11062.54 11062.55 10981.10 10864.65 10863.00 10994.43 11052.30 10777.48 10996.57 10934.49 10996.36 11056.50 11222.93 11194.50 11366.28 11358.94 11816.19 11986.30 11986.12 12085.27 12152.75 11887.08 11546.01
11347.82 11195.66 11195.67 11120.54 11013.11 11011.59 11132.83 11186.22 10932.70 11134.81 11077.54 11134.61 11190.09 11343.62 11317.39 11475.85 11469.08 11890.89 12047.81 12047.64 12139.10 12201.36 11956.28 11641.65
11406.30 11330.15 11327.31 11358.36 11335.20 11406.22 11541.66 11604.00 11343.63 11091.32 11167.66 10997.70 10982.53 10920.57 11060.01 11088.38 11140.89 11661.82 12058.54 12332.16 12387.30 12181.39 11980.37 11874.12
11523.05 11455.64 11453.13 11480.62 11460.11 11522.98 11642.88 11698.07 11467.58 11244.21 11311.80 11161.34 11147.91 11093.06 11216.50 11241.62 11288.10 11749.26 12100.45 12342.67 12391.49 12209.20 12031.25 11937.19
11563.23 11424.32 11424.32 11355.73 11257.66 11256.27 11366.96 11415.69 11184.25 11368.76 11316.48 11368.58 11419.23 11559.39 11535.45 11680.11 11673.93 12059.01 12202.27 12202.12 12285.62 12342.45 12118.71 11831.47
11564.85 11441.67 11441.67 11380.85 11293.89 11292.66 11390.81 11434.03 11228.79 11392.40 11346.04 11392.25 11437.16 11561.45 11540.22 11668.50 11663.02 12004.49 12131.53 12131.39 12205.43 12255.83 12057.43 11802.72
11516.61 11365.60 11365.60 11291.04 11184.43 11182.92 11303.25 11356.23 11104.62 11305.20 11248.37 11305.01 11360.07 11512.43 11486.41 11643.67 11636.95 12055.57 12211.31 12211.14 12301.91 12363.69 12120.47 11808.21
11606.07 11449.64 11449.64 11372.39 11261.95 11260.38 11385.04 11439.92 11179.27 11387.06 11328.19 11386.86 11443.90 11601.75 11574.79 11737.71 11730.75 12164.42 12325.76 12325.59 12419.62 12483.63 12231.65 11908.17
11726.51 11566.30 11566.30 11487.20 11374.09 11372.49 11500.15 11556.36 11289.42 11502.22 11441.93 11502.02 11560.43 11722.08 11694.47 11861.32 11854.19 12298.32 12463.55 12463.37 12559.67 12625.22 12367.17 12035.89
11868.81 11802.17 11799.69 11826.86 11806.59 11868.74 11987.27 12041.82 11813.97 11593.17 11659.98 11511.24 11497.97 11443.75 11565.77 11590.60 11636.55 12092.42 12439.59 12679.04 12727.30 12547.10 12371.19 12278.21
11829.54 11760.69 11758.13 11786.20 11765.26 11829.46 11951.91 12008.26 11772.89 11544.79 11613.81 11460.16 11446.44 11390.43 11516.49 11542.14 11589.61 12060.53 12419.17 12666.53 12716.38 12530.23 12348.51 12252.45
11746.55 11578.13 11578.13 11494.98 11376.07 11374.39 11508.59 11567.68 11287.07 11510.77 11447.38 11510.55 11571.96 11741.89 11712.87 11888.26 11880.77 12347.64 12521.33 12521.15 12622.38 12691.29 12420.02 12071.77
11778.83 11600.17 11600.18 11511.96 11385.83 11384.05 11526.40 11589.08 11291.41 11528.72 11461.48 11528.49 11593.63 11773.89 11743.10 11929.16 11921.21 12416.46 12600.71 12600.52 12707.91 12781.00 12493.24 12123.82
11795.25 11611.63 11611.63 11520.97 11391.33 11389.50 11535.81 11600.23 11294.29 11538.19 11469.08 11537.95 11604.90 11790.17 11758.53 11949.76 11941.59 12450.60 12639.97 12639.77 12750.14 12825.27 12529.51 12149.83
11858.17 11685.90 11685.90 11600.84 11479.21 11477.49 11614.76 11675.20 11388.16 11616.99 11552.16 11616.77 11679.59 11853.41 11823.72 12003.14 11995.47 12473.04 12650.71 12650.53 12754.08 12824.56 12547.08 12190.85
11975.47 11823.49 11823.49 11748.44 11641.14 11639.62 11760.73 11814.05 11560.81 11762.69 11705.49 11762.50 11817.92 11971.27 11945.08 12103.36 12096.60 12517.93 12674.68 12674.51 12765.87 12828.05 12583.25 12268.97
11941.60 11880.92 11878.67 11903.40 11884.95 11941.53 12049.44 12099.11 11891.67 11690.65 11751.47 11616.06 11603.98 11554.61 11665.71 11688.31 11730.14 12145.17 12461.24 12679.24 12723.17 12559.12 12398.97 12314.31
11864.99 11801.20 11798.82 11824.83 11805.43 11864.93 11978.40 12030.62 11812.50 11601.11 11665.08 11522.68 11509.98 11458.07 11574.89 11598.66 11642.65 12079.06 12411.41 12640.64 12686.84 12514.34 12345.93 12256.91
11878.26 11727.65 11727.65 11653.29 11546.96 11545.45 11665.46 11718.30 11467.36 11667.41 11610.73 11667.22 11722.13 11874.10 11848.14 12004.99 11998.29 12415.80 12571.12 12570.96 12661.49 12723.11 12480.52 12169.09
11767.02 11589.59 11589.59 11501.98 11376.71 11374.93 11516.32 11578.57 11282.93 11518.62 11451.84 11518.39 11583.08 11762.12 11731.54 11916.32 11908.43 12400.30 12583.29 12583.10 12689.75 12762.35 12476.55 12109.66
11731.67 11556.59 11556.59 11470.14 11346.53 11344.78 11484.29 11545.72 11254.00 11486.56 11420.67 11486.33 11550.17 11726.83 11696.65 11878.99 11871.20 12356.54 12537.11 12536.92 12642.15 12713.79 12431.79 12069.76
11833.00 11692.03 11692.03 11622.42 11522.88 11521.47 11633.81 11683.27 11448.38 11635.64 11582.58 11635.45 11686.86 11829.11 11804.81 11951.63 11945.36 12336.17 12481.57 12481.42 12566.15 12623.84 12396.76 12105.24
11832.86 11696.04 11696.04 11628.48 11531.88 11530.52 11639.54 11687.54 11459.57 11641.31 11589.82 11641.14 11691.02 11829.08 11805.50 11947.99 11941.90 12321.19 12462.30 12462.15 12544.39 12600.37 12379.99 12097.07
11717.64 11653.87 11651.49 11677.49 11658.10 11717.57 11830.99 11883.19 11665.16 11453.87 11517.81 11375.48 11362.78 11310.89 11427.66 11451.42 11495.39 11931.61 12263.82 12492.95 12539.12 12366.69 12198.36 12109.38
11640.92 11575.84 11573.42 11599.95 11580.15 11640.85 11756.60 11809.87 11587.36 11371.74 11436.98 11291.73 11278.77 11225.82 11344.98 11369.23 11414.10 11859.28 12198.31 12432.15 12479.27 12303.30 12131.51 12040.71
11611.78 11467.71 11467.71 11396.57 11294.86 11293.42 11408.22 11458.76 11218.71 11410.08 11355.86 11409.90 11462.43 11607.80 11582.97 11733.01 11726.60 12125.98 12274.57 12274.41 12361.01 12419.96 12187.90 11889.99
11601.09 11438.90 11438.90 11358.82 11244.31 11242.69 11371.93 11428.83 11158.59 11374.03 11312.98 11373.82 11432.96 11596.61 11568.66 11737.57 11730.35 12179.97 12347.25 12347.07 12444.56 12510.92 12249.68 11914.30
11646.93 11471.65 11471.65 11385.10 11261.35 11259.59 11399.27 11460.76 11168.71 11401.54 11335.57 11401.31 11465.23 11642.09 11611.88 11794.43 11786.63 12272.55 12453.33 12453.14 12558.50 12630.22 12347.88 11985.42
11686.42 11513.77 11513.78 11428.53 11306.64 11304.91 11442.48 11503.05 11215.39 11444.72 11379.74 11444.50 11507.45 11681.65 11651.89 11831.70 11824.01 12302.62 12480.68 12480.49 12584.26 12654.90 12376.82 12019.82
11819.35 11629.78 11629.78 11536.17 11402.33 11400.43 11551.49 11618.01 11302.14 11553.95 11482.60 11553.70 11622.83 11814.11 11781.44 11978.87 11970.44 12495.98 12691.49 12691.28 12805.24 12882.80 12577.45 12185.44
11944.87 11863.52 11860.50 11893.66 11868.92 11944.78 12089.46 12156.05 11877.93 11608.41 11689.96 11508.41 11492.21 11426.02 11574.97 11605.28 11661.37 12217.82 12641.58 12933.86 12992.76 12772.81 12558.09 12444.58
12001.04 11939.74 11937.46 11962.46 11943.81 12000.98 12110.00 12160.18 11950.60 11747.50 11808.96 11672.14 11659.93 11610.06 11722.30 11745.14 11787.41 12206.72 12526.06 12746.31 12790.69 12624.95 12463.14 12377.61
12043.66 11983.18 11980.93 12005.59 11987.19 12043.60 12151.18 12200.69 11993.89 11793.48 11854.12 11719.12 11707.07 11657.86 11768.61 11791.15 11832.86 12246.62 12561.72 12779.05 12822.85 12659.30 12499.64 12415.24
12005.02 11853.92 11853.92 11779.31 11672.62 11671.11 11791.52 11844.53 11592.76 11793.48 11736.60 11793.28 11848.38 12000.85 11974.81 12132.18 12125.45 12544.35 12700.19 12700.02 12790.85 12852.68 12609.29 12296.83
11917.94 11770.06 11770.06 11697.04 11592.64 11591.16 11709.00 11760.88 11514.48 11710.91 11655.25 11710.72 11764.64 11913.85 11888.37 12042.37 12035.79 12445.74 12598.25 12598.09 12686.98 12747.48 12509.29 12203.51
11858.65 11710.43 11710.43 11637.24 11532.59 11531.11 11649.22 11701.22 11454.25 11651.14 11595.35 11650.95 11704.99 11854.55 11829.01 11983.37 11976.78 12387.68 12540.55 12540.39 12629.48 12690.13 12451.38 12144.88
11798.60 11639.29 11639.29 11560.63 11448.16 11446.57 11573.51 11629.40 11363.96 11575.57 11515.61 11575.36 11633.45 11794.19 11766.74 11932.65 11925.56 12367.18 12531.48 12531.30 12627.06 12692.24 12435.64 12106.23
11660.82 11586.44 11583.67 11614.00 11591.37 11660.74 11793.04 11853.93 11599.61 11353.16 11427.73 11261.72 11246.90 11186.38 11322.58 11350.30 11401.59 11910.41 12297.90 12565.16 12619.02 12417.90 12221.55 12117.76
11605.29 11536.34 11533.78 11561.89 11540.92 11605.21 11727.84 11784.28 11548.55 11320.12 11389.24 11235.35 11221.62 11165.53 11291.77 11317.46 11365.00 11836.63 12195.80 12443.53 12493.45 12307.03 12125.03 12028.83
11626.26 11478.80 11478.80 11405.99 11301.89 11300.41 11417.91 11469.65 11223.95 11419.82 11364.32 11419.63 11473.40 11622.18 11596.77 11750.34 11743.78 12152.56 12304.64 12304.48 12393.11 12453.44 12215.93 11911.01
11592.14 11444.20 11444.20 11371.15 11266.69 11265.21 11383.10 11435.01 11188.50 11385.02 11329.34 11384.83 11438.78 11588.06 11562.56 11716.64 11710.05 12120.19 12272.77 12272.61 12361.54 12422.07 12183.77 11877.84
11613.08 11458.25 11458.25 11381.80 11272.48 11270.94 11394.31 11448.63 11190.65 11396.32 11338.04 11396.12 11452.57 11608.80 11582.12 11743.37 11736.48 12165.70 12325.38 12325.21 12418.28 12481.63 12232.24 11912.07
11668.03 11512.21 11512.21 11435.27 11325.26 11323.70 11447.86 11502.53 11242.90 11449.88 11391.24 11449.68 11506.50 11663.72 11636.87 11799.15 11792.22 12224.19 12384.89 12384.72 12478.38 12542.14 12291.15 11968.94
11704.89 11556.43 11556.43 11483.12 11378.31 11376.83 11495.12 11547.21 11299.85 11497.05 11441.17 11496.86 11550.99 11700.78 11675.20 11829.81 11823.20 12234.76 12387.87 12387.71 12476.94 12537.68 12298.56 11991.57
11779.52 11723.81 11721.73 11744.45 11727.50 11779.46 11878.55 11924.15 11733.67 11549.08 11604.94 11480.59 11469.50 11424.17 11526.18 11546.94 11585.35 11966.45 12256.68 12456.86 12497.20 12346.56 12199.50 12121.76
11786.02 11728.49 11726.35 11749.80 11732.31 11785.96 11888.28 11935.38 11738.68 11548.06 11605.74 11477.33 11465.88 11419.07 11524.41 11545.85 11585.52 11979.06 12278.76 12485.48 12527.13 12371.57 12219.71 12139.44
11801.25 11669.14 11669.14 11603.91 11510.64 11509.32 11614.59 11660.94 11440.81 11616.30 11566.58 11616.13 11664.30 11797.60 11774.83 11912.42 11906.54 12272.78 12409.03 12408.89 12488.30 12542.35 12329.56 12056.37
11789.61 11636.02 11636.02 11560.18 11451.74 11450.21 11572.59 11626.48 11370.57 11574.58 11516.78 11574.39 11630.39 11785.36 11758.89 11918.85 11912.01 12337.79 12496.19 12496.03 12588.35 12651.19 12403.80 12086.20
11942.63 11790.46 11790.47 11715.33 11607.90 11606.38 11727.63 11781.02 11527.48 11729.60 11672.33 11729.40 11784.89 11938.43 11912.20 12070.67 12063.90 12485.74 12642.67 12642.51 12733.97 12796.23 12551.13 12236.48
11983.84 11827.23 11827.23 11749.90 11639.32 11637.76 11762.56 11817.50 11556.55 11764.59 11705.64 11764.38 11821.49 11979.52 11952.52 12115.63 12108.66 12542.83 12704.35 12704.18 12798.32 12862.40 12610.14 12286.28
12090.92 11938.10 11938.11 11862.65 11754.76 11753.23 11875.00 11928.62 11673.99 11876.98 11819.46 11876.78 11932.51 12086.70 12060.36 12219.51 12212.71 12636.35 12793.96 12793.80 12885.65 12948.18 12702.03 12386.03
12236.22 12170.43 12167.98 12194.81 12174.79 12236.15 12353.18 12407.03 12182.08 11964.09 12030.05 11883.20 11870.10 11816.56 11937.04 11961.55 12006.92 12456.99 12799.75 13036.15 13083.79 12905.89 12732.22 12640.41
12375.76 12317.12 12314.94 12338.85 12321.01 12375.70 12480.00 12528.01 12327.50 12133.20 12191.99 12061.10 12049.42 12001.71 12109.09 12130.94 12171.38 12572.54 12878.05 13088.76 13131.22 12972.66 12817.85 12736.03
12414.87 12294.23 12294.23 12234.66 12149.48 12148.27 12244.41 12286.74 12085.72 12245.97 12200.56 12245.81 12289.81 12411.54 12390.75 12516.39 12511.02 12845.47 12969.90 12969.77 13042.28 13091.65 12897.32 12647.85
12327.09 12202.85 12202.85 12141.50 12053.79 12052.55 12151.55 12195.14 11988.12 12153.16 12106.39 12152.99 12198.30 12323.66 12302.25 12431.64 12426.11 12770.53 12898.66 12898.53 12973.21 13024.04 12823.92 12567.01
12219.20 12066.01 12066.02 11990.38 11882.22 11880.69 12002.76 12056.50 11801.26 12004.74 11947.09 12004.54 12060.40 12214.97 12188.57 12348.11 12341.29 12765.96 12923.95 12923.79 13015.87 13078.54 12831.80 12515.03
12212.60 12037.60 12037.61 11951.20 11827.65 11825.90 11965.34 12026.74 11735.16 11967.61 11901.75 11967.38 12031.19 12207.76 12177.60 12359.85 12352.07 12837.18 13017.66 13017.47 13122.66 13194.26 12912.39 12550.53
12296.95 12120.03 12120.04 12032.68 11907.78 11906.01 12046.98 12109.05 11814.28 12049.27 11982.69 12049.04 12113.55 12292.06 12261.57 12445.81 12437.94 12928.37 13110.83 13110.64 13216.98 13289.36 13004.40 12638.58
12339.72 12263.43 12260.60 12291.70 12268.50 12339.64 12475.32 12537.77 12276.95 12024.18 12100.67 11930.40 11915.20 11853.13 11992.82 12021.25 12073.85 12595.70 12993.12 13267.22 13322.46 13116.19 12914.81 12808.37
12374.25 12297.90 12295.06 12326.19 12302.97 12374.17 12509.95 12572.45 12311.42 12058.47 12135.01 11964.61 11949.40 11887.29 12027.08 12055.53 12108.17 12630.42 13028.14 13302.46 13357.74 13151.31 12949.78 12843.25
12404.03 12245.54 12245.54 12167.28 12055.38 12053.80 12180.09 12235.70 11971.62 12182.15 12122.49 12181.94 12239.73 12399.65 12372.34 12537.40 12530.35 12969.71 13133.17 13133.00 13228.27 13293.11 13037.83 12710.09
12441.02 12282.99 12282.99 12204.96 12093.39 12091.81 12217.73 12273.18 12009.86 12219.78 12160.30 12219.57 12277.20 12436.65 12409.42 12574.00 12566.96 13005.05 13168.04 13167.87 13262.86 13327.51 13072.97 12746.19
12401.16 12238.38 12238.39 12158.01 12043.09 12041.46 12171.17 12228.28 11957.06 12173.28 12112.01 12173.07 12232.42 12396.66 12368.61 12538.13 12530.89 12982.13 13150.00 13149.82 13247.66 13314.26 13052.08 12715.49
12332.82 12162.61 12162.61 12078.57 11958.40 11956.70 12092.33 12152.05 11868.45 12094.53 12030.47 12094.31 12156.38 12328.12 12298.78 12476.04 12468.47 12940.31 13115.85 13115.67 13217.98 13287.62 13013.46 12661.50
12195.84 12023.54 12023.54 11938.47 11816.82 11815.10 11952.39 12012.84 11725.76 11954.63 11889.78 11954.40 12017.23 12191.08 12161.39 12340.83 12333.16 12810.81 12988.50 12988.32 13091.88 13162.38 12884.85 12528.57
12190.31 12120.96 12118.38 12146.66 12125.57 12190.24 12313.58 12370.35 12133.25 11903.47 11973.00 11818.22 11804.40 11747.98 11874.96 11900.80 11948.62 12423.01 12784.28 13033.46 13083.67 12896.16 12713.10 12616.34
12090.99 12026.63 12024.23 12050.47 12030.90 12090.92 12205.40 12258.09 12038.03 11824.77 11889.30 11745.64 11732.82 11680.45 11798.31 11822.29 11866.67 12306.96 12642.26 12873.52 12920.13 12746.09 12576.20 12486.39
12061.89 11920.58 11920.58 11850.80 11751.03 11749.62 11862.22 11911.80 11676.35 11864.06 11810.87 11863.87 11915.40 12057.99 12033.63 12180.80 12174.52 12566.26 12712.01 12711.85 12796.79 12854.61 12626.99 12334.78
12037.18 11884.13 11884.13 11808.56 11700.50 11698.97 11820.93 11874.62 11619.61 11822.91 11765.30 11822.71 11878.52 12032.95 12006.57 12165.97 12159.16 12583.45 12741.29 12741.13 12833.12 12895.75 12649.22 12332.74
12037.67 11859.09 11859.09 11770.91 11644.83 11643.05 11785.35 11848.00 11550.45 11787.66 11720.45 11787.43 11852.55 12032.73 12001.96 12187.94 12179.99 12675.05 12859.22 12859.03 12966.37 13039.43 12751.79 12382.52
12159.03 11952.60 11952.61 11850.68 11704.93 11702.87 11867.36 11939.79 11595.83 11870.04 11792.34 11869.77 11945.04 12153.33 12117.75 12332.74 12323.55 12895.81 13108.70 13108.48 13232.56 13317.02 12984.52 12557.67
12149.90 11940.41 11940.41 11836.97 11689.06 11686.97 11853.90 11927.40 11578.34 11856.61 11777.77 11856.34 11932.73 12144.11 12108.01 12326.19 12316.87 12897.63 13113.69 13113.46 13239.38 13325.10 12987.66 12554.46
12221.65 12135.56 12132.35 12167.46 12141.27 12221.56 12374.69 12445.17 12150.80 11865.54 11951.86 11759.70 11742.55 11672.50 11830.15 11862.23 11921.59 12510.54 12959.06 13268.41 13330.75 13097.95 12870.69 12750.55
12431.66 12357.09 12354.32 12384.72 12362.04 12431.58 12564.21 12625.25 12370.30 12123.23 12197.99 12031.55 12016.70 11956.03 12092.57 12120.35 12171.77 12681.87 13070.34 13338.28 13392.27 13190.64 12993.80 12889.76
12563.50 12381.17 12381.17 12291.14 12162.41 12160.58 12305.88 12369.85 12066.04 12308.24 12239.61 12308.00 12374.49 12558.46 12527.04 12716.93 12708.82 13214.28 13402.33 13402.13 13511.73 13586.34 13292.64 12915.61
12592.63 12414.12 12414.12 12325.97 12199.94 12198.15 12340.40 12403.03 12105.59 12342.72 12275.53 12342.48 12407.58 12587.70 12556.93 12742.85 12734.91 13229.78 13413.89 13413.70 13521.00 13594.04 13306.50 12937.36
12585.22 12414.00 12414.00 12329.45 12208.56 12206.85 12343.29 12403.37 12118.07 12345.51 12281.07 12345.29 12407.72 12580.49 12550.98 12729.30 12721.68 13196.35 13372.94 13372.76 13475.68 13545.74 13269.94 12915.87
12592.03 12431.97 12431.98 12352.95 12239.94 12238.34 12365.88 12422.04 12155.35 12367.96 12307.72 12367.75 12426.11 12587.61 12560.02 12726.71 12719.59 13163.29 13328.35 13328.18 13424.39 13489.87 13232.07 12901.11
12548.01 12379.86 12379.86 12296.84 12178.13 12176.45 12310.43 12369.42 12089.26 12312.61 12249.33 12312.39 12373.70 12543.36 12514.38 12689.49 12682.01 13148.13 13321.54 13321.36 13422.43 13491.22 13220.39 12872.70
12633.26 12560.55 12557.84 12587.49 12565.37 12633.18 12762.49 12822.01 12573.43 12332.53 12405.42 12243.15 12228.67 12169.51 12302.64 12329.73 12379.86 12877.22 13255.98 13517.22 13569.86 13373.27 13181.35 13079.90
12732.43 12656.17 12653.33 12684.42 12661.23 12732.35 12867.98 12930.40 12669.68 12417.01 12493.46 12323.26 12308.07 12246.02 12385.66 12414.07 12466.65 12988.31 13385.58 13659.58 13714.80 13508.60 13307.30 13200.90
12699.42 12510.04 12510.04 12416.53 12282.83 12280.93 12431.84 12498.28 12182.74 12434.29 12363.01 12434.05 12503.10 12694.18 12661.55 12858.77 12850.35 13375.34 13570.65 13570.44 13684.28 13761.76 13456.72 13065.12
12750.82 12571.40 12571.40 12482.81 12356.14 12354.34 12497.31 12560.26 12261.31 12499.64 12432.11 12499.41 12564.83 12745.86 12714.94 12901.80 12893.81 13391.19 13576.24 13576.04 13683.89 13757.30 13468.30 13097.30
12781.74 12624.07 12624.07 12546.22 12434.90 12433.33 12558.96 12614.28 12351.57 12561.01 12501.66 12560.80 12618.29 12777.38 12750.21 12914.41 12907.39 13344.48 13507.08 13506.91 13601.68 13666.19 13412.24 13086.21
12741.68 12593.08 12593.08 12519.70 12414.78 12413.30 12531.71 12583.85 12336.24 12533.64 12477.71 12533.44 12587.63 12737.58 12711.97 12866.73 12860.12 13272.08 13425.35 13425.19 13514.51 13575.31 13335.95 13028.66
12623.35 12475.17 12475.17 12402.01 12297.39 12295.91 12413.98 12465.97 12219.08 12415.90 12360.13 12415.71 12469.74 12619.26 12593.72 12748.04 12741.45 13152.22 13305.05 13304.88 13393.95 13454.58 13215.91 12909.50
12545.42 12480.76 12478.35 12504.72 12485.05 12545.35 12660.37 12713.30 12492.21 12277.96 12342.79 12198.46 12185.58 12132.97 12251.37 12275.47 12320.06 12762.40 13099.27 13331.61 13378.44 13203.59 13032.90 12942.67
12428.49 12358.93 12356.34 12384.70 12363.55 12428.41 12552.13 12609.06 12371.25 12140.79 12210.53 12055.28 12041.43 11984.83 12112.20 12138.11 12186.07 12661.88 13024.23 13274.15 13324.51 13136.44 12952.84 12855.78
12357.78 12195.96 12195.96 12116.06 12001.81 12000.19 12129.14 12185.91 11916.29 12131.23 12070.33 12131.02 12190.03 12353.31 12325.42 12493.94 12486.74 12935.34 13102.23 13102.05 13199.32 13265.53 13004.88 12670.27
12419.10 12271.12 12271.12 12198.05 12093.56 12092.09 12210.01 12261.93 12015.35 12211.92 12156.23 12211.73 12265.69 12415.01 12389.51 12543.63 12537.04 12947.29 13099.91 13099.75 13188.71 13249.25 13010.89 12704.88
12460.89 12297.23 12297.24 12216.43 12100.88 12099.25 12229.66 12287.07 12014.39 12231.78 12170.18 12231.56 12291.24 12456.37 12428.16 12598.60 12591.32 13045.00 13213.78 13213.60 13311.97 13378.93 13115.33 12776.92
12561.55 12408.39 12408.39 12332.76 12224.63 12223.10 12345.14 12398.88 12143.68 12347.13 12289.48 12346.93 12402.77 12557.31 12530.92 12690.42 12683.61 13108.20 13266.16 13265.99 13358.05 13420.72 13174.02 12857.31
12571.26 12431.20 12431.21 12362.05 12263.17 12261.77 12373.37 12422.51 12189.16 12375.19 12322.48 12375.01 12426.07 12567.39 12543.25 12689.11 12682.87 13071.12 13215.56 13215.41 13299.59 13356.90 13131.31 12841.71
12451.10 12396.61 12394.58 12416.80 12400.22 12451.04 12547.96 12592.57 12406.26 12225.71 12280.34 12158.72 12147.87 12103.53 12203.31 12223.61 12261.19 12633.95 12917.82 13113.62 13153.07 13005.73 12861.89 12785.86
12365.36 12305.39 12303.16 12327.61 12309.37 12365.30 12471.95 12521.04 12316.01 12117.33 12177.45 12043.61 12031.67 11982.88 12092.68 12115.02 12156.37 12566.57 12878.96 13094.42 13137.84 12975.70 12817.41 12733.74
12355.44 12203.81 12203.81 12128.94 12021.88 12020.37 12141.19 12194.40 11941.74 12143.16 12086.09 12142.96 12198.25 12351.25 12325.12 12483.04 12476.29 12896.65 13053.04 13052.87 13144.02 13206.06 12961.82 12648.27
12402.75 12264.95 12264.95 12196.91 12099.61 12098.24 12208.05 12256.39 12026.78 12209.83 12157.96 12209.65 12259.90 12398.95 12375.20 12518.71 12512.58 12894.60 13036.72 13036.57 13119.41 13175.79 12953.82 12668.87
12266.81 12130.96 12130.96 12063.88 11967.97 11966.61 12074.86 12122.53 11896.17 12076.62 12025.49 12076.45 12125.98 12263.06 12239.64 12381.12 12375.08 12751.68 12891.78 12891.64 12973.29 13028.88 12810.06 12529.15
11940.02 11772.07 11772.07 11689.14 11570.57 11568.89 11702.72 11761.64 11481.80 11704.89 11641.68 11704.67 11765.91 11935.37 11906.43 12081.34 12073.87 12539.45 12712.66 12712.48 12813.43 12882.14 12611.63 12264.34
11875.63 11682.67 11682.67 11587.40 11451.16 11449.23 11602.99 11670.69 11349.18 11605.49 11532.87 11605.24 11675.60 11870.30 11837.05 12038.00 12029.42 12564.34 12763.35 12763.14 12879.12 12958.07 12647.27 12248.26
11975.70 11894.99 11891.99 11924.90 11900.35 11975.61 12119.14 12185.21 11909.29 11641.90 11722.81 11542.69 11526.61 11460.95 11608.72 11638.79 11694.44 12246.48 12666.90 12956.86 13015.30 12797.09 12584.06 12471.46
12099.52 12030.57 12028.01 12056.12 12035.15 12099.44 12222.06 12278.50 12042.78 11814.35 11883.47 11729.60 11715.87 11659.77 11786.01 11811.70 11859.24 12330.85 12690.01 12937.73 12987.65 12801.23 12619.25 12523.05
12070.64 11906.93 11906.93 11826.10 11710.51 11708.88 11839.33 11896.77 11623.99 11841.45 11779.83 11841.24 11900.93 12066.12 12037.91 12208.40 12201.12 12654.96 12823.80 12823.62 12922.03 12989.01 12725.32 12386.79
12106.83 11937.22 11937.22 11853.48 11733.73 11732.03 11867.18 11926.69 11644.08 11869.38 11805.54 11869.16 11931.01 12102.15 12072.92 12249.56 12242.01 12712.21 12887.13 12886.95 12988.90 13058.30 12785.10 12434.37
12172.38 12004.97 12004.97 11922.31 11804.11 11802.43 11935.84 11994.57 11715.63 11938.01 11875.00 11937.79 11998.83 12167.76 12138.90 12313.26 12305.81 12769.91 12942.57 12942.39 13043.02 13111.52 12841.86 12495.68
12221.85 12074.49 12074.49 12001.73 11897.68 11896.21 12013.64 12065.34 11819.80 12015.54 11960.08 12015.35 12069.09 12217.78 12192.38 12345.85 12339.29 12747.81 12899.79 12899.63 12988.20 13048.50 12811.14 12506.42
12182.70 12039.13 12039.13 11968.24 11866.88 11865.44 11979.85 12030.22 11791.00 11981.71 11927.67 11981.52 12033.87 12178.74 12153.99 12303.51 12297.13 12695.13 12843.20 12843.05 12929.34 12988.09 12756.83 12459.95
12035.56 11973.48 11971.17 11996.48 11977.60 12035.49 12145.90 12196.72 11984.47 11778.79 11841.02 11702.47 11690.10 11639.59 11753.27 11776.40 11819.20 12243.86 12567.26 12790.31 12835.26 12667.41 12503.54 12416.92
11966.82 11904.90 11902.59 11927.84 11909.00 11966.75 12076.89 12127.58 11915.86 11710.69 11772.77 11634.56 11622.23 11571.85 11685.23 11708.31 11751.00 12174.60 12497.20 12719.69 12764.53 12597.09 12433.64 12347.23
11834.95 11661.85 11661.86 11576.38 11454.17 11452.44 11590.38 11651.11 11362.69 11592.62 11527.47 11592.39 11655.51 11830.17 11800.34 11980.61 11972.91 12452.77 12631.30 12631.11 12735.16 12805.98 12527.16 12169.23
11846.72 11665.90 11665.91 11576.62 11448.96 11447.15 11591.24 11654.68 11353.40 11593.58 11525.53 11593.35 11659.28 11841.73 11810.57 11998.88 11990.83 12492.10 12678.58 12678.39 12787.08 12861.06 12569.81 12195.90
11857.87 11685.73 11685.73 11600.73 11479.19 11477.47 11614.64 11675.04 11388.22 11616.88 11552.08 11616.65 11679.42 11853.12 11823.45 12002.73 11995.07 12472.28 12649.82 12649.63 12753.10 12823.54 12546.26 12190.30
11758.68 11584.19 11584.19 11498.04 11374.84 11373.10 11512.14 11573.36 11282.62 11514.40 11448.73 11514.17 11577.80 11753.86 11723.79 11905.51 11897.74 12381.46 12561.41 12561.22 12666.11 12737.50 12456.44 12095.63
11698.08 11517.43 11517.43 11428.23 11300.68 11298.87 11442.83 11506.21 11205.20 11445.17 11377.18 11444.93 11510.81 11693.09 11661.96 11850.10 11842.06 12342.87 12529.18 12528.99 12637.58 12711.49 12420.51 12046.94
11785.29 11710.01 11707.21 11737.90 11715.00 11785.21 11919.10 11980.73 11723.34 11473.91 11549.38 11381.36 11366.37 11305.11 11442.96 11471.01 11522.92 12037.89 12430.07 12700.57 12755.08 12551.52 12352.80 12247.76
11874.94 11798.90 11796.07 11827.07 11803.95 11874.85 12010.08 12072.32 11812.37 11560.45 11636.68 11466.98 11451.84 11389.97 11529.20 11557.52 11609.95 12130.05 12526.14 12799.33 12854.38 12648.80 12448.10 12342.01
11869.08 11704.72 11704.72 11623.56 11507.52 11505.87 11636.85 11694.51 11420.65 11638.97 11577.11 11638.76 11698.70 11864.54 11836.21 12007.39 12000.08 12455.73 12625.24 12625.07 12723.86 12791.11 12526.37 12186.49
11890.13 11729.85 11729.85 11650.71 11537.55 11535.95 11663.67 11719.90 11452.84 11665.74 11605.42 11665.53 11723.98 11885.70 11858.08 12025.00 12017.87 12462.19 12627.49 12627.31 12723.66 12789.23 12531.07 12199.64
11935.16 11769.81 11769.81 11688.16 11571.42 11569.77 11701.53 11759.54 11484.04 11703.67 11641.44 11703.46 11763.75 11930.59 11902.09 12074.29 12066.93 12525.31 12695.84 12695.66 12795.05 12862.70 12596.37 12254.46
11991.01 11832.17 11832.18 11753.75 11641.61 11640.02 11766.59 11822.31 11557.66 11768.64 11708.86 11768.44 11826.36 11986.62 11959.25 12124.67 12117.60 12557.92 12721.73 12721.56 12817.03 12882.02 12626.18 12297.74
12018.89 11875.16 11875.16 11804.19 11702.72 11701.28 11815.81 11866.24 11626.75 11817.67 11763.58 11817.49 11869.89 12014.92 11990.15 12139.83 12133.44 12531.88 12680.11 12679.96 12766.35 12825.16 12593.65 12296.44
12009.32 11943.41 11940.96 11967.83 11947.78 12009.25 12126.48 12180.43 11955.08 11736.70 11802.78 11655.67 11642.54 11588.91 11709.60 11734.16 11779.61 12230.48 12573.84 12810.66 12858.39 12680.17 12506.19 12414.22
11969.83 11899.14 11896.51 11925.33 11903.83 11969.75 12095.48 12153.34 11911.66 11677.45 11748.32 11590.55 11576.47 11518.96 11648.39 11674.73 11723.47 12207.02 12575.26 12829.25 12880.43 12689.30 12502.71 12404.08
11911.55 11740.60 11740.60 11656.19 11535.50 11533.79 11670.01 11729.99 11445.16 11672.22 11607.89 11672.00 11734.34 11906.82 11877.36 12055.39 12047.79 12521.68 12697.98 12697.80 12800.55 12870.49 12595.14 12241.66
12006.44 11847.92 11847.93 11769.66 11657.74 11656.16 11782.47 11838.08 11573.96 11784.52 11724.86 11784.32 11842.12 12002.06 11974.74 12139.83 12132.77 12572.21 12735.69 12735.52 12830.80 12895.65 12640.33 12312.55
11977.11 11820.97 11820.97 11743.88 11633.64 11632.08 11756.50 11811.28 11551.12 11758.52 11699.75 11758.32 11815.25 11972.79 11945.89 12108.49 12101.55 12534.39 12695.42 12695.25 12789.10 12852.99 12601.49 12278.63
11878.93 11715.80 11715.81 11635.26 11520.09 11518.46 11648.45 11705.68 11433.88 11650.56 11589.16 11650.35 11709.83 11874.42 11846.31 12016.19 12008.93 12461.14 12629.37 12629.20 12727.25 12793.99 12531.24 12193.93
11767.90 11594.84 11594.84 11509.39 11387.21 11385.48 11523.38 11584.10 11295.75 11525.62 11460.49 11525.40 11588.50 11763.11 11733.29 11913.52 11905.82 12385.56 12564.03 12563.85 12667.87 12738.67 12459.93 12102.08
11770.74 11689.29 11686.26 11719.47 11694.70 11770.65 11915.51 11982.19 11703.72 11433.86 11515.51 11333.73 11317.51 11251.24 11400.38 11430.72 11486.88 12044.03 12468.33 12760.98 12819.95 12599.73 12384.73 12271.09
11784.43 11701.61 11698.53 11732.30 11707.11 11784.34 11931.64 11999.43 11716.28 11441.88 11524.91 11340.07 11323.58 11256.20 11407.84 11438.69 11495.80 12062.31 12493.74 12791.31 12851.27 12627.35 12408.74 12293.18
11774.32 11708.47 11706.02 11732.87 11712.84 11774.25 11891.37 11945.27 11720.13 11501.96 11567.98 11421.01 11407.90 11354.32 11474.89 11499.43 11544.83 11995.27 12338.30 12574.89 12622.57 12444.53 12270.71 12178.83
11730.41 11576.07 11576.07 11499.87 11390.90 11389.36 11512.34 11566.49 11309.33 11514.34 11456.25 11514.14 11570.42 11726.14 11699.54 11860.27 11853.41 12281.25 12440.42 12440.26 12533.03 12596.17 12347.58 12028.44
11790.77 11632.47 11632.47 11554.31 11442.55 11440.97 11567.10 11622.64 11358.89 11569.15 11509.58 11568.95 11626.67 11786.39 11759.11 11923.97 11916.93 12355.76 12519.02 12518.85 12614.00 12678.77 12423.79 12096.46
11869.37 11694.29 11694.29 11607.85 11484.24 11482.49 11622.00 11683.42 11391.71 11624.27 11558.37 11624.04 11687.88 11864.53 11834.36 12016.69 12008.90 12494.23 12674.79 12674.60 12779.84 12851.47 12569.47 12207.45
12085.08 11918.42 11918.42 11836.13 11718.47 11716.80 11849.60 11908.07 11630.39 11851.76 11789.04 11851.55 11912.31 12080.47 12051.75 12225.32 12217.90 12679.91 12851.79 12851.61 12951.78 13019.97 12751.53 12406.91
12102.72 11914.40 11914.40 11821.41 11688.45 11686.57 11836.63 11902.70 11588.92 11839.07 11768.19 11838.83 11907.50 12097.51 12065.06 12261.18 12252.80 12774.86 12969.08 12968.88 13082.07 13159.12 12855.79 12466.38
12095.69 11903.96 11903.97 11809.30 11673.94 11672.02 11824.80 11892.06 11572.61 11827.28 11755.12 11827.03 11896.94 12090.39 12057.35 12257.02 12248.49 12779.98 12977.71 12977.50 13092.74 13171.19 12862.37 12465.92
11928.39 11852.74 11849.92 11880.77 11857.76 11928.30 12062.85 12124.77 11866.14 11615.50 11691.34 11522.50 11507.44 11445.89 11584.40 11612.59 11664.75 12182.21 12576.28 12848.08 12902.86 12698.32 12498.64 12393.09
11707.15 11622.96 11619.82 11654.15 11628.54 11707.06 11856.80 11925.72 11637.87 11358.92 11443.33 11255.42 11238.65 11170.15 11324.31 11355.68 11413.73 11989.64 12428.23 12730.73 12791.69 12564.05 12341.82 12224.34
11666.54 11581.21 11578.03 11612.82 11586.87 11666.45 11818.21 11888.06 11596.32 11313.61 11399.15 11208.71 11191.71 11122.29 11278.53 11310.32 11369.16 11952.85 12397.36 12703.95 12765.73 12535.01 12309.78 12190.72
11795.25 11712.99 11709.93 11743.47 11718.45 11795.17 11941.48 12008.82 11727.56 11454.99 11537.47 11353.86 11337.47 11270.54 11421.17 11451.82 11508.55 12071.29 12499.84 12795.43 12854.99 12632.56 12415.41 12300.62
11960.27 11884.31 11881.48 11912.45 11889.35 11960.19 12095.30 12157.48 11897.76 11646.07 11722.23 11552.68 11537.55 11475.75 11614.84 11643.14 11695.52 12215.16 12610.89 12883.84 12938.84 12733.44 12532.92 12426.93
12119.11 12049.27 12046.67 12075.15 12053.90 12119.04 12243.26 12300.43 12061.64 11830.23 11900.25 11744.37 11730.46 11673.63 11801.52 11827.54 11875.70 12353.46 12717.30 12968.25 13018.82 12829.97 12645.61 12548.16
12262.30 12194.52 12192.00 12219.63 12199.02 12262.23 12382.79 12438.28 12206.52 11981.93 12049.89 11898.60 11885.10 11829.95 11954.07 11979.32 12026.06 12489.75 12842.87 13086.42 13135.50 12952.22 12773.29 12678.71
12269.72 12105.29 12105.29 12024.10 11908.00 11906.36 12037.39 12095.08 11821.10 12039.52 11977.63 12039.31 12099.26 12265.18 12236.84 12408.09 12400.77 12856.61 13026.20 13026.02 13124.86 13192.14 12927.28 12587.26
12227.25 12055.24 12055.24 11970.31 11848.86 11847.14 11984.21 12044.56 11757.95 11986.44 11921.70 11986.21 12048.94 12222.50 12192.85 12372.00 12364.34 12841.19 13018.60 13018.41 13121.80 13192.18 12915.12 12559.43
12239.38 12061.96 12061.96 11974.35 11849.09 11847.31 11988.69 12050.94 11755.31 11990.99 11924.21 11990.76 12055.46 12234.48 12203.90 12388.68 12380.79 12872.65 13055.63 13055.44 13162.09 13234.68 12948.90 12582.01
12238.84 12060.01 12060.01 11971.71 11845.46 11843.67 11986.17 12048.91 11750.94 11988.48 11921.18 11988.25 12053.46 12233.90 12203.08 12389.32 12381.36 12877.10 13061.53 13061.34 13168.83 13242.00 12953.96 12584.17
12254.67 12081.65 12081.65 11996.22 11874.06 11872.33 12010.20 12070.91 11782.62 12012.44 11947.32 12012.22 12075.31 12249.89 12220.07 12400.26 12392.56 12872.21 13050.65 13050.46 13154.46 13225.25 12946.56 12588.79
12477.88 12406.88 12404.24 12433.19 12411.59 12477.80 12604.07 12662.19 12419.46 12184.23 12255.41 12096.95 12082.81 12025.05 12155.05 12181.50 12230.45 12716.09 13085.93 13341.02 13392.42 13200.46 13013.06 12914.00
12656.54 12588.67 12586.15 12613.82 12593.17 12656.47 12777.17 12832.72 12600.69 12375.83 12443.87 12292.40 12278.88 12223.67 12347.93 12373.22 12420.01 12884.26 13237.80 13481.65 13530.79 13347.28 13168.14 13073.45
12644.18 12468.79 12468.79 12382.19 12258.37 12256.61 12396.37 12457.90 12165.68 12398.64 12332.63 12398.41 12462.37 12639.33 12609.10 12791.76 12783.95 13270.15 13451.03 13450.84 13556.26 13628.02 13345.53 12982.86
12634.63 12457.98 12457.98 12370.76 12246.04 12244.28 12385.04 12447.01 12152.68 12387.33 12320.84 12387.10 12451.51 12629.75 12599.30 12783.27 12775.41 13265.11 13447.29 13447.10 13553.28 13625.56 13341.03 12975.75
12655.87 12483.06 12483.06 12397.73 12275.72 12274.00 12411.70 12472.33 12184.39 12413.94 12348.90 12413.72 12476.73 12651.10 12621.32 12801.29 12793.60 13272.67 13450.90 13450.71 13554.59 13625.30 13346.94 12989.59
12591.60 12407.30 12407.30 12316.30 12186.19 12184.34 12331.20 12395.86 12088.78 12333.59 12264.22 12333.35 12400.55 12586.50 12554.74 12746.68 12738.48 13249.38 13439.45 13439.25 13550.03 13625.43 13328.58 12947.49
12635.13 12455.05 12455.05 12366.13 12238.98 12237.18 12380.68 12443.86 12143.80 12383.01 12315.23 12382.78 12448.45 12630.16 12599.12 12786.67 12778.66 13277.90 13463.63 13463.44 13571.69 13645.37 13355.30 12982.90
12788.68 12715.02 12712.28 12742.32 12719.91 12788.60 12919.60 12979.90 12728.07 12484.03 12557.87 12393.48 12378.81 12318.88 12453.75 12481.19 12531.98 13035.82 13419.53 13684.17 13737.50 13538.35 13343.93 13241.15
12636.24 12557.84 12554.92 12586.89 12563.04 12636.15 12775.60 12839.77 12571.72 12311.96 12390.56 12215.57 12199.96 12136.17 12279.73 12308.94 12363.00 12899.30 13307.73 13589.43 13646.20 13434.21 13227.26 13117.87
12462.74 12268.56 12268.57 12172.69 12035.60 12033.66 12188.38 12256.51 11932.98 12190.90 12117.82 12190.65 12261.45 12457.37 12423.91 12626.13 12617.49 13155.77 13356.03 13355.82 13472.53 13551.98 13239.22 12837.70
12398.25 12197.56 12197.56 12098.47 11956.78 11954.77 12114.69 12185.10 11850.71 12117.29 12041.75 12117.03 12190.21 12392.71 12358.12 12567.13 12558.20 13114.56 13321.54 13321.32 13441.95 13524.06 13200.80 12785.81
12492.91 12293.88 12293.89 12195.61 12055.10 12053.11 12211.70 12281.53 11949.91 12214.28 12139.37 12214.02 12286.59 12487.41 12453.11 12660.38 12651.53 13203.26 13408.52 13408.31 13527.94 13609.37 13288.79 12877.25
12635.07 12458.28 12458.28 12370.99 12246.17 12244.40 12385.28 12447.30 12152.73 12387.57 12321.03 12387.34 12451.80 12630.19 12599.72 12783.84 12775.97 13266.07 13448.40 13448.21 13554.47 13626.81 13342.05 12976.47
12597.46 12421.13 12421.13 12334.06 12209.57 12207.81 12348.32 12410.18 12116.38 12350.60 12284.23 12350.37 12414.67 12592.59 12562.20 12745.84 12737.99 13226.82 13408.68 13408.48 13514.47 13586.62 13302.60 12937.98
12528.10 12442.81 12439.64 12474.41 12448.47 12528.01 12679.72 12749.54 12457.92 12175.31 12260.82 12070.45 12053.46 11984.06 12140.25 12172.02 12230.84 12814.30 13258.64 13565.11 13626.87 13396.25 13171.10 13052.08
12498.07 12412.93 12409.77 12444.48 12418.58 12497.98 12649.41 12719.10 12428.01 12145.92 12231.28 12041.25 12024.30 11955.02 12110.92 12142.64 12201.35 12783.75 13227.28 13533.19 13594.84 13364.63 13139.89 13021.10
12479.73 12285.39 12285.39 12189.43 12052.22 12050.28 12205.14 12273.32 11949.51 12207.65 12134.51 12207.40 12278.27 12474.36 12440.86 12643.26 12634.61 13173.36 13373.79 13373.58 13490.39 13569.91 13256.88 12855.02
12539.81 12358.83 12358.84 12269.48 12141.71 12139.90 12284.11 12347.60 12046.06 12286.45 12218.34 12286.22 12352.20 12534.81 12503.62 12692.09 12684.04 13185.72 13372.36 13372.17 13480.95 13554.99 13263.50 12889.28
12548.16 12352.96 12352.96 12256.57 12118.75 12116.80 12272.35 12340.84 12015.58 12274.88 12201.41 12274.62 12345.80 12542.77 12509.13 12712.43 12703.74 13244.89 13446.22 13446.01 13563.34 13643.21 13328.79 12925.13
12625.03 12428.74 12428.74 12331.82 12193.24 12191.28 12347.69 12416.55 12089.50 12350.23 12276.35 12349.97 12421.55 12619.60 12585.77 12790.20 12781.46 13325.61 13528.04 13527.83 13645.81 13726.13 13409.96 13004.07
12784.91 12600.82 12600.83 12509.93 12379.96 12378.12 12524.81 12589.39 12282.67 12527.19 12457.91 12526.95 12594.08 12779.82 12748.10 12939.82 12931.62 13441.95 13631.81 13631.61 13742.26 13817.58 13521.06 13140.40
13006.61 12936.14 12933.52 12962.25 12940.82 13006.53 13131.86 13189.54 12948.62 12715.16 12785.80 12628.53 12614.50 12557.17 12686.19 12712.44 12761.03 13243.04 13610.12 13863.30 13914.32 13723.79 13537.79 13439.48
13191.34 13125.31 13122.85 13149.78 13129.69 13191.27 13308.71 13362.76 13137.01 12918.23 12984.43 12837.05 12823.90 12770.18 12891.08 12915.68 12961.22 13412.90 13756.88 13994.13 14041.94 13863.40 13689.11 13596.97
13366.52 13218.71 13218.71 13145.72 13041.37 13039.89 13157.67 13209.53 12963.25 13159.59 13103.95 13159.39 13213.29 13362.43 13336.96 13490.89 13484.32 13894.07 14046.51 14046.35 14135.20 14195.68 13957.60 13651.95
13341.13 13189.21 13189.21 13114.20 13006.94 13005.42 13126.48 13179.78 12926.65 13128.45 13071.27 13128.25 13183.65 13336.93 13310.75 13468.97 13462.21 13883.36 14040.04 14039.87 14131.19 14193.35 13948.64 13634.50
13189.97 13026.80 13026.80 12946.23 12831.03 12829.40 12959.42 13016.67 12744.79 12961.54 12900.12 12961.32 13020.82 13185.47 13157.34 13327.28 13320.02 13772.36 13940.65 13940.47 14038.55 14105.32 13842.49 13505.08
13162.79 12997.26 12997.27 12915.54 12798.67 12797.02 12928.91 12986.99 12711.19 12931.06 12868.76 12930.84 12991.20 13158.21 13129.69 13302.07 13294.71 13753.57 13924.28 13924.10 14023.59 14091.32 13824.70 13482.43
13164.10 12990.94 12990.94 12905.43 12783.18 12781.45 12919.43 12980.18 12691.66 12921.67 12856.50 12921.45 12984.59 13159.31 13129.47 13309.81 13302.11 13782.15 13960.74 13960.55 14064.64 14135.49 13856.57 13498.50
13279.87 13206.00 13203.25 13233.37 13210.90 13279.79 13411.17 13471.63 13219.08 12974.34 13048.39 12883.53 12868.81 12808.71 12943.97 12971.49 13022.43 13527.72 13912.53 14177.94 14231.43 14031.70 13836.71 13733.65
13409.61 13338.73 13336.09 13364.99 13343.43 13409.53 13535.59 13593.61 13351.28 13116.45 13187.51 13029.32 13015.20 12957.54 13087.32 13113.72 13162.59 13647.42 14016.64 14271.30 14322.62 14130.98 13943.90 13845.00
13358.47 13184.88 13184.89 13099.18 12976.62 12974.89 13113.21 13174.11 12884.88 13115.45 13050.12 13115.23 13178.52 13353.67 13323.76 13504.53 13496.81 13978.02 14157.04 14156.85 14261.19 14332.21 14052.62 13693.68
13330.04 13166.20 13166.20 13085.30 12969.62 12967.98 13098.54 13156.02 12883.02 13100.66 13039.00 13100.45 13160.19 13325.52 13297.28 13467.92 13460.63 13914.84 14083.82 14083.64 14182.13 14249.16 13985.25 13646.45
13396.38 13236.64 13236.64 13157.76 13044.98 13043.39 13170.67 13226.72 12960.56 13172.74 13112.62 13172.54 13230.78 13391.96 13364.43 13530.79 13523.68 13966.51 14131.26 14131.08 14227.10 14292.46 14035.16 13704.85
13464.97 13304.80 13304.80 13225.72 13112.64 13111.04 13238.66 13294.86 13027.99 13240.74 13180.46 13240.53 13298.93 13460.54 13432.94 13599.74 13592.61 14036.62 14201.81 14201.63 14297.91 14363.44 14105.46 13774.26
13518.79 13360.38 13360.38 13282.16 13170.32 13168.74 13294.97 13350.54 13086.60 13297.02 13237.40 13296.81 13354.57 13514.41 13487.11 13652.08 13645.03 14084.17 14247.54 14247.37 14342.59 14407.40 14152.25 13824.69
13416.88 13359.48 13357.34 13380.75 13363.28 13416.82 13518.93 13565.92 13369.64 13179.43 13236.99 13108.86 13097.42 13050.72 13155.83 13177.22 13216.81 13609.51 13908.58 14114.85 14156.42 14001.19 13849.65 13769.55
13306.38 13245.85 13243.60 13268.28 13249.87 13306.31 13413.96 13463.51 13256.57 13056.03 13116.71 12981.63 12969.57 12920.33 13031.15 13053.70 13095.44 13509.46 13824.77 14042.24 14086.06 13922.41 13762.64 13678.19
13334.69 13184.06 13184.06 13109.69 13003.34 13001.84 13121.86 13174.71 12923.73 13123.81 13067.12 13123.62 13178.54 13330.53 13304.57 13461.44 13454.73 13872.30 14027.65 14027.48 14118.02 14179.65 13937.03 13625.56
13440.17 13288.01 13288.01 13212.88 13105.46 13103.94 13225.18 13278.56 13025.05 13227.15 13169.89 13226.96 13282.44 13435.96 13409.74 13568.20 13561.43 13983.22 14140.15 14139.98 14231.44 14293.69 14048.61 13733.99
13415.88 13263.20 13263.20 13187.81 13080.02 13078.49 13200.16 13253.72 12999.32 13202.13 13144.67 13201.94 13257.61 13411.67 13385.35 13544.36 13537.57 13960.83 14118.29 14118.13 14209.90 14272.37 14026.44 13710.73
13280.81 13130.81 13130.82 13056.75 12950.85 12949.35 13068.88 13121.50 12871.58 13070.82 13014.37 13070.63 13125.32 13276.67 13250.82 13407.03 13400.35 13816.17 13970.87 13970.70 14060.86 14122.23 13880.63 13570.47
13100.96 12942.57 12942.57 12864.37 12752.54 12750.96 12877.17 12932.74 12668.83 12879.22 12819.61 12879.02 12936.77 13096.59 13069.29 13234.24 13227.19 13666.28 13829.63 13829.46 13924.66 13989.47 13734.35 13406.83
13108.74 13032.12 13029.27 13060.51 13037.20 13108.66 13244.93 13307.65 13045.69 12791.83 12868.65 12697.64 12682.38 12620.04 12760.33 12788.88 12841.71 13365.83 13764.97 14040.27 14095.74 13888.57 13686.33 13579.42
13142.06 13065.74 13062.90 13094.02 13070.80 13141.98 13277.72 13340.19 13079.26 12826.39 12902.90 12732.57 12717.37 12655.27 12795.02 12823.45 12876.08 13398.14 13795.72 14069.94 14125.20 13918.84 13717.38 13610.89
13171.12 13001.51 13001.51 12917.76 12798.01 12796.31 12931.47 12990.98 12708.37 12933.67 12869.83 12933.45 12995.29 13166.44 13137.20 13313.85 13306.30 13776.50 13951.43 13951.25 14053.20 14122.60 13849.39 13498.66
13204.04 13032.82 13032.82 12948.27 12827.38 12825.67 12962.11 13022.19 12736.89 12964.33 12899.88 12964.11 13026.54 13199.31 13169.80 13348.13 13340.51 13815.18 13991.77 13991.59 14094.51 14164.57 13888.77 13534.70
13122.34 12947.24 12947.24 12860.78 12737.16 12735.41 12874.94 12936.37 12644.62 12877.21 12811.30 12876.98 12940.83 13117.50 13087.33 13269.69 13261.89 13747.31 13927.89 13927.70 14032.96 14104.60 13822.56 13460.48
13019.60 12840.91 12840.91 12752.68 12626.52 12624.73 12767.12 12829.82 12532.08 12769.44 12702.18 12769.21 12834.36 13014.66 12983.87 13169.96 13162.01 13657.38 13841.67 13841.47 13948.88 14021.99 13734.17 13364.67
13049.41 12881.30 12881.30 12798.29 12679.60 12677.92 12811.88 12870.86 12590.75 12814.06 12750.78 12813.84 12875.14 13044.77 13015.79 13190.87 13183.39 13649.43 13822.81 13822.63 13923.68 13992.46 13721.68 13374.05
13044.51 12970.23 12967.47 12997.75 12975.16 13044.43 13176.54 13237.34 12983.39 12737.28 12811.75 12645.97 12631.17 12570.74 12706.75 12734.42 12785.64 13293.74 13680.69 13947.58 14001.36 13800.52 13604.45 13500.81
13010.58 12937.55 12934.83 12964.61 12942.39 13010.50 13140.39 13200.18 12950.48 12708.51 12781.72 12618.72 12604.18 12544.76 12678.48 12705.69 12756.05 13255.63 13636.09 13898.50 13951.38 13753.91 13561.13 13459.23
13130.64 12977.39 12977.39 12901.72 12793.52 12791.99 12914.11 12967.87 12712.53 12916.09 12858.41 12915.89 12971.77 13126.40 13099.99 13259.59 13252.77 13677.60 13835.65 13835.49 13927.60 13990.30 13743.46 13426.57
13184.03 13039.92 13039.92 12968.77 12867.03 12865.59 12980.42 13030.97 12790.87 12982.28 12928.05 12982.10 13034.64 13180.04 13155.21 13305.29 13298.87 13698.36 13846.98 13846.82 13933.44 13992.40 13760.29 13462.31
13211.24 13067.40 13067.41 12996.38 12894.83 12893.39 13008.01 13058.47 12818.81 13009.87 12955.74 13009.69 13062.13 13207.27 13182.48 13332.28 13325.88 13724.62 13872.96 13872.80 13959.26 14018.11 13786.43 13489.00
13300.61 13155.14 13155.15 13083.32 12980.62 12979.16 13095.08 13146.11 12903.74 13096.96 13042.21 13096.77 13149.81 13296.59 13271.52 13423.01 13416.54 13819.79 13969.82 13969.66 14057.10 14116.61 13882.31 13581.51
13331.21 13181.31 13181.31 13107.30 13001.46 12999.96 13119.41 13172.00 12922.23 13121.35 13064.93 13121.16 13175.82 13327.07 13301.24 13457.35 13450.68 13866.24 14020.85 14020.68 14110.79 14172.12 13930.67 13620.69
13371.48 13301.24 13298.62 13327.26 13305.90 13371.41 13496.35 13553.86 13313.68 13080.93 13151.35 12994.56 12980.57 12923.42 13052.05 13078.22 13126.66 13607.20 13973.15 14225.56 14276.42 14086.48 13901.05 13803.03
13399.42 13324.83 13322.06 13352.47 13329.78 13399.34 13532.00 13593.05 13338.04 13090.92 13165.70 12999.23 12984.37 12923.69 13060.26 13088.05 13139.48 13649.68 14038.23 14306.23 14360.23 14158.56 13961.68 13857.61
13378.78 13208.13 13208.14 13123.88 13003.39 13001.69 13137.67 13197.54 12913.21 13139.88 13075.65 13139.66 13201.88 13374.07 13344.66 13522.38 13514.78 13987.85 14163.84 14163.66 14266.23 14336.05 14061.19 13708.32
13424.01 13283.09 13283.09 13213.51 13114.01 13112.60 13224.90 13274.34 13039.53 13226.72 13173.68 13226.54 13277.92 13420.12 13395.83 13542.60 13536.32 13926.99 14072.33 14072.18 14156.89 14214.54 13987.55 13696.15
13401.60 13259.51 13259.51 13189.34 13089.02 13087.60 13200.83 13250.68 13013.92 13202.67 13149.19 13202.49 13254.30 13397.68 13373.19 13521.17 13514.85 13908.77 14055.32 14055.17 14140.58 14198.72 13969.84 13676.01
13280.14 13131.65 13131.65 13058.34 12953.50 12952.02 13070.34 13122.43 12875.03 13072.26 13016.38 13072.07 13126.21 13276.03 13250.44 13405.08 13398.48 13810.10 13963.24 13963.08 14052.33 14113.08 13873.91 13566.87
13285.60 13153.49 13153.49 13088.26 12994.99 12993.67 13098.94 13145.29 12925.17 13100.65 13050.93 13100.48 13148.65 13281.95 13259.18 13396.76 13390.88 13757.11 13893.36 13893.22 13972.62 14026.68 13813.89 13540.71
13181.23 13115.32 13112.87 13139.74 13119.69 13181.16 13298.39 13352.34 13126.99 12908.61 12974.69 12827.58 12814.45 12760.82 12881.51 12906.07 12951.52 13402.39 13745.76 13982.58 14030.31 13852.09 13678.10 13586.14
13096.74 13026.20 13023.58 13052.34 13030.88 13096.66 13222.11 13279.85 13038.70 12805.00 12875.71 12718.29 12704.24 12646.85 12776.00 12802.28 12850.92 13333.40 13700.84 13954.27 14005.35 13814.63 13628.45 13530.03
13097.80 12923.76 12923.76 12837.83 12714.96 12713.22 12851.90 12912.95 12622.98 12854.15 12788.65 12853.92 12917.38 13092.99 13062.99 13244.24 13236.50 13718.95 13898.44 13898.25 14002.86 14074.07 13793.75 13433.87
13304.96 13132.10 13132.10 13046.75 12924.71 12922.98 13060.72 13121.37 12833.35 13062.96 12997.90 13062.73 13125.76 13300.18 13270.39 13450.41 13442.72 13921.91 14100.19 14100.00 14203.90 14274.63 13996.20 13638.76
13469.37 13299.68 13299.68 13215.89 13096.09 13094.39 13229.61 13289.14 13006.41 13231.81 13167.94 13231.59 13293.46 13464.68 13435.44 13612.16 13604.61 14075.02 14250.02 14249.84 14351.84 14421.27 14147.94 13797.06
13626.77 13462.36 13462.37 13381.19 13265.11 13263.47 13394.48 13452.16 13178.22 13396.60 13334.73 13396.39 13456.34 13622.23 13593.90 13765.12 13757.80 14213.57 14383.13 14382.95 14481.78 14549.04 14284.23 13944.26
13741.20 13583.72 13583.72 13505.96 13394.78 13393.21 13518.69 13573.94 13311.55 13520.73 13461.46 13520.53 13577.95 13736.85 13709.71 13873.71 13866.70 14303.26 14465.67 14465.50 14560.16 14624.59 14370.94 14045.30
13513.67 13451.50 13449.19 13474.54 13455.63 13513.61 13624.18 13675.07 13462.51 13256.53 13318.86 13180.10 13167.72 13117.14 13230.97 13254.13 13297.00 13722.28 14046.15 14269.52 14314.54 14146.44 13982.33 13895.59
13351.51 13283.50 13280.97 13308.70 13288.01 13351.44 13472.40 13528.08 13295.54 13070.20 13138.39 12986.59 12973.04 12917.71 13042.24 13067.58 13114.48 13579.72 13934.03 14178.40 14227.64 14043.74 13864.22 13769.32
13316.55 13158.90 13158.90 13081.06 12969.75 12968.17 13093.80 13149.11 12886.43 13095.84 13036.50 13095.64 13153.12 13312.20 13285.03 13449.21 13442.20 13879.24 14041.83 14041.66 14136.42 14200.93 13946.99 13620.99
13309.87 13166.38 13166.38 13095.53 12994.23 12992.79 13107.13 13157.47 12918.39 13108.99 13054.98 13108.80 13161.12 13305.90 13281.17 13430.61 13424.22 13822.00 13969.98 13969.82 14056.07 14114.78 13883.66 13586.96
13283.25 13119.52 13119.52 13038.68 12923.08 12921.45 13051.91 13109.35 12836.55 13054.03 12992.41 13053.82 13113.52 13278.72 13250.50 13421.02 13413.73 13867.61 14036.47 14036.29 14134.70 14201.69 13937.97 13599.42
13285.61 13120.99 13120.99 13039.70 12923.48 12921.83 13053.01 13110.77 12836.47 13055.14 12993.18 13054.93 13114.96 13281.06 13252.69 13424.14 13416.81 13873.18 14042.97 14042.79 14141.74 14209.10 13943.93 13603.52
13394.68 13222.54 13222.55 13137.55 13016.02 13014.30 13151.47 13211.86 12925.05 13153.70 13088.91 13153.47 13216.24 13389.92 13360.25 13539.52 13531.86 14009.04 14186.57 14186.38 14289.84 14360.27 14083.02 13727.08
13570.86 13424.91 13424.91 13352.84 13249.79 13248.33 13364.64 13415.84 13172.65 13366.53 13311.59 13366.34 13419.56 13566.83 13541.67 13693.68 13687.18 14091.80 14242.33 14242.17 14329.90 14389.62 14154.53 13852.72
13523.15 13460.13 13457.78 13483.48 13464.31 13523.09 13635.18 13686.78 13471.29 13262.46 13325.65 13184.98 13172.43 13121.15 13236.56 13260.04 13303.50 13734.63 14062.97 14289.43 14335.06 14164.64 13998.28 13910.33
13371.57 13298.25 13295.53 13325.42 13303.12 13371.49 13501.89 13561.90 13311.24 13068.32 13141.83 12978.19 12963.59 12903.94 13038.18 13065.50 13116.05 13617.57 13999.51 14262.93 14316.02 14117.78 13924.25 13821.96
