0.00 0.00 0.00 0.00 0.00 0.00 0.00 30.88 197.47 380.20 525.74 614.33 607.08 535.68 387.33 206.13 30.78 0.00 0.00 0.00 0.00 0.00 0.00 0.00
0.00 0.00 0.00 0.00 0.00 0.00 0.00 33.20 216.52 413.89 569.99 662.66 657.40 574.84 415.57 220.40 32.54 0.00 0.00 0.00 0.00 0.00 0.00 0.00
0.00 0.00 0.00 0.00 0.00 0.00 0.00 35.75 237.03 449.61 617.51 713.77 711.45 615.15 445.08 236.44 35.03 0.00 0.00 0.00 0.00 0.00 0.00 0.00
0.00 0.00 0.00 0.00 0.00 0.00 0.00 37.89 250.56 471.49 646.43 742.64 743.60 638.09 463.61 248.93 38.15 0.00 0.00 0.00 0.00 0.00 0.00 0.00
0.00 0.00 0.00 0.00 0.00 0.00 0.00 40.72 263.58 490.64 669.23 763.21 767.00 658.61 482.34 263.04 42.51 0.00 0.00 0.00 0.00 0.00 0.00 0.00
0.00 0.00 0.00 0.00 0.00 0.00 0.00 44.06 278.61 513.13 694.39 787.06 791.99 685.75 506.01 279.13 47.25 0.00 0.00 0.00 0.00 0.00 0.00 0.00
0.00 0.00 0.00 0.00 0.00 0.00 0.00 45.82 287.59 527.48 710.20 802.64 806.72 704.56 521.00 288.13 49.97 0.00 0.00 0.00 0.00 0.00 0.00 0.00
0.00 0.00 0.00 0.00 0.00 0.00 0.00 44.75 284.53 524.21 706.29 797.18 798.61 699.12 514.76 283.39 49.41 0.00 0.00 0.00 0.00 0.00 0.00 0.00
0.00 0.00 0.00 0.00 0.00 0.00 0.00 41.84 272.74 507.79 687.40 773.69 770.64 670.63 489.55 267.84 46.73 0.00 0.00 0.00 0.00 0.00 0.00 0.00
0.00 0.00 0.00 0.00 0.00 0.00 0.00 38.85 258.83 487.19 662.72 741.92 733.87 631.82 457.27 249.54 44.01 0.00 0.00 0.00 0.00 0.00 0.00 0.00
0.00 0.00 0.00 0.00 0.00 0.00 0.00 36.75 245.65 464.66 633.20 704.98 694.71 592.76 428.08 234.32 42.67 0.00 0.00 0.00 0.00 0.00 0.00 0.00
0.00 0.00 0.00 0.00 0.00 0.00 0.00 35.63 233.33 439.73 597.80 664.34 655.37 557.42 405.84 224.04 43.29 0.00 0.00 0.00 0.00 0.00 0.00 0.00
0.00 0.00 0.00 0.00 0.00 0.00 0.00 35.78 225.88 422.47 572.10 637.24 629.56 538.15 398.30 223.07 46.73 0.00 0.00 0.00 0.00 0.00 0.00 0.00
0.00 0.00 0.00 0.00 0.00 0.00 0.00 37.22 227.52 424.33 575.15 641.89 634.64 549.39 413.92 236.03 53.35 0.00 0.00 0.00 0.00 0.00 0.00 0.00
0.00 0.00 0.00 0.00 0.00 0.00 0.00 39.09 235.09 439.57 600.08 668.78 665.10 582.66 444.31 257.43 61.21 0.00 0.00 0.00 0.00 0.00 0.00 0.00
0.00 0.00 0.00 0.00 0.00 0.00 0.00 41.42 246.97 461.31 632.76 704.27 708.33 623.45 477.47 280.02 68.51 0.00 0.00 0.00 0.00 0.00 0.00 0.00
0.00 0.00 0.00 0.00 0.00 0.00 0.00 44.84 265.29 491.71 671.90 750.17 761.38 670.24 512.99 303.43 75.44 0.00 0.00 0.00 0.00 0.00 0.00 0.00
0.00 0.00 0.00 0.00 0.00 0.00 0.00 47.91 282.72 520.58 706.84 795.19 809.28 713.67 545.57 323.72 81.29 0.00 0.00 0.00 0.00 0.00 0.00 0.00
0.00 0.00 0.00 0.00 0.00 0.00 0.00 48.46 287.00 528.67 716.48 814.76 828.95 734.30 561.02 332.32 84.27 0.00 0.00 0.00 0.00 0.00 0.00 0.00
0.00 0.00 0.00 0.00 0.00 0.00 0.00 46.99 278.00 514.75 699.06 805.67 819.10 727.55 554.71 327.88 84.60 0.00 0.00 0.00 0.00 0.00 0.00 0.00
0.00 0.00 0.00 0.00 0.00 0.00 0.00 46.26 268.80 499.69 679.81 793.09 803.29 712.29 541.12 320.72 85.60 0.00 0.00 0.00 0.00 0.00 0.00 0.00
0.00 0.00 0.00 0.00 0.00 0.00 0.00 48.55 271.69 503.94 684.56 801.37 804.90 712.33 541.38 324.18 91.06 0.00 0.00 0.00 0.00 0.00 0.00 0.00
0.00 0.00 0.00 0.00 0.00 0.00 0.00 53.34 286.68 527.20 713.61 829.46 827.06 734.08 561.88 341.17 100.74 0.00 0.00 0.00 0.00 0.00 0.00 0.00
0.00 0.00 0.00 0.00 0.00 0.00 0.00 57.68 303.30 552.69 747.07 859.87 856.96 766.08 591.26 363.07 110.71 0.00 0.00 0.00 0.00 0.00 0.00 0.00
0.00 0.00 0.00 0.00 0.00 0.00 0.00 60.23 314.73 569.68 771.15 882.85 884.12 797.08 619.26 383.42 119.65 0.00 0.00 0.00 0.00 0.00 0.00 0.00
0.00 0.00 0.00 0.00 0.00 0.00 0.00 63.47 325.99 584.71 790.50 903.85 910.33 826.52 646.64 403.44 129.58 0.00 0.00 0.00 0.00 0.00 0.00 0.00
0.00 0.00 0.00 0.00 0.00 0.00 0.00 68.95 341.08 603.62 810.36 925.97 936.05 852.89 671.68 421.51 139.76 0.00 0.00 0.00 0.00 0.00 0.00 0.00
0.00 0.00 0.00 0.00 0.00 0.00 0.00 74.00 352.94 617.81 822.97 938.93 949.42 864.95 682.90 428.91 145.52 0.00 0.00 0.00 0.00 0.00 0.00 0.00
0.00 0.00 0.00 0.00 0.00 0.00 0.00 75.41 352.75 616.14 818.16 930.10 936.06 849.48 668.41 417.94 143.33 0.00 0.00 0.00 0.00 0.00 0.00 0.00
0.00 0.00 0.00 0.00 0.00 0.00 0.00 72.64 338.50 595.37 792.59 895.74 890.46 799.58 624.40 388.20 134.04 0.00 0.00 0.00 0.00 0.00 0.00 0.00
0.00 0.00 0.00 0.00 0.00 0.00 0.00 68.01 317.28 564.71 756.43 851.59 830.11 730.29 566.35 352.20 123.87 0.00 0.00 0.00 0.00 0.00 0.00 0.00
0.00 0.00 0.00 0.00 0.00 0.00 0.00 65.78 305.06 547.38 737.25 833.03 799.84 688.61 533.30 334.54 121.92 0.00 0.00 0.00 0.00 0.00 0.00 0.00
0.00 0.00 0.00 0.00 0.00 0.00 0.00 68.67 312.24 558.69 752.82 859.20 828.77 711.76 552.91 349.32 131.29 0.00 0.00 0.00 0.00 0.00 0.00 0.00
0.00 0.00 0.00 0.00 0.00 0.00 0.00 74.20 328.65 583.24 784.01 905.52 889.13 775.62 603.67 380.45 144.22 0.00 0.00 0.00 0.00 0.00 0.00 0.00
0.00 0.00 0.00 0.00 0.00 0.00 0.00 77.58 335.87 594.08 798.82 934.43 929.44 821.36 639.17 400.07 151.07 0.00 0.00 0.00 0.00 0.00 0.00 0.00
0.00 0.00 0.00 0.00 0.00 0.00 0.00 77.35 327.61 581.31 784.74 927.01 923.36 814.90 635.10 396.10 149.77 0.00 0.00 0.00 0.00 0.00 0.00 0.00
0.00 0.00 0.00 0.00 0.00 0.00 0.00 75.27 308.27 548.64 743.22 875.46 869.05 757.56 595.37 372.81 143.52 0.00 0.00 0.00 0.00 0.00 0.00 0.00
0.00 0.00 0.00 0.00 0.00 0.00 0.00 73.12 284.61 505.03 683.87 788.36 785.64 676.62 540.38 343.03 136.67 0.00 0.00 0.00 0.00 0.00 0.00 0.00
0.00 0.00 0.00 0.00 0.00 0.00 0.00 72.21 265.28 465.55 627.26 701.25 712.47 613.46 496.71 321.74 133.00 0.00 0.00 0.00 0.00 0.00 0.00 0.00
0.00 0.00 0.00 0.00 0.00 0.00 0.00 71.65 250.60 430.54 574.11 628.83 656.59 572.59 464.20 304.97 128.96 0.00 0.00 0.00 0.00 0.00 0.00 0.00
0.00 0.00 0.00 0.00 0.00 0.00 0.00 67.21 227.16 378.65 496.19 541.24 576.48 511.13 412.34 270.38 115.69 0.00 0.00 0.00 0.00 0.00 0.00 0.00
0.00 0.00 0.00 0.00 0.00 0.00 0.00 58.71 195.31 315.99 404.15 443.86 477.21 430.32 346.50 223.63 97.47 0.00 0.00 0.00 0.00 0.00 0.00 0.00
0.00 0.00 0.00 0.00 0.00 0.00 0.00 55.78 185.12 296.65 371.78 410.89 441.96 404.48 325.87 207.76 93.24 0.00 0.00 0.00 0.00 0.00 0.00 0.00
0.00 0.00 0.00 0.00 0.00 0.00 0.00 67.65 220.70 358.05 448.08 490.50 521.61 479.44 384.12 245.86 111.78 0.03 0.00 0.00 0.00 0.00 0.00 0.00
0.00 0.00 0.00 0.00 0.00 0.00 0.00 89.59 282.26 463.34 587.29 633.12 662.67 607.78 482.15 309.87 140.19 0.24 0.00 0.00 0.00 0.00 0.00 0.00
0.00 0.00 0.00 0.00 0.00 0.00 0.00 108.71 329.04 543.06 704.93 753.13 777.98 711.52 561.62 361.54 162.60 1.20 0.00 0.00 0.00 0.00 0.00 0.00
0.00 0.00 0.00 0.00 0.00 0.00 0.00 120.48 349.55 576.23 771.25 824.45 844.70 769.92 611.27 397.15 179.55 4.01 0.00 0.00 0.00 0.00 0.00 0.00
0.00 0.00 0.00 0.00 0.00 0.00 0.00 130.26 363.07 592.83 808.85 873.81 891.64 809.60 651.84 431.65 198.98 8.99 0.00 0.00 0.00 0.00 0.00 0.00
0.00 0.00 0.00 0.00 0.00 0.00 0.00 139.93 377.81 609.09 827.01 907.59 921.94 832.83 677.55 456.24 214.58 13.95 0.00 0.00 0.00 0.00 0.00 0.00
0.00 0.00 0.00 0.00 0.00 0.00 0.00 142.95 378.15 606.36 810.55 904.07 911.17 816.31 660.93 446.91 211.74 16.10 0.00 0.00 0.00 0.00 0.00 0.00
0.00 0.00 0.00 0.00 0.00 0.00 0.00 138.02 362.30 584.62 774.10 879.17 879.60 782.24 619.33 416.28 196.56 16.34 0.00 0.00 0.00 0.00 0.00 0.00
0.00 0.00 0.00 0.00 0.00 0.00 0.00 135.00 355.44 579.77 765.94 887.83 887.14 790.34 612.39 409.44 193.33 17.97 0.00 0.00 0.00 0.00 0.00 0.00
0.00 0.00 0.00 0.00 0.00 0.00 0.00 140.86 371.94 608.59 801.92 944.92 946.94 851.01 660.19 441.85 210.79 21.72 0.00 0.00 0.00 0.00 0.00 0.00
0.00 0.00 0.00 0.00 0.00 0.00 0.00 153.28 401.93 652.99 853.96 1010.22 1014.64 918.20 723.87 486.15 234.31 25.65 0.00 0.00 0.00 0.00 0.00 0.00
0.00 0.00 0.00 0.00 0.00 0.00 0.02 167.06 431.62 692.48 893.97 1044.21 1047.84 949.33 758.68 509.67 246.49 27.92 0.00 0.00 0.00 0.00 0.00 0.00
0.00 0.00 0.00 0.00 0.00 0.00 0.12 177.29 450.83 714.98 908.52 1037.35 1034.14 931.14 745.71 497.69 241.17 28.10 0.00 0.00 0.00 0.00 0.00 0.00
0.00 0.00 0.00 0.00 0.00 0.00 0.57 183.01 458.65 722.53 904.32 1010.76 994.80 885.52 701.33 462.97 226.53 27.41 0.00 0.00 0.00 0.00 0.00 0.00
0.00 0.00 0.00 0.00 0.00 0.00 1.85 189.21 466.56 732.51 908.12 1001.06 974.00 863.17 674.44 443.55 220.69 28.12 0.00 0.00 0.00 0.00 0.00 0.00
0.00 0.00 0.00 0.00 0.00 0.00 4.17 199.70 482.05 753.64 932.95 1022.57 994.65 895.09 701.31 467.46 235.74 31.70 0.00 0.00 0.00 0.00 0.00 0.00
0.00 0.00 0.00 0.00 0.00 0.00 7.22 213.15 501.45 778.21 965.52 1058.90 1039.27 959.39 765.59 521.63 265.12 37.31 0.00 0.00 0.00 0.00 0.00 0.00
0.00 0.00 0.00 0.00 0.00 0.00 10.84 228.13 523.62 803.75 998.56 1099.90 1090.95 1021.83 831.08 576.51 294.78 43.15 0.00 0.00 0.00 0.00 0.00 0.00
0.00 0.00 0.00 0.00 0.00 0.00 15.01 243.25 548.13 831.23 1033.43 1145.54 1146.22 1070.30 881.17 618.08 318.01 48.25 0.00 0.00 0.00 0.00 0.00 0.00
0.00 0.00 0.00 0.00 0.00 0.00 18.90 253.53 563.95 847.58 1056.21 1179.55 1188.14 1097.56 908.41 640.93 332.31 52.14 0.00 0.00 0.00 0.00 0.00 0.00
0.00 0.00 0.00 0.00 0.00 0.00 21.61 255.05 560.73 839.10 1051.79 1183.29 1197.90 1097.29 907.56 641.74 335.72 54.48 0.00 0.00 0.00 0.00 0.00 0.00
0.00 0.00 0.00 0.00 0.00 0.00 23.45 251.21 545.16 814.00 1029.66 1164.18 1182.60 1079.57 888.33 627.84 331.34 55.73 0.00 0.00 0.00 0.00 0.00 0.00
0.00 0.00 0.00 0.00 0.00 0.00 25.38 250.40 536.26 798.13 1016.64 1149.21 1168.49 1067.98 873.83 615.94 327.04 57.06 0.00 0.00 0.00 0.00 0.00 0.00
0.00 0.00 0.00 0.00 0.00 0.00 27.71 255.88 542.37 804.24 1025.17 1151.51 1169.22 1073.99 875.36 613.94 326.62 59.16 0.00 0.00 0.00 0.00 0.00 0.00
0.00 0.00 0.00 0.00 0.00 0.00 30.00 261.28 549.73 814.12 1038.36 1156.76 1173.03 1085.84 882.94 616.55 328.53 62.43 0.00 0.00 0.00 0.00 0.00 0.00
0.00 0.00 0.00 0.00 0.00 0.00 32.53 264.00 549.46 813.51 1043.00 1157.40 1173.99 1097.60 893.66 626.48 336.56 68.07 0.00 0.00 0.00 0.00 0.00 0.00
0.00 0.00 0.00 0.00 0.00 0.00 36.57 273.86 559.20 823.76 1056.10 1171.12 1186.56 1117.10 913.28 648.54 353.02 75.28 0.00 0.00 0.00 0.00 0.00 0.00
0.00 0.00 0.00 0.00 0.00 0.00 41.69 294.11 588.87 859.07 1087.14 1198.02 1205.45 1131.01 921.88 661.02 362.49 79.18 0.00 0.00 0.00 0.00 0.00 0.00
0.00 0.00 0.00 0.00 0.00 0.00 45.45 310.43 614.67 890.46 1110.00 1204.18 1197.26 1108.33 887.54 634.46 346.81 76.20 0.00 0.00 0.00 0.00 0.00 0.00
0.00 0.00 0.00 0.00 0.00 0.00 46.80 311.65 614.32 889.33 1101.74 1175.09 1154.24 1049.07 819.32 576.84 312.31 69.16 0.00 0.00 0.00 0.00 0.00 0.00
0.00 0.00 0.00 0.00 0.00 0.00 47.13 302.39 593.67 862.13 1068.69 1135.58 1106.63 990.93 763.64 527.23 282.96 63.86 0.00 0.00 0.00 0.00 0.00 0.00
0.00 0.00 0.00 0.00 0.00 0.00 47.92 291.98 569.18 828.68 1026.25 1105.23 1076.66 965.15 748.86 510.63 272.64 63.13 0.00 0.00 0.00 0.00 0.00 0.00
0.00 0.00 0.00 0.00 0.00 0.00 49.56 284.97 550.00 800.66 985.95 1081.61 1063.67 972.12 766.68 522.50 277.98 65.85 0.00 0.00 0.00 0.00 0.00 0.00
0.00 0.00 0.00 0.00 0.00 0.00 51.53 280.54 536.25 779.52 955.33 1059.67 1058.06 989.41 793.40 543.77 288.73 69.38 0.00 0.00 0.00 0.00 0.00 0.00
0.00 0.00 0.00 0.00 0.00 0.00 53.00 273.80 518.95 753.76 922.59 1019.81 1028.60 977.85 796.17 547.51 290.81 70.69 0.00 0.00 0.00 0.00 0.00 0.00
0.00 0.00 0.00 0.00 0.00 0.00 53.72 261.37 490.35 713.11 867.91 937.33 942.61 910.32 748.53 513.89 273.73 68.12 0.00 0.00 0.00 0.00 0.00 0.00
0.00 0.00 0.00 0.00 0.00 0.00 54.87 249.39 462.98 676.75 812.32 844.68 836.07 821.33 671.87 459.87 246.40 64.12 0.00 0.00 0.00 0.00 0.00 0.00
0.00 0.00 0.00 0.00 0.00 0.00 58.09 248.47 458.81 674.01 799.16 811.21 788.45 778.26 622.97 426.36 230.31 63.44 0.00 0.00 0.00 0.00 0.00 0.00
0.00 0.00 0.00 0.00 0.00 0.00 64.44 263.42 484.65 709.00 837.25 860.52 831.12 807.15 637.57 438.45 239.36 68.99 0.00 0.00 0.00 0.00 0.00 0.00
0.00 0.00 0.00 0.00 0.00 0.00 74.01 292.30 533.12 770.58 911.42 967.06 941.56 893.00 715.86 498.74 276.55 81.45 0.00 0.00 0.00 0.00 0.00 0.00
0.00 0.00 0.00 0.00 0.00 0.00 85.79 327.56 589.51 842.56 1001.92 1088.01 1073.85 1003.64 827.27 586.92 331.08 98.17 0.00 0.00 0.00 0.00 0.00 0.00
0.00 0.00 0.00 0.00 0.00 0.00 98.13 359.98 639.07 906.25 1085.52 1184.23 1178.93 1095.07 920.48 661.77 377.77 112.43 0.00 0.00 0.00 0.00 0.00 0.00
0.00 0.00 0.00 0.00 0.00 0.00 108.64 382.52 673.11 948.94 1144.46 1237.64 1231.06 1136.48 959.92 693.86 397.78 119.17 0.00 0.00 0.00 0.00 0.00 0.00
0.00 0.00 0.00 0.00 0.00 0.00 114.95 390.43 685.97 961.96 1165.70 1245.14 1228.40 1124.44 943.68 683.83 392.03 119.06 0.00 0.00 0.00 0.00 0.00 0.00
0.00 0.00 0.00 0.00 0.00 0.00 117.01 384.98 678.65 946.20 1148.16 1217.42 1185.68 1076.54 893.49 650.86 373.64 116.09 0.00 0.00 0.00 0.00 0.00 0.00
0.00 0.00 0.00 0.00 0.00 0.00 116.23 371.67 656.80 910.86 1102.37 1170.65 1126.28 1018.59 839.43 617.46 355.75 113.82 0.00 0.00 0.00 0.00 0.00 0.00
0.00 0.00 0.00 0.00 0.00 0.00 111.44 346.76 610.03 844.28 1017.58 1087.84 1046.60 952.33 785.35 582.18 335.20 110.60 0.00 0.00 0.00 0.00 0.00 0.00
0.00 0.00 0.00 0.00 0.00 0.00 99.41 298.03 518.34 720.85 870.39 934.01 913.20 847.60 697.23 516.08 294.97 101.16 0.00 0.00 0.00 0.00 0.00 0.00
0.00 0.00 0.00 0.00 0.00 0.00 83.85 236.31 405.82 571.23 699.38 744.72 740.74 705.19 570.47 418.99 238.12 86.95 0.00 0.00 0.00 0.00 0.00 0.00
0.00 0.00 0.00 0.00 0.00 0.00 77.47 203.38 345.66 487.02 604.60 631.22 625.08 598.21 476.99 348.77 199.23 77.87 0.00 0.00 0.00 0.00 0.00 0.00
0.00 0.00 0.00 0.00 0.00 0.00 89.99 230.78 387.86 530.89 652.42 677.82 660.51 617.35 502.20 368.35 212.75 83.47 0.00 0.00 0.00 0.00 0.00 0.00
0.00 0.00 0.00 0.00 0.00 0.00 119.18 309.61 515.03 685.65 824.83 871.85 848.02 781.57 653.05 479.17 279.27 104.82 0.00 0.00 0.00 0.00 0.00 0.00
0.00 0.00 0.00 0.00 0.00 0.00 151.47 397.12 656.45 867.01 1028.32 1104.55 1076.40 998.44 840.95 612.85 359.65 130.86 0.00 0.00 0.00 0.00 0.00 0.00
0.00 0.00 0.00 0.00 0.00 0.00 170.87 447.26 738.02 978.21 1151.94 1246.36 1211.10 1138.70 963.31 696.00 408.88 146.71 0.00 0.00 0.00 0.00 0.00 0.00
0.00 0.00 0.00 0.00 0.00 0.00 172.49 447.63 741.11 990.04 1163.37 1258.59 1219.99 1159.16 992.24 712.31 415.16 147.98 0.00 0.00 0.00 0.00 0.00 0.00
0.00 0.00 0.00 0.00 0.00 0.00 165.66 425.65 709.33 956.07 1127.50 1212.19 1179.33 1116.97 967.06 690.26 396.89 141.41 0.00 0.00 0.00 0.00 0.00 0.00
0.00 0.00 0.00 0.00 0.00 0.02 162.27 414.03 691.74 937.54 1113.75 1190.47 1164.15 1074.33 928.18 657.59 374.17 134.37 0.00 0.00 0.00 0.00 0.00 0.00
0.00 0.00 0.00 0.00 0.00 0.15 164.57 416.92 692.78 939.32 1121.81 1204.11 1176.18 1037.09 885.53 623.97 354.64 129.69 0.00 0.00 0.00 0.00 0.00 0.00
0.00 0.00 0.00 0.00 0.00 0.79 169.05 422.96 696.25 942.23 1123.80 1219.15 1186.40 1000.97 848.51 600.17 344.50 129.57 0.00 0.00 0.00 0.00 0.00 0.00
0.00 0.00 0.00 0.00 0.00 2.75 176.86 435.45 710.95 957.08 1126.93 1223.13 1196.68 996.31 847.23 607.66 354.89 136.95 0.00 0.00 0.00 0.00 0.00 0.00
0.00 0.00 0.00 0.00 0.00 6.71 189.95 461.38 748.92 997.64 1150.13 1226.99 1222.64 1043.99 893.39 649.56 384.93 149.84 0.00 0.00 0.00 0.00 0.00 0.00
0.00 0.00 0.00 0.00 0.00 11.99 203.63 489.84 791.47 1042.94 1184.79 1239.17 1258.02 1119.05 958.20 701.91 418.86 162.31 0.00 0.00 0.00 0.00 0.00 0.00
0.00 0.00 0.00 0.00 0.00 16.70 211.38 503.12 809.39 1059.53 1200.91 1246.24 1274.21 1174.05 1000.10 736.66 441.05 169.95 0.00 0.00 0.00 0.00 0.00 0.00
0.00 0.00 0.00 0.00 0.00 19.27 209.46 489.97 783.65 1022.88 1164.49 1205.99 1230.32 1160.54 979.19 725.23 435.09 167.66 0.00 0.00 0.00 0.00 0.00 0.00
0.00 0.00 0.00 0.00 0.00 18.84 194.35 443.38 702.28 916.59 1052.60 1081.93 1094.52 1042.24 865.64 643.31 385.99 149.80 0.00 0.00 0.00 0.00 0.00 0.00
0.00 0.00 0.00 0.00 0.00 15.14 164.60 365.78 570.85 748.49 871.91 886.52 878.23 829.42 674.33 500.77 300.49 118.61 0.02 0.00 0.00 0.00 0.00 0.00
0.00 0.00 0.00 0.00 0.00 9.92 129.41 282.83 432.82 573.91 676.47 685.54 651.01 600.78 478.05 353.68 213.36 87.38 0.14 0.00 0.00 0.00 0.00 0.00
0.00 0.00 0.00 0.00 0.00 7.05 106.64 231.88 348.63 466.27 545.12 554.95 500.03 453.73 357.73 266.37 162.38 70.93 0.73 0.00 0.00 0.00 0.00 0.00
0.00 0.00 0.00 0.00 0.00 9.44 108.40 232.21 347.77 460.88 528.50 540.48 476.96 438.38 352.80 270.34 165.39 76.39 2.55 0.00 0.00 0.00 0.00 0.00
0.00 0.00 0.00 0.00 0.00 16.63 135.73 282.62 425.18 555.10 635.29 657.54 591.52 553.07 460.61 360.38 220.13 101.94 6.11 0.00 0.00 0.00 0.00 0.00
0.00 0.00 0.00 0.00 0.00 25.54 179.66 367.24 553.21 716.25 824.63 867.02 800.52 747.71 633.39 495.86 303.49 136.43 10.42 0.00 0.00 0.00 0.00 0.00
0.00 0.00 0.00 0.00 0.00 32.74 220.61 448.46 673.48 866.89 997.28 1056.27 993.96 924.66 782.38 610.55 375.77 164.32 13.46 0.00 0.00 0.00 0.00 0.00
0.00 0.00 0.00 0.00 0.00 37.09 243.52 493.49 737.40 944.32 1080.67 1144.17 1090.16 1020.04 858.30 671.40 418.14 181.61 14.93 0.00 0.00 0.00 0.00 0.00
0.00 0.00 0.00 0.00 0.00 41.22 258.17 517.94 770.38 983.62 1122.91 1184.85 1141.46 1080.45 911.85 716.34 454.58 200.32 17.04 0.00 0.00 0.00 0.00 0.00
0.00 0.00 0.00 0.00 0.00 48.22 283.13 555.81 823.25 1046.51 1195.27 1254.11 1221.98 1163.53 995.79 782.01 503.91 225.60 20.84 0.00 0.00 0.00 0.00 0.00
0.00 0.00 0.00 0.00 0.00 56.24 312.75 596.55 880.38 1105.93 1254.91 1306.08 1277.87 1217.96 1064.00 833.83 538.97 242.34 24.21 0.00 0.00 0.00 0.00 0.00
0.00 0.00 0.00 0.00 0.00 60.35 325.24 604.97 893.63 1102.89 1228.41 1266.81 1228.97 1170.75 1047.29 819.52 525.74 236.00 24.98 0.00 0.00 0.00 0.00 0.00
0.00 0.00 0.00 0.00 0.00 58.93 312.51 575.25 855.62 1040.10 1134.67 1158.18 1103.90 1043.07 948.16 738.49 467.92 210.66 23.49 0.00 0.00 0.00 0.00 0.00
0.00 0.00 0.00 0.00 0.00 53.90 280.91 520.73 780.55 941.93 1022.05 1028.00 966.62 895.24 809.99 626.74 394.74 180.37 21.34 0.00 0.00 0.00 0.00 0.00
0.00 0.00 0.00 0.00 0.00 47.26 239.35 449.89 677.39 814.57 895.21 877.81 835.01 754.84 668.99 518.00 330.70 155.15 19.75 0.00 0.00 0.00 0.00 0.00
0.00 0.00 0.00 0.00 0.00 41.19 201.02 382.01 576.18 692.20 773.98 732.32 733.04 649.54 562.94 437.53 286.33 137.68 18.72 0.00 0.00 0.00 0.00 0.00
0.00 0.00 0.00 0.00 0.00 37.88 177.31 338.59 510.07 618.46 700.46 648.73 689.11 602.96 515.27 395.95 260.38 125.71 17.04 0.00 0.00 0.00 0.00 0.00
0.00 0.00 0.00 0.00 0.00 37.22 165.78 314.40 471.69 583.02 669.49 629.28 676.87 585.13 498.91 373.76 241.05 114.70 13.54 0.00 0.00 0.00 0.00 0.00
0.00 0.00 0.00 0.00 0.00 37.56 158.87 295.17 441.07 558.55 652.83 635.46 658.65 555.44 474.97 347.65 219.76 103.61 9.35 0.00 0.00 0.00 0.00 0.00
0.00 0.00 0.00 0.00 0.00 38.56 157.39 286.07 425.99 554.59 660.79 667.46 652.02 537.23 460.94 337.85 211.84 100.89 8.18 0.00 0.00 0.00 0.00 0.00
0.00 0.00 0.00 0.00 0.00 42.52 170.49 309.32 459.23 608.44 736.63 769.39 717.10 602.44 517.92 393.58 247.63 119.25 12.90 0.00 0.00 0.00 0.00 0.00
0.00 0.00 0.00 0.00 0.00 52.36 206.10 381.88 566.32 745.92 902.38 960.82 890.01 784.05 668.86 524.27 333.12 160.39 22.30 0.00 0.00 0.00 0.00 0.00
0.00 0.00 0.00 0.00 0.00 66.89 257.17 486.17 719.45 931.43 1107.86 1183.71 1120.15 1018.79 858.09 675.67 433.39 208.64 32.05 0.00 0.00 0.00 0.00 0.00
0.00 0.00 0.00 0.00 0.00 80.57 303.01 577.24 850.70 1085.38 1267.16 1353.24 1308.09 1204.51 1007.83 785.29 506.25 244.41 38.68 0.00 0.00 0.00 0.00 0.00
0.00 0.00 0.00 0.00 0.00 89.09 328.82 626.10 920.25 1163.99 1343.52 1437.08 1404.51 1294.43 1083.30 831.59 536.25 259.43 41.65 0.00 0.00 0.00 0.00 0.00
0.00 0.00 0.00 0.00 0.00 92.27 334.43 633.65 932.38 1174.06 1351.80 1444.73 1418.94 1299.14 1086.23 823.33 529.42 256.22 42.12 0.00 0.00 0.00 0.00 0.00
0.00 0.00 0.00 0.00 0.00 91.82 326.13 611.75 904.06 1133.69 1312.20 1392.45 1373.78 1245.54 1031.03 779.19 499.63 242.53 41.56 0.00 0.00 0.00 0.00 0.00
0.00 0.00 0.00 0.00 0.00 90.44 313.84 580.67 861.68 1073.53 1253.95 1320.91 1308.99 1177.18 952.65 726.31 467.12 229.77 41.71 0.00 0.00 0.00 0.00 0.00
0.00 0.00 0.00 0.00 0.00 92.10 312.23 571.27 844.95 1046.10 1227.59 1293.75 1283.08 1147.32 902.64 693.49 450.10 226.29 43.44 0.00 0.00 0.00 0.00 0.00
0.00 0.00 0.00 0.00 0.00 97.25 323.68 589.79 862.74 1068.13 1249.11 1323.91 1308.52 1166.83 907.92 695.08 452.93 231.17 45.94 0.00 0.00 0.00 0.00 0.00
0.00 0.00 0.00 0.00 0.00 100.45 329.30 599.42 868.39 1082.41 1262.84 1346.30 1329.79 1194.89 949.24 725.10 470.48 240.75 48.57 0.00 0.00 0.00 0.00 0.00
0.00 0.00 0.00 0.00 0.00 99.09 317.98 575.41 829.11 1040.41 1220.85 1309.58 1305.36 1200.34 991.45 765.61 496.75 254.64 51.95 0.00 0.00 0.00 0.00 0.00
0.00 0.00 0.00 0.00 0.00 97.64 304.04 540.86 775.48 970.07 1147.94 1232.48 1249.87 1180.53 1008.54 792.85 518.57 267.69 55.44 0.00 0.00 0.00 0.00 0.00
0.00 0.00 0.00 0.00 0.00 98.41 298.22 515.78 737.90 910.55 1081.72 1145.21 1179.70 1125.85 981.40 782.61 515.25 267.24 56.21 0.00 0.00 0.00 0.00 0.00
0.00 0.00 0.00 0.00 0.00 98.23 292.81 491.03 708.09 865.87 1030.63 1065.96 1102.35 1037.48 910.35 729.69 480.15 248.19 52.90 0.00 0.00 0.00 0.00 0.00
0.00 0.00 0.00 0.00 0.00 96.28 284.15 469.27 686.97 843.51 1006.16 1030.40 1053.87 963.05 829.48 660.82 432.74 221.86 47.85 0.00 0.00 0.00 0.00 0.00
0.00 0.00 0.00 0.00 0.00 93.91 274.73 460.34 680.00 838.94 997.83 1038.74 1050.97 941.03 775.08 608.70 396.99 202.97 44.38 0.00 0.00 0.00 0.00 0.00
0.00 0.00 0.00 0.00 0.00 90.28 261.59 451.79 665.76 815.07 960.54 1030.04 1048.23 943.94 746.52 578.31 376.78 193.91 43.34 0.00 0.00 0.00 0.00 0.00
0.00 0.00 0.00 0.00 0.00 85.28 244.95 432.59 628.20 761.61 893.05 982.16 1013.44 935.19 731.69 563.28 368.03 191.42 44.22 0.00 0.00 0.00 0.00 0.00
0.00 0.00 0.00 0.00 0.00 81.84 233.92 414.86 587.33 723.04 858.30 957.87 989.62 939.43 752.90 581.68 382.41 200.82 48.10 0.00 0.00 0.00 0.00 0.00
0.00 0.00 0.00 0.00 0.00 82.05 233.82 411.66 577.80 742.43 896.09 1014.04 1036.06 1001.53 834.89 652.17 431.31 227.27 55.71 0.00 0.00 0.00 0.00 0.00
0.00 0.00 0.00 0.00 0.00 84.35 238.05 417.10 603.30 802.40 965.96 1113.34 1127.13 1093.47 937.93 741.07 491.83 258.07 64.08 0.00 0.00 0.00 0.00 0.00
0.00 0.00 0.00 0.00 0.00 87.04 241.37 424.00 636.48 850.15 1006.70 1167.94 1168.03 1127.60 983.45 783.46 520.21 270.80 68.25 0.00 0.00 0.00 0.00 0.00
0.00 0.00 0.00 0.00 0.00 89.98 246.26 434.76 657.15 860.36 1006.41 1146.42 1117.90 1067.41 942.88 755.19 499.80 257.86 66.20 0.00 0.00 0.00 0.00 0.00
0.00 0.00 0.00 0.00 0.00 91.83 251.14 443.53 660.09 843.59 988.26 1090.06 1031.57 965.93 859.42 687.58 453.36 232.60 60.79 0.00 0.00 0.00 0.00 0.00
0.00 0.00 0.00 0.00 0.00 92.23 253.67 445.96 655.37 829.65 978.01 1047.93 977.51 893.37 792.44 625.83 414.79 213.56 56.95 0.00 0.00 0.00 0.00 0.00
0.00 0.00 0.00 0.00 0.00 94.70 261.16 458.02 667.93 849.23 991.09 1035.85 971.03 873.27 767.66 596.86 403.84 210.51 57.72 0.00 0.00 0.00 0.00 0.00
0.00 0.00 0.00 0.00 0.00 103.12 283.86 499.00 717.94 913.99 1035.11 1057.51 1001.63 898.44 782.98 607.31 422.44 223.55 63.02 0.00 0.00 0.00 0.00 0.00
0.00 0.00 0.00 0.00 0.00 117.45 322.90 567.73 803.60 1014.09 1119.25 1129.20 1075.24 969.53 839.72 657.19 465.78 249.74 71.90 0.00 0.00 0.00 0.00 0.00
0.00 0.00 0.00 0.00 0.00 133.97 368.34 643.63 900.53 1124.05 1234.53 1246.77 1185.69 1075.12 926.79 729.63 519.78 281.20 82.43 0.00 0.00 0.00 0.00 0.00
0.00 0.00 0.00 0.00 0.00 147.16 404.81 701.69 975.04 1208.85 1335.70 1356.04 1285.39 1163.64 997.37 782.53 556.05 302.25 90.24 0.00 0.00 0.00 0.00 0.00
0.00 0.00 0.00 0.00 0.00 152.38 420.71 727.09 1009.01 1248.39 1387.52 1414.67 1343.36 1202.31 1023.90 797.88 564.05 306.94 93.19 0.00 0.00 0.00 0.00 0.00
0.00 0.00 0.00 0.00 0.00 150.25 418.06 725.24 1012.87 1255.32 1402.47 1439.29 1380.75 1222.73 1037.71 808.42 569.45 309.79 95.22 0.00 0.00 0.00 0.00 0.00
0.00 0.00 0.00 0.00 0.00 147.43 412.45 718.15 1011.64 1257.38 1411.36 1460.83 1421.80 1265.64 1077.79 847.39 597.11 325.93 101.03 0.00 0.00 0.00 0.00 0.00
0.00 0.00 0.00 0.00 0.00 149.46 417.09 723.29 1020.20 1267.80 1426.84 1483.95 1461.63 1326.06 1139.34 905.43 638.42 351.09 109.52 0.00 0.00 0.00 0.00 0.00
0.00 0.00 0.00 0.00 0.00 153.82 426.77 734.00 1028.88 1273.24 1434.85 1492.50 1479.37 1365.71 1183.51 943.89 664.35 367.45 115.09 0.00 0.00 0.00 0.00 0.00
0.00 0.00 0.00 0.00 0.00 153.15 423.99 726.87 1012.64 1245.65 1406.77 1463.02 1451.37 1347.03 1173.17 929.18 652.82 361.13 113.44 0.00 0.00 0.00 0.00 0.00
0.00 0.00 0.00 0.00 0.00 143.43 397.36 684.20 951.51 1163.24 1321.17 1374.78 1361.20 1258.72 1098.36 856.79 602.93 332.72 105.09 0.00 0.00 0.00 0.00 0.00
0.00 0.00 0.00 0.00 0.00 127.23 351.28 608.96 849.01 1034.05 1187.91 1236.33 1226.14 1134.50 990.21 763.08 539.46 297.94 95.26 0.00 0.00 0.00 0.00 0.00
0.00 0.00 0.00 0.00 0.00 113.22 309.27 537.33 751.81 918.40 1067.38 1114.27 1116.94 1044.05 913.48 707.45 501.09 278.25 90.57 0.00 0.00 0.00 0.00 0.00
0.00 0.00 0.00 0.00 0.00 111.52 302.68 524.60 731.83 900.36 1043.83 1096.65 1111.55 1042.95 916.84 718.54 505.68 282.93 93.57 0.00 0.00 0.00 0.00 0.00
0.00 0.00 0.00 0.00 0.00 123.34 336.71 582.85 805.89 993.21 1133.66 1192.12 1205.42 1121.21 983.01 768.28 534.36 301.45 100.80 0.00 0.00 0.00 0.00 0.00
0.00 0.00 0.00 0.00 0.00 138.33 380.51 658.95 906.05 1111.63 1252.04 1310.06 1308.49 1213.04 1049.08 809.33 557.91 316.43 106.87 0.00 0.00 0.00 0.00 0.00
0.00 0.00 0.00 0.00 0.00 145.67 402.02 696.81 957.94 1166.98 1307.11 1359.14 1339.06 1251.50 1059.34 807.79 554.46 313.62 106.93 0.00 0.00 0.00 0.00 0.00
0.00 0.00 0.00 0.00 0.00 141.55 391.69 681.76 939.75 1137.21 1277.18 1317.00 1283.06 1205.33 995.53 755.60 516.25 288.93 99.10 0.00 0.00 0.00 0.00 0.00
0.00 0.00 0.00 0.00 0.00 129.24 360.63 635.11 880.85 1064.31 1209.67 1236.08 1195.54 1110.25 903.34 693.90 471.71 260.74 89.32 0.00 0.00 0.00 0.00 0.00
0.00 0.00 0.00 0.00 0.00 117.09 332.03 596.22 838.39 1021.27 1178.16 1200.12 1153.71 1051.74 862.86 681.98 464.73 255.21 86.78 0.00 0.00 0.00 0.00 0.00
0.00 0.00 0.00 0.00 0.00 111.06 319.19 583.57 838.27 1035.47 1201.85 1224.73 1167.03 1059.93 885.85 714.66 491.65 270.78 91.73 0.00 0.00 0.00 0.00 0.00
0.00 0.00 0.00 0.00 0.00 109.77 315.11 579.41 850.95 1062.22 1229.68 1247.14 1178.09 1081.80 908.37 732.91 507.74 282.59 96.22 0.00 0.00 0.00 0.00 0.00
0.00 0.00 0.00 0.00 0.00 111.03 315.88 575.17 855.45 1071.40 1233.90 1245.88 1175.22 1094.61 911.17 726.96 505.03 284.56 97.76 0.00 0.00 0.00 0.00 0.00
0.00 0.00 0.00 0.00 0.00 115.32 327.83 582.51 861.00 1077.75 1236.10 1257.12 1197.94 1124.62 932.46 738.92 516.57 292.30 100.75 0.00 0.00 0.00 0.00 0.00
0.00 0.00 0.00 0.00 0.00 119.37 342.02 585.49 849.27 1066.10 1223.43 1263.82 1223.98 1146.11 958.26 762.47 541.81 304.33 104.75 0.00 0.00 0.00 0.00 0.00
0.00 0.00 0.00 0.00 0.00 116.05 334.41 547.22 781.38 992.93 1147.90 1204.68 1185.98 1104.51 937.05 749.97 546.46 303.27 104.64 0.00 0.00 0.00 0.00 0.00
0.00 0.00 0.00 0.00 0.00 104.22 299.57 473.25 674.42 876.31 1027.86 1095.28 1101.69 1028.58 888.40 711.85 531.23 292.52 101.60 0.00 0.00 0.00 0.00 0.00
0.00 0.00 0.00 0.00 0.00 92.62 264.21 419.44 605.42 801.96 956.87 1030.15 1068.70 1010.86 887.77 710.73 533.61 294.54 102.67 0.00 0.00 0.00 0.00 0.00
0.00 0.00 0.00 0.00 0.00 90.84 258.95 430.98 627.94 827.10 988.38 1059.59 1125.66 1076.82 949.40 757.90 563.12 313.35 109.26 0.00 0.00 0.00 0.00 0.00
0.00 0.00 0.00 0.00 0.00 98.52 283.16 494.04 715.37 918.73 1075.65 1138.10 1211.05 1154.10 1006.29 796.96 587.28 328.24 114.79 0.00 0.00 0.00 0.00 0.00
0.00 0.00 0.00 0.00 0.00 107.75 312.30 559.19 801.34 1003.92 1150.90 1209.70 1271.06 1192.27 1023.23 803.84 592.51 331.10 116.34 0.00 0.00 0.00 0.00 0.00
0.00 0.00 0.00 0.00 0.00 113.49 331.83 600.28 855.82 1055.76 1204.80 1275.86 1319.46 1221.49 1040.21 819.11 603.61 337.48 118.19 0.00 0.00 0.00 0.00 0.00
0.00 0.00 0.00 0.00 0.00 115.03 341.10 618.93 884.76 1086.83 1247.35 1337.82 1363.61 1260.14 1075.53 856.21 625.51 350.62 120.93 0.00 0.00 0.00 0.00 0.00
0.00 0.00 0.00 0.00 0.00 111.38 336.63 610.87 880.70 1085.82 1247.51 1342.48 1352.94 1253.22 1071.73 858.35 619.35 346.43 116.92 0.00 0.00 0.00 0.00 0.00
0.00 0.00 0.00 0.00 0.00 100.74 310.41 562.01 816.32 1010.82 1153.77 1234.39 1234.94 1140.37 968.84 773.35 552.86 305.56 100.62 0.00 0.00 0.00 0.00 0.00
0.00 0.00 0.00 0.00 0.00 83.87 262.67 473.53 688.27 851.30 965.51 1032.66 1029.10 945.16 789.54 625.14 444.02 241.33 77.58 0.00 0.00 0.00 0.00 0.00
0.00 0.00 0.00 0.00 0.00 66.62 211.76 380.51 551.69 678.04 773.91 838.29 832.22 776.16 634.98 500.20 349.64 189.64 60.43 0.00 0.00 0.00 0.00 0.00
0.00 0.00 0.00 0.00 0.00 57.69 186.21 336.61 490.23 602.83 707.54 770.03 758.01 742.15 606.04 479.96 326.40 181.46 58.81 0.00 0.00 0.00 0.00 0.00
0.00 0.00 0.00 0.00 0.00 62.39 204.13 372.95 545.79 679.74 817.19 875.31 852.73 858.98 721.66 577.37 391.92 221.96 72.73 0.00 0.00 0.00 0.00 0.00
0.00 0.00 0.00 0.00 0.00 77.72 257.60 471.25 684.80 859.19 1028.75 1084.93 1049.68 1036.62 900.57 724.41 503.71 284.81 92.51 0.00 0.00 0.00 0.00 0.00
0.00 0.00 0.00 0.00 0.00 94.09 317.04 577.56 830.22 1040.24 1222.59 1279.50 1233.67 1171.18 1038.46 835.03 594.04 333.67 106.82 0.00 0.00 0.00 0.00 0.00
0.00 0.00 0.00 0.00 0.00 103.05 354.25 644.44 922.05 1153.41 1333.56 1394.67 1344.96 1231.46 1098.56 879.72 632.77 353.53 111.58 0.00 0.00 0.00 0.00 0.00
0.00 0.00 0.00 0.00 0.00 102.69 360.91 659.74 949.01 1190.11 1366.23 1437.58 1391.30 1245.54 1108.12 882.32 634.31 352.40 109.27 0.00 0.00 0.00 0.00 0.00
0.00 0.00 0.00 0.00 0.00 95.94 345.12 637.54 931.33 1176.54 1353.73 1439.39 1398.74 1244.52 1097.14 868.19 618.76 341.25 103.36 0.00 0.00 0.00 0.00 0.00
0.00 0.00 0.00 0.00 0.00 87.27 321.97 602.16 897.39 1146.65 1329.26 1427.35 1390.07 1242.13 1078.28 849.21 598.76 328.32 97.04 0.00 0.00 0.00 0.00 0.00
0.00 0.00 0.00 0.00 0.00 81.58 309.67 583.47 878.74 1132.28 1318.05 1419.82 1385.25 1239.88 1060.37 837.19 587.75 322.28 93.47 0.00 0.00 0.00 0.00 0.00
0.00 0.00 0.00 0.00 0.00 81.20 316.86 596.11 890.99 1145.32 1326.28 1419.30 1388.66 1219.47 1033.03 826.74 584.98 322.40 92.46 0.00 0.00 0.00 0.00 0.00
0.00 0.00 0.00 0.00 0.00 83.41 332.56 622.07 915.79 1167.15 1338.44 1415.65 1387.10 1162.22 976.51 795.84 572.83 317.48 90.50 0.00 0.00 0.00 0.00 0.00
0.00 0.00 0.00 0.00 0.00 84.01 340.12 633.48 923.25 1170.19 1334.45 1402.00 1371.92 1097.86 918.44 752.90 549.64 305.11 86.41 0.00 0.00 0.00 0.00 0.00
0.00 0.00 0.00 0.00 0.00 80.96 331.35 615.82 894.94 1134.20 1294.38 1366.59 1331.70 1063.24 893.86 717.59 522.18 288.59 80.72 0.00 0.00 0.00 0.00 0.00
0.00 0.00 0.00 0.00 0.00 73.71 304.45 565.68 823.89 1048.04 1199.17 1283.21 1240.21 1028.15 868.94 672.54 478.40 262.40 72.12 0.00 0.00 0.00 0.00 0.00
0.00 0.00 0.00 0.00 0.00 63.30 265.86 496.31 727.91 932.68 1068.04 1158.41 1109.14 962.78 817.33 618.28 424.24 231.13 62.13 0.00 0.00 0.00 0.00 0.00
0.00 0.00 0.00 0.00 0.00 53.81 233.84 442.17 655.71 847.59 971.21 1059.03 1011.72 912.74 789.19 604.22 399.75 216.74 56.57 0.00 0.00 0.00 0.00 0.00
0.00 0.00 0.00 0.00 0.00 49.28 223.82 430.11 645.29 836.02 960.62 1041.02 1002.48 924.81 822.68 646.58 419.62 226.16 57.16 0.00 0.00 0.00 0.00 0.00
0.00 0.00 0.00 0.00 0.00 49.38 233.29 453.92 688.00 886.48 1022.64 1094.58 1064.60 982.03 885.87 701.02 454.04 242.28 59.45 0.00 0.00 0.00 0.00 0.00
0.00 0.00 0.00 0.00 0.00 51.24 249.90 490.39 748.70 960.48 1113.27 1177.64 1147.71 1043.13 932.36 727.75 474.08 249.61 59.59 0.00 0.00 0.00 0.00 0.00
0.00 0.00 0.00 0.00 0.00 52.88 263.97 520.73 795.71 1021.62 1190.21 1246.35 1207.84 1081.48 947.00 725.45 475.79 247.28 57.42 0.00 0.00 0.00 0.00 0.00
0.00 0.00 0.00 0.00 0.00 53.06 269.16 532.19 809.14 1044.78 1221.39 1266.14 1224.24 1089.83 941.48 714.49 470.98 242.63 54.62 0.00 0.00 0.00 0.00 0.00
0.00 0.00 0.00 0.00 0.00 50.80 262.53 519.83 785.84 1026.63 1197.50 1228.09 1200.06 1073.62 929.36 709.45 469.36 241.03 52.51 0.00 0.00 0.00 0.00 0.00
0.00 0.00 0.00 0.00 0.00 46.72 248.40 493.21 743.72 986.09 1136.15 1152.30 1148.66 1040.16 909.01 704.71 466.97 239.99 50.78 0.00 0.00 0.00 0.00 0.00
0.00 0.00 0.00 0.00 0.00 42.95 236.30 471.22 711.77 948.70 1072.60 1078.69 1086.85 995.92 872.86 685.57 453.18 233.46 48.19 0.00 0.00 0.00 0.00 0.00
0.00 0.00 0.00 0.00 0.00 40.79 231.24 463.43 703.68 927.50 1036.13 1042.03 1035.64 955.05 831.21 654.39 429.61 221.62 44.55 0.00 0.00 0.00 0.00 0.00
0.00 0.00 0.00 0.00 0.00 39.58 230.09 463.62 707.67 918.74 1031.42 1051.28 1020.53 944.90 818.10 639.25 416.42 214.30 41.60 0.00 0.00 0.00 0.00 0.00
0.00 0.00 0.00 0.00 0.00 38.09 227.17 460.42 704.06 908.54 1038.90 1083.60 1045.35 969.91 844.05 651.56 422.83 216.49 40.46 0.00 0.00 0.00 0.00 0.00
0.00 0.00 0.00 0.00 0.00 35.47 218.00 444.59 679.72 879.98 1027.73 1092.80 1070.76 986.19 866.53 659.13 428.05 218.19 39.41 0.00 0.00 0.00 0.00 0.00
0.00 0.00 0.00 0.00 0.00 31.60 203.43 417.80 638.17 831.89 986.50 1058.53 1065.81 966.81 858.00 644.46 420.56 213.43 37.15 0.00 0.00 0.00 0.00 0.00
0.00 0.00 0.00 0.00 0.00 28.04 193.45 399.70 606.70 794.05 946.02 1020.92 1059.63 953.38 855.33 643.43 424.04 213.59 35.42 0.00 0.00 0.00 0.00 0.00
0.00 0.00 0.00 0.00 0.00 27.50 201.09 416.53 626.16 816.99 966.17 1047.67 1106.12 997.68 896.88 684.60 455.17 226.94 35.74 0.00 0.00 0.00 0.00 0.00
0.00 0.00 0.00 0.00 0.00 30.41 225.39 467.96 702.75 910.76 1061.05 1146.29 1200.03 1077.74 951.89 732.43 486.66 240.16 36.14 0.00 0.00 0.00 0.00 0.00
0.00 0.00 0.00 0.00 0.00 33.18 245.68 513.59 778.18 1003.65 1152.41 1231.13 1264.84 1117.43 957.73 732.57 481.83 235.12 33.71 0.00 0.00 0.00 0.00 0.00
0.00 0.00 0.00 0.00 0.00 32.38 244.50 517.26 794.06 1022.30 1162.45 1228.55 1242.62 1084.25 903.14 682.23 442.30 212.61 28.34 0.00 0.00 0.00 0.00 0.00
0.00 0.00 0.00 0.00 0.00 28.20 224.38 481.47 749.11 967.93 1096.98 1155.77 1152.83 1014.44 831.64 621.50 398.20 187.64 22.37 0.00 0.00 0.00 0.00 0.00
0.00 0.00 0.00 0.00 0.00 23.07 198.50 431.29 678.33 890.38 1015.03 1080.20 1065.77 961.63 791.44 590.70 377.06 174.09 18.73 0.00 0.00 0.00 0.00 0.00
0.00 0.00 0.00 0.00 0.00 19.68 179.64 393.50 622.48 837.98 972.37 1053.81 1039.80 955.60 802.93 607.47 389.12 177.63 18.80 0.00 0.00 0.00 0.00 0.00
0.00 0.00 0.00 0.00 0.00 19.28 174.23 382.70 605.73 825.85 981.66 1074.87 1070.71 983.39 846.18 652.21 419.69 191.41 20.87 0.00 0.00 0.00 0.00 0.00
0.00 0.00 0.00 0.00 0.00 20.63 180.61 396.50 626.47 846.46 1023.94 1118.70 1123.39 1020.35 892.41 693.39 446.41 203.70 22.24 0.00 0.00 0.00 0.00 0.00
0.00 0.00 0.00 0.00 0.00 21.80 192.83 424.11 669.68 896.20 1087.43 1184.28 1183.72 1064.34 934.57 722.36 462.38 209.83 21.92 0.00 0.00 0.00 0.00 0.00
0.00 0.00 0.00 0.00 0.00 21.78 202.27 448.17 708.89 952.49 1149.08 1257.20 1233.90 1105.89 963.12 737.44 467.15 209.55 20.13 0.00 0.00 0.00 0.00 0.00
0.00 0.00 0.00 0.00 0.00 20.45 202.00 451.84 716.90 968.70 1161.12 1281.03 1236.09 1112.73 956.37 727.97 456.52 201.89 16.89 0.00 0.00 0.00 0.00 0.00
0.00 0.00 0.00 0.00 0.00 17.94 190.04 427.26 679.57 911.50 1087.89 1206.21 1160.40 1055.09 898.27 682.20 425.48 185.44 12.17 0.00 0.00 0.00 0.00 0.00
0.00 0.00 0.00 0.00 0.00 14.29 167.24 375.90 599.49 788.85 943.36 1049.30 1017.82 938.64 799.37 607.04 378.72 162.86 6.94 0.00 0.00 0.00 0.00 0.00
0.00 0.00 0.00 0.00 0.00 10.84 145.06 327.29 524.76 678.98 818.51 916.29 893.78 839.24 723.56 552.53 346.49 147.42 2.90 0.00 0.00 0.00 0.00 0.00
0.00 0.00 0.00 0.00 0.00 10.23 145.00 331.57 531.59 686.90 825.20 923.02 895.30 852.79 744.49 574.16 362.06 152.59 0.85 0.00 0.00 0.00 0.00 0.00
0.00 0.00 0.00 0.00 0.00 13.04 172.88 398.43 631.03 820.15 967.36 1064.67 1027.29 979.75 853.89 659.83 416.85 173.74 0.17 0.00 0.00 0.00 0.00 0.00
0.00 0.00 0.00 0.00 0.00 16.66 209.36 481.69 752.59 979.84 1138.51 1229.66 1187.39 1124.81 970.52 742.92 468.43 192.54 0.02 0.00 0.00 0.00 0.00 0.00
0.00 0.00 0.00 0.00 0.00 18.29 231.73 533.46 828.12 1079.10 1244.52 1324.13 1276.23 1201.18 1027.18 773.81 484.08 195.41 0.00 0.00 0.00 0.00 0.00 0.00
0.00 0.00 0.00 0.00 0.00 16.75 231.51 540.76 842.49 1105.30 1270.37 1335.50 1273.69 1192.67 1015.76 751.28 462.22 182.05 0.00 0.00 0.00 0.00 0.00 0.00
0.00 0.00 0.00 0.00 0.00 12.40 215.71 520.21 820.49 1092.09 1255.98 1311.40 1235.91 1145.32 976.05 712.24 428.66 163.56 0.00 0.00 0.00 0.00 0.00 0.00
0.00 0.00 0.00 0.00 0.00 7.03 200.01 498.74 797.07 1075.77 1244.15 1301.72 1228.45 1115.76 951.16 694.56 410.82 151.96 0.00 0.00 0.00 0.00 0.00 0.00
0.00 0.00 0.00 0.00 0.00 2.89 193.86 489.07 786.44 1065.95 1242.19 1311.22 1255.12 1115.09 945.59 697.44 408.59 148.14 0.00 0.00 0.00 0.00 0.00 0.00
0.00 0.00 0.00 0.00 0.00 0.83 190.11 477.18 768.94 1040.08 1221.86 1304.72 1265.45 1110.77 933.87 691.37 401.68 144.13 0.00 0.00 0.00 0.00 0.00 0.00
0.00 0.00 0.00 0.00 0.00 0.16 174.99 439.08 712.05 964.28 1145.18 1240.62 1210.97 1066.65 890.09 653.89 375.91 133.75 0.00 0.00 0.00 0.00 0.00 0.00
0.00 0.00 0.00 0.00 0.00 0.02 144.37 366.82 601.94 821.01 988.78 1091.64 1071.66 961.98 798.00 581.25 331.44 116.59 0.00 0.00 0.00 0.00 0.00 0.00
0.00 0.00 0.00 0.00 0.00 0.00 108.03 279.85 463.64 636.46 777.11 877.55 872.05 809.17 667.13 488.98 280.43 96.85 0.00 0.00 0.00 0.00 0.00 0.00
0.00 0.00 0.00 0.00 0.00 0.00 83.02 217.51 360.20 493.82 609.46 703.83 710.28 683.18 557.75 417.85 245.37 82.00 0.00 0.00 0.00 0.00 0.00 0.00
0.00 0.00 0.00 0.00 0.00 0.00 81.51 212.62 351.18 479.76 594.24 694.21 701.34 677.28 544.25 410.49 244.13 77.63 0.00 0.00 0.00 0.00 0.00 0.00
0.00 0.00 0.00 0.00 0.00 0.00 100.72 262.11 433.76 592.53 726.21 842.39 838.75 786.94 623.60 459.99 268.23 80.98 0.00 0.00 0.00 0.00 0.00 0.00
0.00 0.00 0.00 0.00 0.00 0.00 126.29 330.54 546.56 746.30 897.77 1022.30 1004.10 916.98 724.58 522.97 296.69 85.50 0.00 0.00 0.00 0.00 0.00 0.00
0.00 0.00 0.00 0.00 0.00 0.00 146.62 387.35 638.83 870.05 1030.78 1149.43 1121.67 1010.23 805.62 577.71 322.56 88.86 0.00 0.00 0.00 0.00 0.00 0.00
0.00 0.00 0.00 0.00 0.00 0.00 158.81 424.16 699.53 947.60 1115.62 1224.54 1194.48 1069.95 864.22 619.29 342.85 90.19 0.00 0.00 0.00 0.00 0.00 0.00
0.00 0.00 0.00 0.00 0.00 0.00 162.48 439.15 726.92 979.58 1153.50 1257.54 1228.66 1096.56 892.93 635.80 348.30 87.25 0.00 0.00 0.00 0.00 0.00 0.00
0.00 0.00 0.00 0.00 0.00 0.00 157.59 431.85 719.54 967.87 1139.16 1243.49 1215.27 1083.76 887.42 623.98 337.29 80.31 0.00 0.00 0.00 0.00 0.00 0.00
0.00 0.00 0.00 0.00 0.00 0.00 146.15 406.10 682.22 919.03 1072.99 1179.60 1151.19 1036.73 860.18 596.55 318.80 72.32 0.00 0.00 0.00 0.00 0.00 0.00
0.00 0.00 0.00 0.00 0.00 0.00 130.94 365.78 619.40 839.35 966.80 1075.54 1044.32 962.79 821.25 563.57 298.88 64.97 0.00 0.00 0.00 0.00 0.00 0.00
0.00 0.00 0.00 0.00 0.00 0.00 115.30 318.63 542.90 746.25 857.90 967.42 927.18 877.20 771.76 528.10 278.51 58.30 0.00 0.00 0.00 0.00 0.00 0.00
0.00 0.00 0.00 0.00 0.00 0.00 103.33 280.00 478.51 670.76 787.48 893.61 847.54 811.05 719.82 497.89 261.94 53.03 0.00 0.00 0.00 0.00 0.00 0.00
0.00 0.00 0.00 0.00 0.00 0.00 98.28 263.81 449.99 635.34 761.82 857.03 819.06 777.53 673.72 477.30 251.79 49.57 0.00 0.00 0.00 0.00 0.00 0.00
0.00 0.00 0.00 0.00 0.00 0.00 98.86 267.81 454.99 634.00 759.81 836.35 806.50 751.34 625.76 453.65 239.78 45.86 0.00 0.00 0.00 0.00 0.00 0.00
0.00 0.00 0.00 0.00 0.00 0.00 97.01 267.19 454.59 626.65 745.18 801.84 762.34 699.42 563.07 410.98 215.50 39.45 0.00 0.00 0.00 0.00 0.00 0.00
0.00 0.00 0.00 0.00 0.00 0.00 86.99 243.57 419.08 588.93 701.82 751.75 692.06 631.72 498.16 357.52 183.38 31.19 0.00 0.00 0.00 0.00 0.00 0.00
0.00 0.00 0.00 0.00 0.00 0.00 75.05 215.45 378.50 560.82 675.87 741.87 670.84 605.85 471.97 325.46 161.79 24.59 0.00 0.00 0.00 0.00 0.00 0.00
0.00 0.00 0.00 0.00 0.00 0.00 70.17 209.56 376.39 581.81 708.82 801.16 735.45 644.37 499.13 330.28 160.49 21.75 0.00 0.00 0.00 0.00 0.00 0.00
0.00 0.00 0.00 0.00 0.00 0.00 71.57 222.20 403.79 621.56 762.17 868.39 817.43 695.24 542.06 352.10 170.62 21.76 0.00 0.00 0.00 0.00 0.00 0.00
0.00 0.00 0.00 0.00 0.00 0.00 73.21 234.83 426.41 635.25 780.73 885.73 845.85 714.67 565.84 368.99 180.38 22.71 0.00 0.00 0.00 0.00 0.00 0.00
0.00 0.00 0.00 0.00 0.00 0.00 74.21 244.97 441.86 635.87 780.60 886.72 846.17 730.45 582.47 384.67 188.67 23.42 0.00 0.00 0.00 0.00 0.00 0.00
0.00 0.00 0.00 0.00 0.00 0.00 77.24 258.25 464.36 653.99 802.85 921.03 874.67 778.55 614.88 409.34 198.72 23.37 0.00 0.00 0.00 0.00 0.00 0.00
0.00 0.00 0.00 0.00 0.00 0.00 81.37 267.01 481.03 671.56 826.80 955.30 909.45 823.45 643.44 428.23 204.53 21.84 0.00 0.00 0.00 0.00 0.00 0.00
0.00 0.00 0.00 0.00 0.00 0.00 82.74 260.19 469.88 654.89 806.73 928.97 887.62 805.04 629.89 416.37 195.75 18.22 0.00 0.00 0.00 0.00 0.00 0.00
0.00 0.00 0.00 0.00 0.00 0.00 79.49 242.90 438.04 610.07 748.94 849.14 808.92 728.53 576.58 377.12 174.53 13.40 0.00 0.00 0.00 0.00 0.00 0.00
0.00 0.00 0.00 0.00 0.00 0.00 72.62 226.19 403.93 557.98 684.25 756.24 714.85 640.10 511.58 331.64 151.00 8.87 0.00 0.00 0.00 0.00 0.00 0.00
0.00 0.00 0.00 0.00 0.00 0.00 63.35 208.26 365.94 497.92 613.70 660.56 619.02 557.85 445.53 288.43 129.40 5.06 0.00 0.00 0.00 0.00 0.00 0.00
0.00 0.00 0.00 0.00 0.00 0.00 53.91 189.50 329.23 444.67 550.49 584.58 541.99 492.07 391.63 255.26 113.19 2.23 0.00 0.00 0.00 0.00 0.00 0.00
0.00 0.00 0.00 0.00 0.00 0.00 49.98 190.52 333.10 454.80 559.31 596.00 544.50 482.20 385.46 252.43 110.28 0.69 0.00 0.00 0.00 0.00 0.00 0.00
0.00 0.00 0.00 0.00 0.00 0.00 55.38 226.88 403.62 559.29 678.55 725.74 656.08 557.85 445.80 290.36 123.73 0.14 0.00 0.00 0.00 0.00 0.00 0.00
0.00 0.00 0.00 0.00 0.00 0.00 65.72 279.82 503.56 701.90 844.47 903.09 820.48 688.46 540.15 348.85 144.64 0.02 0.00 0.00 0.00 0.00 0.00 0.00
0.00 0.00 0.00 0.00 0.00 0.00 72.31 313.05 565.89 789.77 948.34 1019.79 944.42 796.36 609.85 390.65 158.23 0.00 0.00 0.00 0.00 0.00 0.00 0.00
0.00 0.00 0.00 0.00 0.00 0.00 70.40 307.81 557.81 779.10 935.49 1020.71 967.88 812.79 614.91 389.93 155.38 0.00 0.00 0.00 0.00 0.00 0.00 0.00
0.00 0.00 0.00 0.00 0.00 0.00 61.85 274.12 498.72 697.07 832.24 924.93 892.22 730.42 556.30 348.72 138.46 0.00 0.00 0.00 0.00 0.00 0.00 0.00
0.00 0.00 0.00 0.00 0.00 0.00 52.84 241.14 442.05 618.98 727.17 814.96 787.50 624.97 485.15 301.51 120.75 0.00 0.00 0.00 0.00 0.00 0.00 0.00
0.00 0.00 0.00 0.00 0.00 0.00 49.49 237.28 438.94 617.56 715.50 791.08 754.25 601.02 472.93 293.44 117.34 0.00 0.00 0.00 0.00 0.00 0.00 0.00
0.00 0.00 0.00 0.00 0.00 0.00 52.92 265.55 492.74 694.49 806.61 873.64 825.25 683.94 536.95 334.01 130.35 0.00 0.00 0.00 0.00 0.00 0.00 0.00
0.00 0.00 0.00 0.00 0.00 0.00 58.21 299.00 552.77 774.59 907.50 973.00 925.16 794.64 619.08 385.54 146.39 0.00 0.00 0.00 0.00 0.00 0.00 0.00
0.00 0.00 0.00 0.00 0.00 0.00 58.77 305.37 562.21 780.49 919.31 984.27 951.40 837.84 649.81 403.96 150.31 0.00 0.00 0.00 0.00 0.00 0.00 0.00
0.00 0.00 0.00 0.00 0.00 0.00 52.28 276.38 509.52 702.96 830.61 891.49 878.61 790.69 612.62 379.06 138.74 0.00 0.00 0.00 0.00 0.00 0.00 0.00
0.00 0.00 0.00 0.00 0.00 0.00 43.34 237.77 442.82 613.53 729.22 787.10 785.91 717.28 553.55 339.94 121.68 0.00 0.00 0.00 0.00 0.00 0.00 0.00
0.00 0.00 0.00 0.00 0.00 0.00 38.95 225.17 425.32 597.60 715.26 777.74 771.87 699.48 534.46 325.46 112.26 0.00 0.00 0.00 0.00 0.00 0.00 0.00
0.00 0.00 0.00 0.00 0.00 0.00 40.92 246.73 469.72 665.32 796.83 868.43 847.52 753.24 571.55 345.81 113.87 0.00 0.00 0.00 0.00 0.00 0.00 0.00
0.00 0.00 0.00 0.00 0.00 0.00 45.28 280.69 535.71 756.82 903.29 979.61 945.70 829.97 628.61 377.96 118.90 0.00 0.00 0.00 0.00 0.00 0.00 0.00
0.00 0.00 0.00 0.00 0.00 0.00 47.63 303.25 580.63 816.22 972.34 1047.08 1007.25 880.62 665.40 396.60 119.34 0.00 0.00 0.00 0.00 0.00 0.00 0.00
0.00 0.00 0.00 0.00 0.00 0.00 46.57 306.53 590.91 829.39 989.69 1062.50 1022.92 893.91 672.89 396.91 114.20 0.00 0.00 0.00 0.00 0.00 0.00 0.00
0.00 0.00 0.00 0.00 0.00 0.00 43.10 295.33 575.60 810.67 971.72 1046.64 1011.66 883.28 662.49 386.86 106.56 0.00 0.00 0.00 0.00 0.00 0.00 0.00
0.00 0.00 0.00 0.00 0.00 0.00 38.94 279.13 551.86 783.15 943.31 1022.35 992.35 863.82 645.58 373.52 98.66 0.00 0.00 0.00 0.00 0.00 0.00 0.00
0.00 0.00 0.00 0.00 0.00 0.00 35.61 267.79 537.03 768.21 927.60 1008.72 979.85 848.70 632.02 362.97 92.09 0.00 0.00 0.00 0.00 0.00 0.00 0.00
0.00 0.00 0.00 0.00 0.00 0.00 33.74 265.74 537.97 772.32 932.15 1011.94 979.88 844.00 626.98 358.49 87.60 0.00 0.00 0.00 0.00 0.00 0.00 0.00
0.00 0.00 0.00 0.00 0.00 0.00 32.74 268.74 546.36 783.72 944.43 1020.76 983.78 842.82 625.07 356.10 83.93 0.00 0.00 0.00 0.00 0.00 0.00 0.00
0.00 0.00 0.00 0.00 0.00 0.00 31.65 270.14 550.98 789.28 950.13 1023.68 982.90 838.48 620.55 351.58 79.70 0.00 0.00 0.00 0.00 0.00 0.00 0.00
0.00 0.00 0.00 0.00 0.00 0.00 30.05 267.31 548.19 786.14 946.25 1020.35 978.54 833.60 615.51 346.56 75.44 0.00 0.00 0.00 0.00 0.00 0.00 0.00
0.00 0.00 0.00 0.00 0.00 0.00 28.08 260.48 538.80 776.19 934.97 1013.32 973.21 831.26 612.78 343.24 72.06 0.00 0.00 0.00 0.00 0.00 0.00 0.00
0.00 0.00 0.00 0.00 0.00 0.00 25.76 248.95 521.52 757.77 914.95 998.67 961.70 826.45 608.19 338.76 68.93 0.00 0.00 0.00 0.00 0.00 0.00 0.00
0.00 0.00 0.00 0.00 0.00 0.00 22.67 230.72 491.82 723.91 880.00 965.40 931.32 805.67 590.98 326.48 64.40 0.00 0.00 0.00 0.00 0.00 0.00 0.00
0.00 0.00 0.00 0.00 0.00 0.00 18.37 206.08 447.20 668.51 823.36 904.61 871.74 756.81 553.53 303.07 58.17 0.00 0.00 0.00 0.00 0.00 0.00 0.00
0.00 0.00 0.00 0.00 0.00 0.00 13.31 181.98 398.70 604.08 755.82 831.92 798.49 693.66 508.00 276.90 52.39 0.00 0.00 0.00 0.00 0.00 0.00 0.00
0.00 0.00 0.00 0.00 0.00 0.00 9.27 171.69 375.66 571.15 719.95 797.20 762.53 663.69 488.11 266.39 49.92 0.00 0.00 0.00 0.00 0.00 0.00 0.00
0.00 0.00 0.00 0.00 0.00 0.00 7.52 180.92 394.43 593.80 743.20 829.54 794.57 693.00 509.89 278.22 50.61 0.00 0.00 0.00 0.00 0.00 0.00 0.00
0.00 0.00 0.00 0.00 0.00 0.00 6.73 195.71 427.29 635.41 786.19 885.47 853.40 742.01 543.51 294.67 50.97 0.00 0.00 0.00 0.00 0.00 0.00 0.00
0.00 0.00 0.00 0.00 0.00 0.00 4.91 198.37 437.05 646.42 794.66 906.69 881.18 760.56 553.93 297.68 48.81 0.00 0.00 0.00 0.00 0.00 0.00 0.00
0.00 0.00 0.00 0.00 0.00 0.00 2.46 187.32 419.83 622.12 764.52 886.87 867.32 742.83 538.55 287.72 45.17 0.00 0.00 0.00 0.00 0.00 0.00 0.00
0.00 0.00 0.00 0.00 0.00 0.00 0.81 171.44 393.10 586.03 722.96 851.73 831.32 705.52 510.50 272.62 41.53 0.00 0.00 0.00 0.00 0.00 0.00 0.00
0.00 0.00 0.00 0.00 0.00 0.00 0.17 159.61 375.23 563.37 698.13 824.58 793.58 660.79 478.87 255.99 38.14 0.00 0.00 0.00 0.00 0.00 0.00 0.00
0.00 0.00 0.00 0.00 0.00 0.00 0.02 157.64 378.38 570.70 707.87 817.05 769.63 621.50 451.00 239.36 34.72 0.00 0.00 0.00 0.00 0.00 0.00 0.00
0.00 0.00 0.00 0.00 0.00 0.00 0.00 163.58 397.20 599.77 742.54 825.58 765.41 605.58 436.68 227.13 31.55 0.00 0.00 0.00 0.00 0.00 0.00 0.00
0.00 0.00 0.00 0.00 0.00 0.00 0.00 168.91 412.29 624.29 772.88 836.50 772.11 616.60 438.80 223.07 29.41 0.00 0.00 0.00 0.00 0.00 0.00 0.00
0.00 0.00 0.00 0.00 0.00 0.00 0.00 169.56 414.65 631.82 784.55 841.53 777.83 637.39 449.36 225.84 28.59 0.00 0.00 0.00 0.00 0.00 0.00 0.00
0.00 0.00 0.00 0.00 0.00 0.00 0.00 170.01 415.69 636.34 792.02 850.99 791.15 662.13 467.14 234.99 29.01 0.00 0.00 0.00 0.00 0.00 0.00 0.00
0.00 0.00 0.00 0.00 0.00 0.00 0.00 173.68 425.76 651.22 809.96 875.33 823.90 697.24 495.14 249.71 30.17 0.00 0.00 0.00 0.00 0.00 0.00 0.00
0.00 0.00 0.00 0.00 0.00 0.00 0.00 176.95 437.58 667.60 829.02 900.74 858.24 730.07 520.82 261.84 30.82 0.00 0.00 0.00 0.00 0.00 0.00 0.00
0.00 0.00 0.00 0.00 0.00 0.00 0.00 175.57 440.00 671.20 833.19 906.11 865.38 738.06 526.54 262.92 30.10 0.00 0.00 0.00 0.00 0.00 0.00 0.00
0.00 0.00 0.00 0.00 0.00 0.00 0.00 169.03 430.29 657.93 817.30 885.37 835.57 713.80 507.95 252.30 28.15 0.00 0.00 0.00 0.00 0.00 0.00 0.00
0.00 0.00 0.00 0.00 0.00 0.00 0.00 159.39 413.13 634.12 788.84 850.57 785.94 672.24 477.35 236.76 25.79 0.00 0.00 0.00 0.00 0.00 0.00 0.00
0.00 0.00 0.00 0.00 0.00 0.00 0.00 150.45 398.50 615.14 767.35 826.78 754.96 645.29 457.93 226.60 24.02 0.00 0.00 0.00 0.00 0.00 0.00 0.00
0.00 0.00 0.00 0.00 0.00 0.00 0.00 144.21 391.80 609.56 763.87 826.59 762.81 650.01 460.58 225.81 23.16 0.00 0.00 0.00 0.00 0.00 0.00 0.00
0.00 0.00 0.00 0.00 0.00 0.00 0.00 138.39 386.51 606.39 763.89 832.77 783.74 666.22 469.91 227.42 22.58 0.00 0.00 0.00 0.00 0.00 0.00 0.00
0.00 0.00 0.00 0.00 0.00 0.00 0.00 131.04 376.67 595.05 752.64 827.68 789.09 669.93 469.62 224.85 21.72 0.00 0.00 0.00 0.00 0.00 0.00 0.00
0.00 0.00 0.00 0.00 0.00 0.00 0.00 124.28 367.47 583.59 739.55 819.50 785.83 665.87 464.68 220.92 20.85 0.00 0.00 0.00 0.00 0.00 0.00 0.00
0.00 0.00 0.00 0.00 0.00 0.00 0.00 120.25 364.81 582.44 738.56 821.53 790.64 668.16 465.57 220.30 20.38 0.00 0.00 0.00 0.00 0.00 0.00 0.00
0.00 0.00 0.00 0.00 0.00 0.00 0.00 117.61 365.29 587.26 745.71 830.83 802.09 676.70 471.58 222.36 20.31 0.00 0.00 0.00 0.00 0.00 0.00 0.00
0.00 0.00 0.00 0.00 0.00 0.00 0.00 114.52 363.97 589.86 751.42 839.37 812.24 685.96 478.97 225.82 20.54 0.00 0.00 0.00 0.00 0.00 0.00 0.00
0.00 0.00 0.00 0.00 0.00 0.00 0.00 111.41 362.00 590.49 754.66 844.62 818.61 693.74 486.57 230.29 20.92 0.00 0.00 0.00 0.00 0.00 0.00 0.00
0.00 0.00 0.00 0.00 0.00 0.00 0.00 109.13 361.77 591.31 756.05 844.74 819.26 696.00 489.93 232.50 20.94 0.00 0.00 0.00 0.00 0.00 0.00 0.00
0.00 0.00 0.00 0.00 0.00 0.00 0.00 106.69 360.87 588.86 751.59 837.41 811.85 689.12 485.17 229.75 20.25 0.00 0.00 0.00 0.00 0.00 0.00 0.00
0.00 0.00 0.00 0.00 0.00 0.00 0.00 102.23 354.58 578.07 737.38 822.24 796.11 673.87 473.65 223.45 18.96 0.00 0.00 0.00 0.00 0.00 0.00 0.00
0.00 0.00 0.00 0.00 0.00 0.00 0.00 95.68 342.40 559.36 714.90 800.60 772.65 651.65 457.35 215.36 17.07 0.00 0.00 0.00 0.00 0.00 0.00 0.00
0.00 0.00 0.00 0.00 0.00 0.00 0.00 89.17 329.70 540.76 692.94 778.17 746.96 627.19 439.58 206.89 14.84 0.00 0.00 0.00 0.00 0.00 0.00 0.00
0.00 0.00 0.00 0.00 0.00 0.00 0.00 85.12 323.67 533.53 684.61 766.38 733.25 613.89 429.85 202.01 13.53 0.00 0.00 0.00 0.00 0.00 0.00 0.00
0.00 0.00 0.00 0.00 0.00 0.00 0.00 83.87 325.24 538.96 691.53 768.60 737.56 617.47 432.31 202.72 13.78 0.00 0.00 0.00 0.00 0.00 0.00 0.00
0.00 0.00 0.00 0.00 0.00 0.00 0.00 82.34 323.67 538.40 690.36 764.06 737.91 615.79 430.82 201.92 13.81 0.00 0.00 0.00 0.00 0.00 0.00 0.00
0.00 0.00 0.00 0.00 0.00 0.00 0.00 76.57 304.75 507.74 650.67 722.13 700.47 577.21 403.51 189.98 11.74 0.00 0.00 0.00 0.00 0.00 0.00 0.00
0.00 0.00 0.00 0.00 0.00 0.00 0.00 66.60 269.24 449.16 575.55 642.95 622.43 501.89 352.80 168.54 8.53 0.00 0.00 0.00 0.00 0.00 0.00 0.00
0.00 0.00 0.00 0.00 0.00 0.00 0.00 58.00 239.58 401.65 515.39 574.95 550.60 434.49 309.71 151.29 6.35 0.00 0.00 0.00 0.00 0.00 0.00 0.00
0.00 0.00 0.00 0.00 0.00 0.00 0.00 55.01 233.15 394.94 508.66 558.08 528.06 416.03 297.91 147.20 5.35 0.00 0.00 0.00 0.00 0.00 0.00 0.00
0.00 0.00 0.00 0.00 0.00 0.00 0.00 54.22 235.70 404.55 523.88 563.95 532.98 431.12 304.51 150.38 4.66 0.00 0.00 0.00 0.00 0.00 0.00 0.00
0.00 0.00 0.00 0.00 0.00 0.00 0.00 51.09 228.06 397.36 517.83 553.13 527.83 444.34 309.99 154.20 5.30 0.00 0.00 0.00 0.00 0.00 0.00 0.00
0.00 0.00 0.00 0.00 0.00 0.00 0.00 48.15 220.53 389.88 510.31 548.18 529.69 460.44 322.01 162.09 8.44 0.00 0.00 0.00 0.00 0.00 0.00 0.00
0.00 0.00 0.00 0.00 0.00 0.00 0.00 49.39 229.62 408.37 533.97 578.47 562.97 493.16 347.68 174.41 12.34 0.00 0.00 0.00 0.00 0.00 0.00 0.00
0.00 0.00 0.00 0.00 0.00 0.00 0.00 52.31 246.33 437.09 570.29 620.60 606.56 526.08 371.53 183.18 14.33 0.00 0.00 0.00 0.00 0.00 0.00 0.00
0.00 0.00 0.00 0.00 0.00 0.00 0.00 52.40 254.65 451.42 591.42 650.54 640.31 548.79 386.68 187.32 14.96 0.00 0.00 0.00 0.00 0.00 0.00 0.00
0.00 0.00 0.00 0.00 0.00 0.00 0.00 49.96 255.98 455.92 603.49 679.78 673.93 574.76 405.22 194.34 16.57 0.00 0.00 0.00 0.00 0.00 0.00 0.00
0.00 0.00 0.00 0.00 0.00 0.00 0.00 47.96 258.50 464.32 619.97 714.09 709.66 606.89 429.71 206.02 19.33 0.00 0.00 0.00 0.00 0.00 0.00 0.00
0.00 0.00 0.00 0.00 0.00 0.00 0.00 47.15 261.60 474.83 635.95 734.94 729.27 628.00 446.57 215.56 21.60 0.00 0.00 0.00 0.00 0.00 0.00 0.00
0.00 0.00 0.00 0.00 0.00 0.00 0.00 46.48 260.86 478.05 640.08 729.27 722.22 626.47 446.93 217.94 22.70 0.00 0.00 0.00 0.00 0.00 0.00 0.00
0.00 0.00 0.00 0.00 0.00 0.00 0.00 46.22 259.64 476.71 636.44 711.38 704.36 613.53 440.12 217.41 23.51 0.00 0.00 0.00 0.00 0.00 0.00 0.00
0.00 0.00 0.00 0.00 0.00 0.00 0.00 47.54 265.17 483.02 641.16 706.80 700.80 609.60 440.94 220.66 24.82 0.00 0.00 0.00 0.00 0.00 0.00 0.00
0.00 0.00 0.00 0.00 0.00 0.00 0.00 49.36 274.97 496.79 656.41 720.02 714.06 617.65 448.52 225.79 26.03 0.00 0.00 0.00 0.00 0.00 0.00 0.00
0.00 0.00 0.00 0.00 0.00 0.00 0.00 49.07 278.47 503.86 666.76 733.92 725.94 624.05 451.31 226.51 26.30 0.00 0.00 0.00 0.00 0.00 0.00 0.00
0.00 0.00 0.00 0.00 0.00 0.00 0.00 45.98 271.30 496.60 662.58 737.40 727.35 622.73 447.42 223.23 26.02 0.00 0.00 0.00 0.00 0.00 0.00 0.00
0.00 0.00 0.00 0.00 0.00 0.00 0.00 42.06 259.70 482.83 651.68 736.41 727.35 622.26 446.95 222.91 26.43 0.00 0.00 0.00 0.00 0.00 0.00 0.00
0.00 0.00 0.00 0.00 0.00 0.00 0.00 39.83 253.72 476.85 649.40 742.41 737.38 631.77 458.29 230.60 28.24 0.00 0.00 0.00 0.00 0.00 0.00 0.00
0.00 0.00 0.00 0.00 0.00 0.00 0.00 40.48 258.80 486.20 662.46 758.33 756.62 649.04 477.54 243.17 30.80 0.00 0.00 0.00 0.00 0.00 0.00 0.00
0.00 0.00 0.00 0.00 0.00 0.00 0.00 42.86 270.67 503.96 681.67 775.55 773.61 663.70 492.56 252.40 32.64 0.00 0.00 0.00 0.00 0.00 0.00 0.00
0.00 0.00 0.00 0.00 0.00 0.00 0.00 44.73 279.64 516.58 693.82 785.06 781.22 670.19 498.06 255.32 33.24 0.00 0.00 0.00 0.00 0.00 0.00 0.00
