9.84 16.00 19.27 19.83 17.68 14.77 13.35 12.78 9.45 8.33 12.73 20.48 26.79 25.48 20.68 14.31 8.18 5.53 4.82 4.57 4.70 5.61 7.79 15.92
26.10 40.20 49.03 52.58 49.38 43.30 39.99 37.79 31.60 33.79 50.91 83.32 110.72 106.57 86.98 60.03 34.35 22.88 17.68 17.85 20.53 24.59 29.74 42.97
73.16 105.27 128.70 142.59 140.42 129.91 123.47 115.65 99.37 106.68 154.96 254.07 338.33 326.43 265.93 182.78 104.81 69.99 53.42 55.85 67.13 81.48 95.35 116.92
172.42 230.26 277.66 312.07 317.95 308.61 301.84 282.38 235.02 229.38 315.97 513.62 677.79 650.71 525.84 359.02 206.49 139.22 108.48 117.44 146.13 181.44 213.06 242.50
314.46 388.25 454.62 509.47 529.73 534.46 536.37 504.80 400.37 338.82 434.55 692.35 894.14 847.37 674.07 455.35 263.14 180.20 145.92 164.82 212.87 272.31 326.16 359.92
424.12 483.65 543.14 598.39 627.31 651.50 668.71 637.32 485.17 352.54 412.78 634.78 789.65 731.20 566.01 376.12 219.62 154.69 132.59 156.82 210.21 277.71 341.96 375.43
415.12 440.52 471.44 505.35 527.49 557.36 582.99 566.25 420.67 270.46 288.67 418.87 490.66 436.69 321.60 208.80 128.17 98.43 91.21 109.60 148.08 199.17 252.83 282.75
304.16 309.03 317.68 330.60 337.21 353.92 373.80 372.42 276.90 174.94 186.27 247.92 264.85 218.75 144.66 93.46 76.95 77.14 76.15 85.71 103.65 128.51 163.86 192.02
211.33 220.38 225.75 231.18 224.07 220.98 226.78 231.59 182.40 140.02 176.28 218.83 216.15 164.50 96.77 74.26 103.96 120.49 120.72 145.63 161.61 166.34 191.29 222.06
245.93 265.41 274.40 278.07 261.84 243.38 228.98 229.83 203.22 188.99 251.93 305.54 300.82 235.84 157.04 151.56 223.34 233.66 238.33 336.03 387.38 378.31 399.36 431.52
453.01 471.20 477.31 475.83 455.32 428.37 379.47 363.69 345.52 327.55 401.21 479.23 486.55 421.11 339.70 350.01 447.54 418.76 425.46 634.47 743.05 718.64 733.05 759.05
767.41 771.23 764.76 753.96 733.44 703.03 609.77 568.38 554.78 527.98 604.78 715.25 749.68 704.76 632.94 639.38 706.46 614.35 602.20 860.13 989.04 946.98 951.42 967.01
960.10 946.60 923.36 903.22 884.92 855.60 741.46 686.98 678.20 679.18 773.05 914.84 979.31 960.82 897.15 865.65 831.64 677.75 628.00 813.33 899.81 853.08 856.41 869.88
860.46 839.84 808.33 785.90 771.71 747.86 660.02 622.25 616.09 709.70 854.62 1023.02 1106.79 1099.22 1028.44 935.64 763.43 559.84 479.33 546.88 580.27 556.14 579.32 609.00
618.45 609.82 588.06 572.08 561.47 541.08 500.33 491.97 472.87 695.16 926.74 1129.84 1226.13 1213.25 1119.50 957.73 645.82 394.62 297.97 293.19 309.87 325.21 383.95 444.80
488.66 511.23 513.46 502.63 486.98 461.17 446.99 446.80 384.81 691.22 1010.13 1258.08 1373.99 1361.74 1248.15 1025.65 599.15 309.53 200.26 174.42 200.13 246.59 333.16 422.84
501.43 565.01 592.82 576.64 545.97 513.22 501.47 482.53 355.65 649.94 1006.23 1281.23 1422.70 1431.86 1322.79 1071.09 588.07 293.79 175.12 150.71 185.81 241.26 326.89 421.98
516.59 608.80 648.66 621.63 580.14 553.76 545.14 510.39 334.50 552.09 879.53 1133.33 1282.52 1316.56 1233.15 995.94 536.09 278.72 165.82 149.28 185.50 233.61 292.71 362.74
440.99 526.53 558.12 527.51 491.65 483.75 490.46 467.87 297.76 435.64 695.75 885.51 1008.62 1044.06 986.57 796.69 433.91 246.58 157.65 145.69 173.79 209.61 237.81 268.02
306.05 353.75 366.33 342.41 321.83 330.02 354.02 364.03 261.81 350.92 541.25 664.96 752.63 769.50 730.42 601.63 372.81 272.69 203.48 173.55 175.99 193.67 200.26 198.27
197.08 203.20 198.44 183.04 175.28 193.90 231.32 275.65 282.50 372.11 516.43 610.40 693.51 693.74 669.40 596.72 482.31 458.32 370.76 278.75 223.81 207.63 199.55 182.55
158.75 138.65 121.25 110.72 111.83 143.45 197.29 270.76 385.56 521.94 660.87 765.13 877.44 868.76 852.44 813.88 750.85 759.82 615.73 435.02 303.96 246.61 229.21 213.79
183.82 152.63 123.57 114.22 121.79 167.35 238.17 328.22 487.42 670.87 838.93 967.24 1104.67 1090.99 1073.64 1043.83 960.08 941.72 752.78 527.12 360.02 289.94 278.96 279.15
253.45 217.83 174.91 162.61 170.84 217.58 289.25 371.89 487.21 677.98 887.29 1033.21 1167.26 1155.39 1135.82 1103.87 956.17 861.21 674.71 487.95 361.72 325.25 338.29 358.02
340.48 301.55 247.40 229.32 229.16 257.90 307.60 361.30 399.13 569.26 810.91 968.07 1084.18 1081.64 1065.05 1034.62 832.29 653.64 493.87 381.04 327.75 338.48 374.30 404.80
397.10 361.35 310.96 290.65 275.32 274.87 290.85 308.37 291.88 427.50 664.99 818.75 915.22 921.62 910.52 885.44 678.26 467.54 336.63 275.61 268.79 304.38 350.87 387.02
396.34 380.40 354.13 340.17 307.93 277.22 260.48 246.80 199.75 277.69 460.66 583.72 655.77 665.31 658.33 637.12 473.45 305.08 212.40 178.13 186.52 227.22 281.84 331.21
366.82 383.11 388.08 382.57 333.20 276.12 235.07 202.83 137.31 146.78 253.59 331.20 376.06 384.83 382.02 365.15 262.33 170.68 121.61 101.76 111.06 150.35 213.86 280.25
338.75 379.56 402.53 397.20 332.89 259.32 207.65 172.12 104.53 67.27 113.30 152.38 174.49 183.10 189.24 182.36 132.86 104.86 89.56 73.04 73.57 103.66 165.01 235.02
295.88 338.12 359.13 347.63 279.76 207.94 161.91 134.75 82.36 34.79 46.93 61.86 69.70 81.60 101.88 107.86 93.22 102.36 106.59 84.89 70.22 82.98 127.48 183.47
226.42 251.56 259.71 243.81 186.52 132.60 103.16 89.41 58.98 27.44 27.36 29.77 31.24 46.75 76.95 89.09 87.98 111.04 122.37 96.38 71.34 69.45 95.13 132.99
156.07 163.88 161.03 145.18 102.81 68.55 55.14 53.92 40.08 31.00 33.23 31.25 29.93 41.94 66.95 74.13 73.46 96.49 105.95 81.48 57.11 50.89 66.39 93.55
108.31 110.43 103.91 90.92 59.35 36.31 31.42 38.38 30.84 37.54 54.16 56.46 52.83 51.34 56.20 51.87 51.77 76.08 82.68 60.05 39.51 34.43 47.22 71.49
86.74 91.26 84.35 73.26 47.24 28.08 26.15 36.47 27.81 41.74 79.90 93.89 88.67 70.20 51.90 36.93 42.82 76.97 85.80 60.84 38.69 32.45 43.85 67.63
83.47 89.64 80.58 68.01 44.66 27.40 26.94 37.07 25.44 40.20 90.74 113.30 108.09 80.76 51.31 34.25 52.02 100.68 114.48 86.03 58.02 45.56 51.34 70.35
81.84 85.26 73.69 59.62 39.49 25.47 26.41 34.07 21.76 33.54 76.29 95.55 91.07 67.67 44.18 37.44 76.95 145.89 162.95 130.30 93.83 69.97 63.96 71.02
73.25 71.55 60.91 49.66 34.88 25.60 28.52 33.06 22.86 33.40 60.30 69.71 63.87 47.46 34.84 42.77 110.70 206.26 225.14 185.37 138.77 103.91 87.35 82.65
75.89 69.76 62.29 56.10 45.48 39.62 45.96 48.70 42.94 61.80 85.10 89.00 76.11 54.24 38.21 48.29 128.92 237.89 258.93 216.74 170.24 140.80 130.98 129.25
121.20 110.49 103.94 99.72 86.62 77.94 87.02 90.44 95.66 136.54 175.73 183.45 157.07 110.16 66.84 56.61 117.27 210.71 235.56 204.24 176.82 175.90 195.71 217.99
219.47 201.08 191.25 184.21 161.61 141.74 147.19 152.24 178.16 242.29 303.25 320.42 281.59 203.46 123.70 82.76 104.67 167.36 196.59 182.00 177.93 207.74 261.66 315.31
332.86 307.92 294.63 282.82 252.67 221.26 216.19 220.06 264.59 322.95 384.08 405.49 367.45 282.59 192.99 138.44 125.25 153.75 178.62 173.92 179.52 220.00 290.40 359.85
391.35 371.03 360.29 345.94 319.38 288.10 274.72 274.42 319.01 333.88 365.42 379.76 356.39 300.05 241.73 202.02 166.30 156.75 163.40 159.67 162.43 195.38 260.06 319.90
354.61 347.10 342.98 329.98 314.31 293.76 280.80 277.85 306.63 278.65 277.66 280.68 271.89 251.48 234.36 219.13 177.36 140.96 129.42 123.78 121.74 143.59 190.08 225.87
251.58 251.84 251.65 243.30 234.97 223.65 215.85 213.74 225.13 189.38 176.42 172.87 169.28 165.96 168.04 166.04 133.86 96.98 81.89 76.39 74.59 96.24 129.36 145.03
158.24 160.73 164.23 164.91 155.78 144.70 140.14 141.04 141.40 120.79 110.09 105.39 101.14 99.60 100.55 97.62 76.17 51.62 42.20 38.37 43.84 85.08 125.44 133.99
139.33 147.85 163.40 183.54 168.12 148.13 142.13 153.82 156.89 149.04 141.13 137.37 131.84 129.48 119.44 99.71 66.59 38.24 26.20 21.98 41.61 119.43 190.40 203.08
206.76 231.48 272.46 329.75 309.42 275.29 264.36 308.57 339.85 338.08 331.76 329.79 323.89 322.42 290.10 226.94 138.91 68.58 32.01 22.27 58.30 171.63 280.44 303.28
312.33 363.42 436.74 538.56 520.72 475.08 460.14 552.75 629.82 636.87 635.17 636.56 631.66 632.32 570.18 444.90 269.54 127.27 51.66 31.39 72.36 191.02 314.27 347.44
368.25 441.10 530.36 649.67 639.35 593.86 581.61 694.90 795.26 822.64 829.61 836.17 833.35 837.16 761.20 602.05 368.28 178.53 82.51 51.96 76.30 157.37 254.27 291.35
323.82 395.80 468.64 562.37 558.81 525.87 523.73 602.47 682.02 736.27 750.37 760.95 759.48 767.49 710.46 579.92 364.97 197.21 120.63 86.09 82.81 108.29 156.39 187.31
224.07 276.97 317.99 372.12 373.39 353.92 360.13 383.18 427.46 492.03 503.08 511.50 510.14 523.68 504.37 437.87 290.65 189.03 152.01 121.67 100.80 87.39 93.97 110.12
140.85 173.60 192.20 221.51 224.38 209.75 214.17 203.24 227.02 274.11 273.73 275.59 277.71 301.17 319.15 309.85 221.33 175.07 167.43 147.53 126.77 101.17 85.11 83.47
101.20 121.18 131.57 149.45 147.46 130.97 126.19 103.87 120.14 144.86 137.49 136.66 147.68 184.18 230.94 257.98 194.71 171.16 177.52 171.89 161.42 141.62 122.50 110.37
117.46 132.08 139.94 149.48 134.89 113.33 98.69 67.98 86.11 109.48 105.18 106.25 121.03 157.93 210.69 248.77 190.10 175.80 201.76 221.47 228.65 226.66 224.60 216.12
217.98 226.89 224.68 219.92 183.66 152.98 130.48 86.68 119.90 161.09 166.83 170.15 174.99 188.94 216.93 241.03 184.19 188.70 257.83 322.30 356.84 382.24 410.42 413.32
406.38 396.80 367.03 333.58 266.62 221.34 191.36 136.43 190.05 245.79 266.66 275.90 269.87 258.22 257.36 263.23 203.10 222.82 338.38 447.47 507.09 558.73 613.02 622.93
599.43 558.92 492.87 421.00 325.04 262.43 223.44 167.42 226.73 276.96 312.71 334.59 334.07 322.92 323.26 330.84 260.50 267.28 391.55 509.12 573.15 634.62 695.92 704.29
668.39 604.69 518.21 419.33 313.16 239.67 193.73 146.37 189.16 219.91 259.28 290.87 305.80 315.89 340.87 366.18 296.66 275.94 364.56 449.36 498.15 551.36 601.56 604.88
572.68 512.90 436.90 341.06 248.13 177.48 132.28 94.65 111.84 125.83 155.50 183.47 204.40 227.80 266.73 301.61 253.18 221.78 263.49 305.92 338.58 381.34 417.20 419.09
403.68 372.66 330.54 264.79 194.47 134.20 94.68 57.20 51.53 59.74 77.88 93.89 107.92 126.46 156.39 182.83 158.57 135.24 146.86 164.53 192.67 234.88 265.32 273.14
279.84 287.11 285.57 257.09 200.96 144.10 105.40 54.15 26.61 36.25 49.97 56.68 61.43 68.47 80.86 91.19 78.72 65.67 65.78 75.26 103.45 146.84 178.01 197.77
229.25 272.81 306.98 307.70 253.79 189.49 144.41 74.90 23.44 32.80 47.42 51.83 52.76 52.68 52.57 50.18 39.46 32.15 29.30 33.98 55.08 89.82 120.62 155.16
210.60 279.47 335.57 352.95 298.88 227.49 178.32 101.57 28.08 33.05 55.41 67.27 73.28 73.53 67.31 55.63 39.11 31.30 24.89 21.30 28.76 49.62 80.54 129.73
200.56 276.23 335.06 357.66 311.04 245.72 204.61 133.68 41.32 48.29 103.03 141.99 165.20 169.07 152.67 123.24 82.97 61.09 43.61 26.92 20.27 31.19 64.99 124.45
199.31 271.91 328.43 355.78 327.50 281.54 258.39 190.29 73.22 102.08 231.63 325.83 376.42 375.37 328.20 258.94 167.36 113.29 77.21 45.33 27.77 34.85 71.04 133.31
208.30 292.81 370.68 416.20 408.93 379.69 368.87 282.02 129.57 200.35 425.10 581.08 650.50 625.26 526.99 405.53 255.81 164.06 114.96 75.96 55.72 67.08 104.36 161.65
234.36 354.24 482.14 551.84 550.61 521.47 506.66 383.82 209.59 328.22 609.81 782.98 839.17 781.89 647.67 502.09 336.28 214.81 167.97 135.54 120.54 144.64 184.69 229.07
279.96 425.33 594.40 668.51 650.59 614.65 592.46 452.71 315.88 480.97 763.23 891.80 911.05 843.13 723.16 606.39 483.43 314.70 262.43 236.81 225.13 263.19 311.89 343.83
347.84 464.68 620.96 672.48 632.75 604.95 591.42 475.57 436.44 643.98 913.74 982.64 975.47 926.47 855.41 790.71 720.58 459.82 366.83 336.76 329.18 384.30 458.64 499.81
468.76 511.20 601.99 624.84 581.53 578.16 581.82 484.31 524.25 741.20 999.44 1041.02 1031.83 1009.22 978.05 941.74 874.43 533.77 397.29 366.04 381.03 470.83 594.81 669.56
645.63 624.26 646.60 655.89 631.74 655.88 666.08 522.62 561.68 731.97 954.19 1004.17 1005.04 994.53 971.77 925.37 804.51 470.25 339.97 321.15 367.61 494.46 661.38 756.45
754.94 716.13 710.68 727.61 736.31 786.22 795.25 574.07 574.64 675.04 840.77 911.50 921.42 905.76 868.30 795.83 618.79 354.81 269.11 259.77 310.17 429.22 581.89 654.05
657.45 636.16 640.99 675.25 710.96 774.11 782.81 540.40 525.81 574.32 683.78 759.79 772.41 748.08 700.44 625.15 450.84 269.42 230.23 219.64 240.13 299.48 383.60 412.56
412.31 414.21 435.54 477.61 515.26 565.26 569.78 381.56 370.56 388.97 449.52 505.44 514.93 492.77 458.69 418.07 306.57 210.64 216.87 204.20 185.79 178.01 193.51 194.28
196.14 209.82 234.02 268.84 290.49 313.83 310.59 196.13 185.36 187.12 212.26 239.60 244.25 232.65 223.02 223.90 182.50 168.89 231.43 224.11 173.01 117.39 92.14 81.42
85.56 99.04 114.22 134.57 141.88 147.71 141.43 81.33 69.86 65.23 72.89 83.69 86.70 83.91 88.58 106.78 103.54 145.38 268.85 287.73 220.54 126.62 72.56 51.75
51.67 58.19 60.36 66.54 65.87 65.85 62.26 37.46 30.05 25.29 31.93 48.32 60.79 64.72 74.23 91.34 92.06 136.87 295.72 369.63 315.28 183.25 98.05 63.44
53.70 50.35 40.94 36.67 30.55 28.51 28.02 24.04 21.85 19.51 41.40 91.95 135.63 151.35 168.90 186.93 167.65 155.94 298.95 429.91 407.45 247.80 137.81 89.14
65.94 51.90 35.05 24.89 15.38 12.09 12.54 15.93 16.16 17.58 65.14 167.71 257.92 290.76 322.30 349.27 300.76 206.00 292.24 440.21 441.39 284.40 170.46 110.79
73.11 49.88 30.62 19.07 9.30 5.99 6.00 8.37 8.59 12.98 75.24 205.52 320.76 363.28 403.75 438.62 376.05 236.72 270.17 391.96 398.77 276.87 179.82 117.58
73.22 45.06 26.33 16.43 8.53 6.25 5.42 3.97 3.18 7.59 58.48 163.54 256.74 292.13 328.35 362.98 315.10 202.41 221.85 309.97 316.10 236.49 162.48 110.24
74.05 46.49 27.94 19.83 13.51 12.07 9.84 3.34 1.08 3.54 30.11 84.56 133.05 153.24 178.89 208.98 188.31 133.80 167.68 238.37 243.63 188.01 130.24 96.37
79.52 58.63 40.97 34.07 28.26 26.15 20.58 5.40 1.14 1.93 11.52 30.68 48.06 57.93 75.68 100.70 96.83 81.12 131.92 198.28 199.51 147.70 99.05 86.27
93.46 85.93 73.31 68.65 62.60 57.12 43.52 10.40 2.91 3.34 7.31 13.83 19.93 26.09 38.66 56.62 55.42 53.28 114.61 181.31 179.71 128.15 88.78 97.49
129.21 138.11 132.02 128.53 118.71 106.09 79.13 18.30 6.75 9.68 14.48 18.94 21.96 25.72 33.03 42.90 39.64 43.04 110.72 180.53 186.38 145.70 119.15 143.40
190.86 209.58 204.08 195.18 172.84 148.96 109.06 26.28 14.31 26.87 37.81 43.71 43.55 42.19 43.05 46.86 42.64 51.83 127.11 207.96 234.36 214.82 202.08 228.63
272.49 284.55 270.75 250.40 204.93 165.57 119.48 39.67 36.33 67.89 92.42 103.46 97.55 86.76 79.26 78.68 71.03 81.40 166.35 266.92 321.55 327.20 334.27 364.17
390.84 375.36 347.20 319.09 243.11 183.60 138.19 94.08 110.74 159.17 199.55 214.41 194.59 166.92 147.26 140.46 120.90 119.23 203.28 316.01 393.73 424.64 471.01 543.74
565.54 504.18 461.77 445.67 339.39 254.90 217.62 250.62 302.52 341.64 383.64 383.94 330.21 272.63 235.01 217.81 178.58 148.65 206.23 305.39 389.32 439.30 537.65 706.50
756.23 641.94 596.26 627.27 503.99 389.56 367.06 512.59 613.38 607.74 626.63 589.18 487.69 394.86 340.31 314.00 254.88 182.64 187.48 249.95 322.17 375.14 500.93 762.96
855.69 703.60 672.99 772.94 659.61 518.98 505.05 738.48 876.63 817.79 802.96 737.02 617.99 519.09 468.77 445.10 373.11 251.00 188.88 205.48 251.57 288.88 395.42 669.82
777.96 629.30 624.62 766.21 689.40 551.36 532.93 772.07 909.12 830.55 800.79 749.17 673.57 620.60 603.62 590.27 513.86 354.41 231.77 204.30 214.00 225.72 287.13 487.76
571.76 472.59 489.37 624.09 593.59 497.39 475.61 670.54 777.47 723.60 710.43 702.78 698.09 713.42 735.77 721.82 646.05 483.55 322.38 261.37 231.75 213.62 231.02 335.27
383.85 349.25 376.16 491.57 499.73 455.46 436.47 597.53 673.84 658.66 674.15 703.75 747.67 808.92 851.94 823.46 750.05 613.61 435.13 355.80 292.70 243.54 228.41 266.71
293.75 302.76 333.33 439.39 464.29 447.98 421.23 548.03 612.75 622.20 648.93 689.39 743.65 812.35 853.04 812.19 742.81 638.62 471.13 393.71 318.04 253.08 227.67 247.95
277.11 307.53 345.85 438.64 450.96 434.70 382.72 437.30 531.64 559.36 567.99 591.50 625.07 670.44 691.12 646.22 578.91 492.16 367.54 311.74 253.84 202.07 195.60 244.97
306.71 361.95 419.58 493.73 476.33 450.93 374.16 329.60 518.66 581.96 553.83 545.57 548.15 561.36 553.07 500.95 421.47 310.13 219.50 183.54 153.53 127.52 152.00 250.61
362.29 452.79 532.03 591.78 552.44 530.08 456.85 331.24 670.42 789.37 729.19 695.55 680.67 674.86 641.60 576.80 469.66 272.88 161.21 120.29 97.99 82.96 123.35 245.62
383.15 492.64 576.21 624.97 586.30 584.68 551.50 405.33 884.44 1047.00 978.62 938.28 923.75 915.32 874.70 809.01 680.68 374.83 203.96 140.92 103.92 82.08 119.35 222.27
336.37 428.62 497.43 540.11 516.38 535.76 542.37 444.12 959.83 1114.01 1057.19 1021.70 1010.08 1003.42 975.45 928.15 805.01 458.76 259.72 189.07 136.65 110.63 148.17 217.75
283.23 337.66 388.78 436.87 424.66 447.84 451.60 435.03 867.23 967.15 922.59 890.70 876.01 867.05 857.19 828.55 727.07 446.54 279.08 225.12 167.16 154.76 217.72 279.13
307.52 327.16 363.44 422.76 412.90 424.94 389.31 443.61 773.72 833.23 804.62 785.05 777.97 768.84 768.45 738.21 644.65 446.50 306.28 260.02 196.58 208.28 320.87 416.75
430.95 425.39 444.50 507.39 496.00 492.81 405.24 471.54 760.23 840.56 858.21 887.19 923.68 927.96 928.55 878.64 768.49 567.55 379.23 301.75 229.25 259.06 418.81 573.63
590.03 571.09 577.06 637.48 631.04 621.07 480.57 470.83 752.35 896.68 990.91 1098.53 1202.49 1225.53 1217.55 1144.74 1015.58 741.84 457.67 332.95 261.32 296.32 464.88 648.60
670.38 652.21 656.38 715.53 727.43 730.80 563.58 446.28 702.70 891.78 1050.54 1217.93 1361.75 1386.18 1352.64 1259.58 1126.45 804.42 480.60 352.87 308.49 342.74 477.49 628.75
644.55 633.06 637.89 689.61 715.64 736.96 594.43 452.08 657.04 831.97 1008.35 1185.92 1316.43 1325.39 1260.91 1153.76 1025.74 722.13 460.03 402.48 415.95 455.45 554.75 654.31
650.34 639.71 639.76 673.66 675.64 677.44 588.54 554.22 705.37 824.96 972.73 1119.77 1206.98 1204.94 1131.04 1030.02 918.23 654.09 478.73 520.80 599.11 646.52 734.59 808.74
779.61 760.42 753.08 768.02 707.72 646.10 600.07 735.86 841.16 903.15 996.90 1092.78 1136.49 1137.16 1082.88 1014.37 939.50 697.35 553.92 651.16 753.38 788.20 857.33 910.84
858.75 826.45 813.22 815.62 708.01 596.27 572.22 807.86 871.28 895.18 937.20 983.76 999.90 1011.70 991.38 967.55 937.85 722.76 577.78 657.07 721.58 720.44 741.27 753.55
691.47 653.01 639.17 636.18 537.70 435.10 422.13 626.82 658.60 665.62 675.96 691.71 700.95 728.09 743.26 760.59 763.01 600.73 472.43 497.30 504.74 478.58 459.42 436.82
386.43 356.51 347.91 343.83 287.21 228.60 221.13 331.68 349.66 353.30 350.29 352.75 367.13 410.77 456.61 505.02 521.83 410.79 309.39 291.77 272.99 252.14 231.32 205.99
182.43 170.79 167.98 161.63 135.15 109.42 97.29 135.66 153.31 159.56 153.20 149.83 165.69 215.17 276.32 340.84 362.06 280.26 193.74 162.57 151.29 150.50 155.35 158.12
170.83 182.29 183.08 169.11 146.70 128.11 92.80 94.81 117.41 126.42 122.58 113.36 116.35 147.89 199.11 261.00 282.08 221.67 149.49 125.93 127.33 142.03 186.35 248.89
312.50 351.95 358.84 335.31 304.02 277.11 203.15 190.48 220.11 226.35 229.20 211.00 186.94 178.79 197.49 239.30 253.24 212.93 165.35 156.17 152.20 169.57 257.33 397.93
514.63 577.61 604.93 581.18 555.00 521.35 419.98 418.15 451.62 443.98 452.96 425.09 373.67 326.92 311.12 326.85 325.10 283.01 237.97 231.53 205.73 216.32 332.15 521.72
661.36 736.57 822.63 817.96 833.64 803.12 707.85 738.59 763.02 730.64 737.74 709.04 654.81 604.61 584.02 588.60 570.70 473.33 342.02 304.69 259.39 265.12 379.10 555.22
680.75 772.49 962.47 995.06 1078.38 1053.48 973.77 1021.44 1028.93 972.87 969.91 953.84 929.85 919.62 930.85 945.83 921.51 724.16 429.75 343.55 300.30 310.07 398.31 520.18
612.24 719.89 988.89 1056.51 1182.31 1158.68 1068.38 1102.85 1106.52 1029.83 1009.74 1002.57 1012.65 1049.92 1098.70 1130.38 1113.32 855.38 478.63 400.44 399.31 425.81 487.23 560.70
603.31 678.85 909.44 974.25 1075.95 1053.74 942.31 991.91 1015.70 894.77 835.75 803.75 812.43 865.94 930.39 974.48 978.10 768.95 501.45 529.00 611.77 670.45 723.53 780.62
765.31 751.94 848.99 863.06 890.62 866.50 753.71 885.65 940.99 747.00 626.14 536.31 506.57 544.20 604.33 659.01 691.19 593.50 517.97 674.94 828.68 910.39 965.18 1032.17
985.87 895.44 880.45 839.29 789.05 737.21 633.90 846.60 912.95 674.05 514.75 387.42 327.54 348.56 401.29 465.11 518.22 496.94 529.98 738.46 878.89 934.04 975.95 1060.34
1033.16 940.07 909.21 861.27 758.62 648.05 555.31 773.80 802.86 587.24 450.38 349.57 307.49 337.62 390.30 453.92 500.10 482.24 506.34 670.89 727.24 718.51 732.55 827.43
845.55 809.45 835.91 831.03 711.34 550.74 482.74 655.32 617.19 456.31 376.03 341.82 355.23 419.66 482.49 536.00 545.83 483.59 432.16 505.23 486.19 432.42 423.19 508.21
553.66 570.91 648.80 687.88 586.30 429.10 398.14 521.80 444.61 334.70 304.30 327.74 396.73 502.25 586.06 634.43 608.47 502.75 365.47 353.42 306.27 244.20 222.03 272.37
307.98 333.65 403.61 448.64 385.79 282.05 281.27 366.34 307.05 249.13 253.55 305.62 401.17 528.87 630.78 682.95 644.79 529.84 347.73 291.87 248.40 191.90 162.35 172.87
179.29 179.99 201.73 225.30 198.44 154.56 168.87 227.81 213.09 204.07 233.17 290.89 377.22 489.86 584.30 632.97 593.02 494.22 328.31 274.99 247.63 198.61 168.29 157.39
142.93 119.87 102.39 107.23 101.31 92.42 109.05 153.35 171.50 193.55 240.36 295.99 354.57 424.40 484.36 514.68 465.91 380.36 259.26 228.84 217.88 181.26 158.46 147.67
132.56 106.90 82.41 84.44 88.99 94.61 100.96 136.54 176.79 215.02 277.75 338.07 375.08 401.23 418.99 424.08 358.14 265.55 169.90 150.31 146.47 125.10 113.89 114.85
116.75 110.28 106.95 121.52 135.04 152.87 130.68 161.56 243.03 295.92 373.24 444.93 472.97 468.22 449.78 428.03 338.07 215.41 109.95 82.20 76.35 66.67 64.85 79.42
107.59 133.90 169.52 210.55 236.42 270.17 196.35 217.01 369.67 437.96 514.54 584.12 602.20 576.75 532.72 486.24 375.86 219.48 91.29 52.15 43.16 40.90 44.12 68.42
121.99 182.46 260.68 336.03 376.48 419.40 282.82 265.08 478.87 553.71 603.46 643.25 641.36 603.82 550.34 492.76 388.70 229.41 97.44 58.00 51.38 58.27 65.76 96.09
167.01 250.28 353.62 451.45 499.96 532.52 347.42 264.56 479.53 547.60 560.09 559.65 537.04 497.67 452.74 406.45 341.95 221.96 111.25 81.40 82.15 104.66 121.91 159.29
239.23 330.68 429.92 518.79 559.23 562.18 354.05 220.56 383.55 441.40 431.15 405.66 372.36 338.36 312.27 294.44 283.10 223.50 128.95 99.79 103.76 146.02 181.31 227.67
311.88 406.12 483.22 536.45 556.14 526.90 313.36 172.13 278.01 332.79 321.28 291.18 257.57 232.39 229.33 249.93 290.32 290.58 165.97 104.73 100.89 161.55 216.74 267.69
352.46 449.21 502.90 518.51 520.10 477.02 270.21 146.34 215.13 267.14 265.61 243.54 217.47 205.63 230.05 294.37 381.72 430.35 233.75 115.22 98.49 168.37 234.56 287.50
372.43 466.67 502.71 497.96 489.12 447.73 256.95 148.38 197.71 234.20 241.10 229.85 212.75 213.46 260.68 356.41 469.61 541.95 312.20 169.83 144.52 198.33 256.03 318.19
410.35 502.00 530.92 522.10 495.36 440.42 264.67 168.54 211.85 222.94 232.01 226.82 212.39 217.40 272.88 375.90 483.18 554.15 396.63 307.68 282.47 287.25 304.47 366.36
459.59 554.68 585.15 573.40 515.38 422.84 264.56 186.90 224.33 213.68 222.25 220.94 208.34 217.34 276.32 380.52 472.69 540.11 512.17 513.97 505.30 454.84 405.32 424.04
476.34 561.09 584.26 561.61 480.81 362.67 243.52 188.15 206.01 186.09 196.69 203.36 200.28 220.39 285.53 395.96 479.81 548.86 611.55 672.99 699.67 628.01 529.01 477.25
446.44 489.87 487.30 450.87 372.29 265.46 198.63 165.49 163.14 147.64 163.73 179.07 186.19 213.60 275.54 378.33 446.44 504.23 584.61 657.31 716.22 665.91 582.36 497.29
396.54 389.56 361.24 317.57 254.25 174.00 137.13 125.51 119.85 116.10 136.67 152.43 160.18 181.88 225.37 298.23 338.63 370.57 426.24 485.22 549.20 538.89 532.50 477.96
359.39 325.60 294.18 252.88 198.99 130.51 90.08 97.37 97.08 101.12 121.08 128.02 128.90 139.89 163.93 207.60 226.47 236.31 261.24 299.99 345.53 366.30 438.51 432.05
332.23 304.43 294.35 262.85 209.25 137.05 80.39 102.71 101.83 104.22 119.97 117.05 110.93 117.13 134.60 170.76 185.83 187.28 189.31 203.54 223.76 251.26 342.96 351.77
280.17 277.34 296.43 280.68 228.74 156.65 91.77 124.19 118.30 114.84 126.75 120.53 111.86 122.41 146.44 193.62 217.83 224.01 216.57 202.37 199.33 211.01 259.13 247.62
197.77 212.43 246.05 246.20 205.39 147.97 90.62 124.70 118.50 113.23 123.76 122.01 118.19 140.41 176.88 239.05 275.33 294.39 292.23 252.56 231.74 220.22 206.85 165.11
123.13 132.82 157.65 164.13 139.46 103.86 65.87 92.15 91.17 89.65 100.08 105.29 111.40 144.97 189.92 257.96 300.57 330.10 336.25 286.25 256.79 228.24 179.20 124.47
88.03 83.12 89.14 91.80 78.56 58.23 39.20 53.90 55.98 58.55 67.49 74.36 85.85 120.14 162.10 222.30 264.31 295.98 303.59 265.44 235.37 196.91 147.29 107.88
95.22 84.25 77.66 74.18 64.09 47.05 38.99 44.83 38.80 41.03 47.84 50.29 57.34 80.26 109.30 154.30 193.91 224.16 233.13 221.73 190.10 142.11 108.43 98.48
131.27 123.82 115.22 109.01 98.36 78.43 77.47 78.99 47.74 42.54 49.64 49.52 47.66 53.98 66.60 95.64 129.90 158.30 175.83 192.62 155.35 98.08 79.26 92.46
172.18 169.97 166.16 160.79 151.37 130.40 136.70 137.86 73.51 56.14 66.69 70.81 62.22 53.27 51.06 65.34 87.37 110.68 136.91 171.39 132.76 74.74 65.44 88.77
186.78 187.93 188.39 183.19 175.71 156.99 165.84 169.46 92.83 70.68 86.65 97.30 86.08 67.55 55.96 60.01 68.80 84.57 109.90 145.15 113.35 64.71 58.80 80.84
157.70 159.84 159.72 152.29 144.57 129.17 133.05 139.36 85.93 76.13 99.24 113.29 103.76 82.78 68.09 68.11 70.12 80.46 95.87 118.91 95.51 58.55 50.53 63.11
101.64 101.86 99.44 91.84 84.14 72.86 70.98 77.71 60.16 72.30 103.56 118.22 113.58 94.45 79.98 78.00 76.42 83.08 85.40 92.28 74.72 48.88 39.90 42.45
53.41 51.23 48.94 45.48 39.86 32.00 27.47 32.96 36.96 63.68 98.31 111.55 111.17 95.58 83.59 79.81 72.95 74.34 66.01 60.41 48.61 36.92 34.35 33.33
35.07 33.62 34.35 35.79 30.31 20.34 11.60 16.57 26.59 51.91 79.51 88.88 89.84 79.59 73.46 71.54 61.20 56.71 42.96 31.73 27.10 34.37 46.60 48.89
53.54 55.28 60.41 63.00 50.58 29.07 9.97 16.92 30.43 44.29 58.82 64.58 66.17 62.45 63.49 67.25 58.22 48.75 30.95 17.51 18.53 45.46 77.05 87.65
101.46 106.19 114.42 112.73 87.08 47.79 13.54 24.69 46.87 50.50 55.48 61.37 65.68 68.79 75.99 85.02 77.32 61.48 35.13 17.39 18.52 55.01 99.48 120.39
144.49 151.22 158.61 151.35 116.52 65.95 18.74 32.70 65.91 66.32 69.52 79.38 88.78 99.75 113.75 125.79 113.76 87.56 48.60 24.55 21.11 51.03 91.51 117.28
145.56 153.65 157.84 151.17 121.35 75.50 23.70 36.19 76.08 78.70 85.30 100.58 115.81 135.04 156.49 169.45 148.42 110.68 62.79 36.87 31.68 47.89 70.78 90.25
113.89 123.63 127.64 130.55 115.94 81.44 30.38 38.77 77.43 82.65 92.82 112.42 132.01 155.79 179.18 189.22 161.78 120.50 76.82 60.24 61.37 66.82 68.57 73.71
89.43 101.93 110.94 129.67 128.58 94.18 41.47 46.41 76.23 81.46 92.77 114.30 135.51 157.45 173.87 177.63 152.01 120.15 93.98 96.66 108.51 106.25 90.37 81.25
90.91 105.72 120.76 156.10 160.94 110.56 54.87 61.16 77.78 80.94 91.65 113.27 134.50 152.26 161.01 162.17 144.94 127.82 119.01 140.57 164.31 159.89 139.44 124.10
128.88 141.54 155.86 198.22 198.59 125.51 76.67 100.48 105.92 104.40 114.21 137.44 161.17 179.71 190.82 200.67 195.04 189.67 186.50 218.19 258.62 262.60 256.07 240.29
233.81 232.74 232.79 264.50 247.65 154.61 136.56 212.04 218.10 207.17 216.11 245.60 276.33 302.09 325.38 355.15 366.68 374.93 368.12 395.60 451.89 462.87 472.94 443.75
408.28 373.46 345.07 353.89 313.15 210.15 253.90 409.52 435.96 416.07 423.79 459.13 494.01 525.61 559.65 609.32 645.07 677.60 668.22 671.77 723.74 717.49 722.36 656.50
579.18 497.80 436.13 420.69 360.75 265.27 377.34 584.53 641.57 625.50 633.67 665.87 693.82 723.04 756.77 810.25 864.72 923.06 919.39 893.23 918.35 871.02 847.08 744.67
643.28 533.92 450.74 417.71 349.47 274.92 409.92 586.89 655.49 654.32 665.37 687.85 704.90 728.36 753.99 792.39 842.19 903.53 909.92 875.61 874.33 794.97 745.58 642.21
560.21 467.34 388.32 353.15 288.98 232.43 323.79 415.32 462.58 469.93 481.75 496.88 510.51 531.57 550.50 569.83 595.05 631.46 642.50 624.90 616.60 543.15 496.24 431.73
399.88 355.59 304.12 284.01 232.92 179.57 194.64 213.28 227.84 231.76 239.99 251.49 265.99 285.33 300.96 310.59 314.80 324.03 334.93 343.27 350.82 314.21 292.40 276.60
287.58 285.19 262.24 258.16 218.40 152.87 104.08 93.22 85.91 82.02 85.34 93.73 106.33 121.92 136.03 145.90 147.01 148.98 163.40 200.66 240.08 245.21 251.12 268.23
292.53 301.49 288.90 286.08 245.98 156.71 71.75 65.60 44.96 31.18 30.40 36.76 47.00 61.57 77.98 93.82 104.62 114.81 134.78 200.97 273.32 308.60 333.95 363.94
377.97 375.79 360.43 348.88 298.49 180.35 77.61 88.49 54.75 28.94 25.00 31.78 42.83 62.43 86.32 110.59 134.12 152.89 169.65 250.18 336.95 383.30 415.79 442.96
440.20 424.77 406.88 388.65 330.11 195.00 89.19 108.71 66.59 34.09 28.71 36.62 49.24 74.93 106.39 137.19 170.38 190.63 193.79 262.37 334.58 370.15 395.96 414.28
404.50 387.07 370.91 351.62 295.46 170.81 82.45 96.61 58.04 29.59 24.85 32.27 44.06 69.60 100.76 130.69 164.53 180.73 174.14 220.02 263.36 276.54 290.58 309.59
311.13 304.41 291.63 271.66 220.84 122.15 67.03 75.77 43.92 20.53 15.98 21.08 30.57 49.64 71.12 91.90 115.88 129.77 133.58 174.32 196.78 191.46 203.85 240.75
265.58 273.20 259.92 229.23 172.44 89.34 71.79 91.06 51.60 19.37 11.17 13.05 21.30 34.23 43.30 52.90 64.51 86.35 123.00 176.31 182.56 165.43 188.26 249.87
293.27 308.42 288.67 236.29 163.87 82.12 99.30 142.66 81.32 28.10 13.58 13.00 22.15 33.65 34.66 37.51 41.52 79.81 154.50 212.37 192.64 165.28 194.64 266.93
310.64 323.08 298.34 233.31 156.25 79.63 115.76 174.81 101.88 37.45 21.15 21.93 33.36 46.47 47.29 50.21 49.88 96.19 185.48 232.39 190.64 157.39 177.38 236.99
262.48 264.11 244.09 192.85 134.60 75.11 102.34 153.49 95.80 43.96 35.72 44.32 59.05 74.58 83.85 94.37 88.70 121.78 190.05 229.75 194.46 165.61 167.83 205.81
207.88 198.62 192.25 170.73 140.88 95.73 96.44 125.06 91.71 61.67 66.55 86.88 105.28 123.16 144.84 167.50 154.22 160.26 189.49 231.74 221.65 203.93 195.00 226.66
226.44 230.10 244.54 247.57 236.33 187.23 163.12 166.34 139.37 119.91 134.83 162.82 179.35 193.55 219.08 247.71 223.76 198.70 186.15 221.05 227.49 220.67 216.38 274.67
331.89 411.00 459.35 474.05 467.71 394.93 346.72 321.71 278.82 256.43 279.01 307.36 309.60 304.42 313.27 331.02 289.09 224.64 161.11 165.04 172.55 174.43 188.37 300.83
478.13 693.35 788.70 806.52 796.30 685.69 597.15 545.00 483.00 453.88 486.76 513.02 491.95 453.19 428.43 420.97 354.80 246.21 126.79 90.20 92.85 100.69 132.02 285.45
562.76 882.65 1011.47 1028.54 1009.83 865.50 724.76 660.96 601.85 573.20 614.82 638.41 599.02 532.91 479.55 449.40 370.54 243.04 99.28 42.20 42.41 53.47 90.62 235.07
505.82 807.64 923.61 933.94 907.37 762.45 595.19 541.47 509.87 494.35 537.02 556.25 515.19 447.37 389.96 355.11 290.18 188.21 73.68 28.46 30.58 43.42 79.01 179.01
358.08 548.92 613.74 610.79 582.39 474.83 330.91 296.12 291.54 295.04 334.36 350.53 322.13 272.95 231.51 207.95 171.57 115.21 54.45 37.18 42.47 54.51 86.52 143.85
227.13 308.20 323.49 309.24 284.92 223.08 130.53 110.28 115.88 131.39 165.68 180.71 168.04 140.09 117.89 109.42 96.27 74.46 57.80 70.04 78.98 84.78 109.51 141.16
165.14 180.00 167.81 150.17 129.94 92.22 44.12 33.63 39.92 55.92 81.02 93.42 92.28 79.59 71.85 77.03 79.24 78.01 94.58 140.80 156.33 148.66 159.47 176.90
172.76 153.29 128.19 111.96 91.52 47.78 24.36 22.50 31.01 42.95 57.15 66.06 72.85 68.11 68.59 87.33 104.52 119.55 166.66 243.90 262.09 232.52 222.68 228.40
213.17 176.42 145.48 132.53 109.94 43.14 30.55 37.83 53.36 65.00 74.75 85.87 102.46 100.67 103.03 134.12 168.39 201.46 271.78 343.22 342.96 290.73 266.32 263.73
244.03 202.12 171.38 160.91 135.02 52.13 45.49 65.87 92.40 109.67 128.03 155.07 189.87 195.34 197.88 237.62 289.70 342.74 411.28 414.91 373.77 321.59 313.98 316.64
290.80 248.33 218.06 201.64 161.11 73.90 72.63 119.90 163.62 189.76 228.24 284.66 344.57 366.46 372.73 419.80 489.64 547.17 563.31 463.03 389.61 377.12 423.87 445.84
411.41 367.09 332.50 297.02 222.85 122.12 126.23 220.97 291.10 324.79 380.97 463.35 539.03 573.70 582.73 634.93 712.37 735.36 651.51 474.70 405.65 450.07 551.91 589.89
552.30 512.06 476.18 419.41 309.75 183.80 190.64 333.12 427.91 464.53 521.50 607.13 675.73 706.05 708.26 751.07 808.36 772.61 605.80 427.59 388.18 458.50 568.52 602.36
570.86 545.70 520.19 459.81 343.87 210.55 211.99 360.90 455.00 489.06 532.22 599.20 646.20 662.30 653.46 672.56 691.34 623.28 459.05 358.16 351.79 400.37 467.97 478.56
454.28 442.46 430.33 385.41 294.09 180.92 171.53 274.79 334.64 359.79 386.87 428.83 456.10 463.86 455.03 460.32 459.32 411.15 326.63 345.70 373.22 382.70 396.17 377.68
352.51 340.20 332.04 301.00 231.88 136.02 126.83 168.44 177.97 188.47 203.70 226.56 242.75 252.66 257.87 272.83 283.68 281.29 282.30 398.97 456.60 444.86 427.70 388.01
353.85 333.03 324.55 296.23 226.41 123.01 137.16 134.80 98.16 92.78 101.85 115.62 128.31 145.81 167.37 200.54 230.63 258.00 294.83 435.00 508.78 507.71 491.35 445.19
396.85 370.92 369.91 346.09 265.25 143.29 190.15 167.58 102.71 86.79 97.20 111.29 125.57 150.26 177.24 213.13 242.31 264.89 288.70 390.32 468.76 500.84 502.49 461.46
397.84 374.12 386.92 379.08 296.01 167.70 224.95 204.15 142.51 127.42 147.41 169.23 189.22 218.41 236.46 250.87 252.49 244.91 236.83 286.90 359.03 415.62 431.14 400.90
335.44 320.85 342.69 352.92 282.18 168.45 203.68 201.64 173.41 169.97 201.95 232.81 258.91 288.23 291.97 277.06 243.54 204.90 172.31 188.83 240.90 291.57 307.11 290.58
246.09 243.69 263.57 280.00 228.79 141.95 144.61 160.99 167.91 175.22 209.77 240.98 265.86 288.41 283.21 254.53 206.01 158.92 126.61 139.15 175.26 205.86 213.48 209.05
193.76 199.08 208.45 219.09 181.67 114.14 91.26 108.96 124.44 131.08 154.62 175.49 191.32 203.56 197.77 176.11 140.95 112.41 106.82 145.30 189.16 207.55 202.91 201.63
205.66 211.88 209.37 212.14 175.66 107.81 68.18 71.62 71.17 69.94 78.95 88.02 95.48 101.56 100.35 94.09 84.16 83.65 112.95 191.27 257.82 266.85 242.23 232.26
242.85 245.80 236.17 234.65 190.97 113.61 69.71 55.55 35.05 28.05 29.20 32.86 38.91 46.46 51.78 58.13 67.34 83.80 131.94 236.01 315.53 309.01 263.71 240.46
249.80 247.47 236.82 233.78 185.57 109.10 76.56 50.66 19.78 11.61 12.25 16.79 27.47 41.94 54.65 70.06 89.84 108.28 148.88 241.15 307.36 286.04 234.12 203.42
207.03 199.32 190.85 187.41 145.05 86.28 71.87 44.79 16.88 13.15 18.62 27.25 43.85 65.49 85.59 110.67 139.80 160.38 182.61 228.57 256.60 225.39 179.49 147.34
140.51 127.61 120.00 116.14 87.97 53.79 51.78 33.65 20.09 29.99 46.57 60.11 79.24 103.57 129.10 165.11 206.16 244.36 263.01 257.43 237.49 191.08 147.41 111.96
91.93 73.22 63.16 57.77 42.65 26.83 28.87 22.43 26.91 58.10 90.68 107.54 123.70 144.73 170.88 212.42 261.75 326.72 361.54 328.25 269.40 199.29 147.82 105.43
75.96 52.80 39.14 31.12 21.78 13.40 15.16 15.58 31.94 79.79 123.91 140.45 150.15 164.46 185.44 220.49 265.67 343.43 395.72 369.98 299.86 215.47 157.59 110.60
79.72 56.06 40.41 29.24 19.57 10.67 9.91 11.20 28.54 75.42 116.69 129.44 133.81 142.15 155.35 176.11 206.36 271.68 327.35 334.51 286.44 213.61 161.21 116.10
89.72 69.08 53.53 39.35 27.13 14.21 9.09 7.96 18.28 48.73 75.16 82.73 84.61 89.19 95.98 104.99 121.25 163.85 213.26 251.60 236.44 190.72 151.15 113.61
93.92 78.63 65.97 51.45 38.78 22.91 13.57 9.04 9.83 21.84 33.06 36.35 37.22 39.45 42.65 47.26 59.14 90.84 138.21 184.69 182.43 155.74 124.20 96.03
83.02 74.71 68.85 59.47 50.89 36.35 25.63 17.81 8.90 8.30 10.75 11.82 12.21 13.20 15.17 20.40 35.81 72.23 125.90 161.88 148.94 125.26 92.88 71.38
62.98 60.71 62.98 61.89 59.21 49.27 40.60 31.04 13.72 5.96 5.28 5.88 6.25 7.08 9.02 15.75 34.28 75.42 131.27 153.75 128.13 102.45 68.83 51.46
45.37 45.71 51.82 55.95 56.49 51.04 46.29 38.45 18.55 8.88 8.50 9.86 10.93 12.82 15.81 24.03 41.53 76.50 120.29 133.78 107.64 83.81 55.00 41.48
36.88 36.70 40.05 43.59 43.73 40.41 40.43 39.37 24.83 18.28 20.68 24.31 27.75 33.36 40.84 55.56 74.89 102.12 129.25 140.20 117.70 92.63 65.73 51.63
46.06 43.41 41.02 42.46 40.61 35.36 43.17 56.22 49.22 46.29 53.27 61.76 70.35 84.12 102.25 134.18 165.24 194.01 210.47 224.40 196.82 155.72 115.84 89.94
77.91 71.69 67.24 73.08 70.09 57.32 78.73 114.01 107.52 101.77 113.02 127.74 142.30 165.72 197.09 251.87 297.82 331.23 339.36 357.91 318.84 248.94 185.38 140.16
120.46 112.11 113.28 133.68 132.93 110.57 146.27 201.60 182.33 162.89 172.78 189.61 205.24 231.27 267.92 333.68 382.17 412.41 414.24 438.81 396.85 304.85 226.25 170.67
153.23 148.06 159.15 196.77 203.32 180.46 216.90 271.75 227.48 185.94 185.32 196.98 207.56 226.74 256.19 309.95 342.93 361.87 366.27 398.48 369.09 283.10 215.23 172.27
171.46 175.41 193.58 238.17 252.30 241.22 257.56 289.17 219.13 157.71 142.95 146.99 152.72 163.97 182.06 211.02 220.77 226.23 239.18 276.12 266.16 214.35 181.63 170.63
191.13 202.59 219.27 254.06 264.14 259.26 244.79 250.82 171.52 106.04 84.27 84.45 89.41 97.76 109.01 118.97 112.75 109.21 130.47 171.60 179.12 165.80 173.58 196.79
229.18 234.33 236.84 249.35 240.99 222.18 181.94 176.92 108.88 58.47 41.01 42.14 49.24 59.32 70.42 76.14 68.28 65.92 96.66 147.66 167.34 174.95 212.22 257.84
285.67 268.71 246.19 235.23 207.66 166.60 113.85 109.64 55.63 25.99 17.77 22.55 35.36 53.71 72.81 88.72 92.46 104.03 143.63 199.77 221.50 228.96 280.43 330.75
338.54 297.01 249.75 222.56 184.76 131.18 78.69 76.85 26.13 9.70 8.09 17.19 41.27 77.52 113.63 151.48 179.35 219.84 260.35 297.37 308.16 300.38 347.97 381.56
360.43 304.08 243.65 209.37 168.43 114.99 69.47 67.19 15.48 4.10 4.89 16.90 53.66 110.79 165.33 227.73 286.49 364.26 396.37 391.35 384.88 357.34 385.02 386.64
339.96 279.28 219.58 187.85 150.86 104.57 65.06 61.25 13.24 2.92 3.52 14.95 55.07 118.80 177.96 248.85 323.74 419.73 439.60 399.55 382.03 345.87 353.37 330.72
276.03 221.45 173.80 153.26 128.75 93.53 56.46 50.93 12.76 2.96 2.62 10.19 40.12 88.55 133.04 188.03 249.69 326.74 336.76 294.92 279.07 252.27 252.96 229.62
187.22 148.50 119.45 113.17 104.05 81.65 45.05 35.51 11.33 3.92 2.99 6.28 21.61 47.00 70.69 100.95 136.26 179.14 185.75 166.93 158.90 147.84 152.14 142.23
118.33 95.68 84.14 91.18 94.24 81.47 41.07 22.27 11.83 8.62 7.19 7.48 13.47 24.00 34.31 48.02 65.57 87.81 97.23 102.07 97.79 94.58 102.67 103.47
91.25 77.39 79.08 101.18 114.82 104.87 53.25 19.78 19.34 21.45 18.91 16.76 19.03 23.57 27.81 33.49 43.09 59.12 73.82 93.07 87.44 82.92 89.60 92.34
84.62 74.89 87.47 126.70 150.51 137.64 72.82 26.96 33.69 42.77 40.12 36.33 36.86 37.64 37.57 38.65 44.67 59.63 80.96 109.28 101.48 90.68 89.59 86.40
78.53 71.60 91.03 139.38 166.31 149.24 80.76 36.47 49.07 65.30 67.26 66.22 66.25 62.75 59.02 59.53 68.35 87.57 119.21 155.36 144.55 122.17 106.31 90.58
77.81 71.83 92.19 134.90 153.96 135.33 75.45 47.78 63.00 81.68 93.66 102.67 105.21 98.87 93.35 96.72 112.51 139.49 181.03 220.27 204.48 168.78 136.50 106.59
87.05 81.12 101.31 132.73 140.81 123.07 74.06 65.98 78.53 93.81 117.04 139.76 147.24 140.16 132.24 134.09 147.64 172.41 211.36 243.42 224.83 185.99 147.97 112.62
91.12 86.98 108.72 132.79 135.35 119.91 78.92 82.87 90.29 102.56 133.52 164.87 175.74 168.27 155.71 149.37 147.99 155.50 177.30 195.83 180.40 152.22 122.78 94.34
77.29 75.60 95.50 113.44 114.79 103.25 71.92 79.12 83.52 97.18 129.95 159.93 170.43 163.57 149.41 138.80 126.61 118.36 125.83 137.35 128.75 113.45 95.10 75.90
62.55 59.29 70.38 78.99 77.90 69.81 48.82 53.50 57.72 73.15 102.18 124.52 132.67 128.92 119.96 115.25 107.63 100.23 114.05 134.52 133.01 122.84 108.62 92.76
78.24 67.41 65.50 62.20 54.38 45.74 27.73 26.80 31.47 43.91 65.53 79.72 85.31 85.28 84.14 89.22 93.78 99.64 139.15 181.04 185.70 174.26 161.92 149.35
135.59 114.36 98.45 81.78 62.81 48.59 22.60 14.53 18.92 23.56 36.19 43.81 46.80 48.51 52.41 63.59 76.69 95.10 160.92 222.32 231.40 219.95 216.54 216.17
212.42 183.56 155.66 126.49 95.37 73.06 31.94 15.35 18.25 14.28 19.36 22.54 23.56 25.29 30.52 42.48 56.95 78.70 150.97 215.15 226.95 224.59 239.76 259.52
271.59 244.03 212.70 178.71 140.54 111.30 51.81 24.35 26.06 17.23 18.86 20.83 21.90 24.29 30.38 42.31 55.40 72.19 129.59 180.05 193.12 206.94 242.25 279.76
303.36 286.33 262.98 235.51 197.27 163.16 83.81 51.78 63.14 56.68 61.02 67.47 72.53 79.10 91.04 111.64 130.43 139.77 179.01 215.99 227.06 246.31 283.22 322.26
343.61 334.51 320.69 304.06 267.22 228.39 136.00 141.41 195.85 200.99 216.86 238.39 253.39 268.17 293.66 339.23 377.93 375.48 398.39 429.98 431.13 427.72 427.37 442.75
443.17 426.17 410.77 400.34 360.18 316.62 232.55 362.47 505.11 525.02 558.65 605.96 632.59 650.89 688.48 767.08 831.11 800.27 789.10 808.56 786.32 735.87 663.55 636.17
603.14 563.80 535.99 528.39 481.38 435.78 387.02 711.99 949.58 968.11 1009.69 1077.12 1102.42 1104.27 1134.16 1228.36 1299.52 1223.82 1159.49 1148.56 1089.59 991.12 852.09 785.87
724.75 661.69 621.91 622.02 574.66 533.18 531.77 1003.11 1268.25 1258.53 1283.69 1344.16 1347.32 1315.16 1316.01 1393.54 1443.60 1337.04 1240.87 1196.07 1102.41 983.38 830.75 755.10
687.11 611.52 569.18 582.16 548.72 518.27 547.46 996.22 1195.68 1153.51 1150.03 1180.82 1158.16 1102.32 1077.53 1121.49 1141.46 1045.99 966.27 908.80 808.26 708.18 598.57 544.79
491.27 422.01 387.68 408.46 395.74 378.92 408.65 694.79 793.51 745.37 726.74 731.48 701.04 649.57 620.86 637.80 640.07 583.68 543.53 499.90 426.95 367.72 314.76 290.37
259.83 213.33 192.83 210.76 211.08 204.56 220.38 340.84 371.41 341.73 326.47 322.11 300.47 268.99 250.69 254.80 252.54 230.24 219.51 199.73 164.89 140.43 123.22 117.07
105.08 82.82 74.72 85.31 86.95 84.93 90.00 119.89 124.96 114.24 107.43 103.86 93.39 79.35 71.96 72.78 70.70 65.67 71.65 72.96 65.19 59.35 57.30 59.84
57.04 47.17 44.95 50.13 45.64 42.46 40.15 38.28 36.95 33.06 30.44 28.21 23.56 18.49 17.03 18.05 16.85 20.33 45.79 72.86 85.53 91.36 99.45 110.81
107.56 95.40 90.22 90.26 72.42 61.87 48.44 39.31 34.91 26.84 22.69 17.90 11.99 7.83 7.11 8.14 8.19 20.05 80.32 152.51 193.69 216.41 238.98 263.03
246.94 219.40 200.92 192.01 150.70 125.98 96.16 93.85 86.96 66.43 55.08 41.39 25.66 14.63 9.93 9.32 10.32 31.98 141.07 274.26 349.73 392.19 425.38 457.38
417.14 368.16 330.32 309.49 240.10 198.76 154.82 174.11 169.38 134.54 113.54 86.83 54.47 30.02 17.45 13.53 14.42 43.64 195.18 373.89 465.21 510.65 533.99 560.93
504.30 444.70 394.95 363.57 276.33 225.21 178.32 220.26 226.74 189.06 165.53 131.78 85.32 46.07 23.85 16.21 16.44 46.00 205.20 383.21 459.66 484.28 482.94 504.82
461.50 412.83 367.62 328.77 238.94 188.55 148.80 194.36 217.52 193.85 180.04 152.39 103.76 55.50 25.79 16.08 16.16 37.73 162.46 298.99 349.87 351.00 334.83 366.94
357.98 330.95 299.57 256.36 170.65 126.05 96.02 128.42 162.71 157.34 156.58 142.15 104.21 58.09 27.96 20.03 20.91 31.13 104.34 189.05 222.19 214.52 199.25 241.85
257.50 246.05 226.81 186.30 111.26 74.94 53.99 73.87 109.38 113.82 118.70 114.56 93.96 60.39 38.01 35.91 37.86 39.46 76.93 123.94 145.77 141.50 129.78 161.39
176.36 169.15 156.40 127.29 74.37 49.86 36.34 52.71 90.51 97.35 99.11 97.02 89.11 68.99 56.27 60.88 63.62 63.11 97.75 134.44 152.46 158.98 145.15 149.72
147.00 134.28 120.98 103.50 72.88 58.24 46.29 64.52 120.15 128.07 119.78 108.64 98.65 83.88 76.87 86.49 90.85 94.58 151.20 203.52 230.31 250.38 229.53 210.16
187.71 163.76 143.60 129.22 106.42 93.57 76.36 96.39 185.45 196.68 175.84 147.60 123.11 106.62 101.94 115.80 123.22 129.35 199.39 268.31 307.38 330.31 302.59 273.99
241.41 209.67 183.64 165.84 139.33 123.39 101.83 122.42 238.32 254.98 229.61 189.87 153.56 135.90 133.14 151.54 162.16 162.43 214.24 275.34 314.18 318.60 286.84 262.46
233.56 205.47 182.37 163.32 135.27 117.93 99.11 118.59 228.76 246.67 228.24 192.59 158.63 144.91 144.87 166.14 179.48 174.82 196.61 231.56 256.57 231.66 197.29 180.57
162.78 146.56 133.79 120.56 100.71 85.32 71.97 86.54 161.34 172.10 162.15 139.81 118.05 110.68 113.06 132.76 147.31 147.64 156.02 169.33 178.72 136.79 103.23 91.65
82.97 77.45 74.62 71.10 64.89 53.36 42.29 47.94 84.71 86.87 81.05 70.15 59.80 56.90 60.02 74.09 86.30 94.49 104.91 109.64 109.61 72.83 47.45 39.43
33.22 32.24 34.21 37.89 41.87 34.59 23.80 20.35 34.43 34.42 31.26 26.22 21.48 20.07 22.20 29.82 37.17 48.47 64.89 69.49 67.53 49.55 38.78 31.50
19.08 15.62 17.16 22.32 28.86 24.84 15.76 7.35 13.78 17.83 17.83 13.89 9.27 7.03 7.39 10.45 13.90 26.09 51.79 62.14 65.26 70.71 78.71 64.28
34.80 21.13 17.59 18.73 21.28 18.56 12.81 3.99 11.24 21.35 23.94 18.27 10.73 6.42 5.17 6.32 8.70 23.24 63.97 88.22 102.89 132.11 159.45 128.98
75.02 45.64 33.32 27.03 21.09 16.77 13.32 5.60 17.65 30.63 33.21 25.45 15.37 9.28 6.96 8.27 12.26 31.25 91.39 136.39 163.46 205.38 241.70 195.46
124.82 83.20 62.05 48.63 31.93 23.02 19.03 11.16 31.71 41.58 40.18 31.00 20.21 12.98 9.59 11.82 18.84 43.85 121.26 181.46 209.88 242.32 271.34 221.82
156.31 114.62 89.48 72.93 47.73 34.13 28.44 19.31 51.19 55.27 48.19 38.02 26.93 18.17 13.02 15.37 24.02 52.16 132.52 189.02 203.92 213.80 229.36 191.11
147.28 116.53 94.17 79.45 53.36 39.26 33.79 25.14 63.69 65.52 57.68 49.30 37.97 27.49 20.66 21.89 27.95 48.98 111.03 148.38 147.41 141.09 148.03 126.98
105.32 88.98 74.10 63.58 44.07 34.32 32.36 28.07 63.70 70.35 72.80 73.39 62.59 50.15 41.92 41.47 40.29 41.85 73.28 91.41 85.02 75.42 79.55 72.95
65.01 61.42 54.86 47.36 34.40 29.93 34.43 37.06 66.04 82.20 104.99 121.87 110.84 93.86 81.63 78.13 67.34 44.62 49.19 57.08 54.34 47.18 50.79 53.01
50.84 56.69 56.13 49.04 36.67 34.86 46.35 54.10 76.98 99.43 141.54 174.10 161.68 138.44 119.04 110.33 92.22 54.67 45.92 50.96 52.70 47.28 50.12 56.33
55.79 66.18 67.49 59.98 45.32 43.55 56.95 63.07 77.76 97.83 143.63 179.85 167.75 143.19 120.07 107.53 89.11 56.48 49.72 55.24 58.27 53.69 55.49 62.07
61.37 70.46 69.81 63.59 50.10 47.48 54.58 51.95 57.19 70.09 101.66 127.22 118.43 100.45 82.32 71.52 59.31 47.71 56.06 64.63 66.22 61.76 62.18 65.31
61.65 65.19 61.56 58.69 49.83 45.64 43.25 30.94 30.43 38.28 51.06 61.88 56.81 47.68 38.60 33.00 28.26 40.99 72.25 86.90 85.79 79.11 76.68 72.60
62.36 58.75 53.80 54.71 48.81 41.23 32.64 15.30 14.05 20.56 21.75 23.40 20.35 16.64 13.74 12.08 11.71 40.15 91.21 112.58 109.43 99.55 94.85 84.12
67.47 57.70 53.21 56.00 48.20 36.42 26.36 8.51 8.59 14.70 11.94 10.84 8.97 7.58 7.06 6.93 6.96 36.61 92.68 117.38 115.26 105.44 102.80 90.95
72.45 59.25 55.43 57.15 44.82 31.17 22.96 7.22 7.61 12.12 9.08 8.27 7.99 8.17 8.50 8.81 6.78 26.53 71.17 93.50 94.88 89.12 91.39 83.84
69.18 56.84 53.79 53.91 40.01 28.27 23.04 9.33 7.19 9.35 7.26 7.06 8.01 9.33 10.08 10.62 6.80 14.88 41.25 56.65 60.23 59.03 65.22 65.56
60.41 54.91 54.85 56.37 46.16 37.68 33.38 16.22 7.07 7.59 6.84 6.39 6.89 7.96 8.58 9.25 5.62 7.55 20.57 29.58 33.41 35.34 45.39 56.89
65.72 71.74 77.89 84.32 78.42 70.35 61.87 31.14 10.72 12.19 13.12 11.13 8.49 7.17 6.67 7.00 4.61 6.71 16.78 24.87 30.02 35.16 52.56 78.14
102.08 119.40 132.07 142.65 135.27 124.83 107.73 56.32 25.46 32.74 37.64 32.09 21.29 13.99 10.24 8.60 5.56 10.04 24.37 36.25 44.54 53.72 81.20 120.54
155.93 178.98 194.41 202.99 187.67 179.36 155.86 88.37 56.13 73.45 87.86 77.55 52.02 34.19 23.91 16.80 8.39 12.19 29.58 43.98 53.95 65.73 99.23 145.42
184.02 206.51 222.72 224.44 200.78 203.36 181.71 113.05 90.20 115.09 142.99 130.57 90.07 61.81 44.05 28.95 11.44 10.01 24.43 36.23 43.92 55.17 86.79 131.26
166.43 187.82 207.95 203.98 174.71 184.53 168.62 111.14 99.41 122.59 157.54 148.16 105.13 75.55 55.58 36.09 12.63 6.31 16.12 23.30 26.61 35.24 61.40 101.66
133.97 158.67 184.40 177.41 142.37 142.07 127.11 81.52 73.81 88.22 116.78 112.81 82.66 62.56 47.91 31.89 10.96 5.36 16.21 21.87 21.18 25.37 44.94 79.79
111.05 140.65 168.39 161.54 123.77 105.82 88.06 48.25 37.36 43.94 60.18 60.28 46.38 37.07 29.45 20.71 7.54 7.41 25.45 33.19 29.32 27.01 37.56 62.55
90.33 121.70 148.04 146.93 115.57 89.78 71.56 32.79 14.72 17.82 26.15 28.27 23.35 18.33 13.87 10.38 4.20 9.57 33.31 42.68 36.76 29.27 31.92 46.30
68.86 99.54 125.90 135.03 115.39 91.96 75.88 36.43 8.17 9.08 14.34 17.11 14.68 9.63 5.50 4.19 2.04 9.83 31.20 38.51 32.38 24.55 24.71 33.46
52.71 82.90 113.16 134.02 124.32 105.95 92.33 52.27 10.41 6.71 9.67 12.16 10.51 5.98 2.49 1.87 1.44 8.70 22.03 25.02 20.27 15.51 16.64 24.20
42.49 72.36 107.56 139.11 136.42 123.29 112.43 72.67 16.06 6.09 6.52 8.36 7.48 4.67 2.49 2.10 2.04 7.39 13.46 13.52 10.94 9.19 11.05 18.98
36.09 62.97 97.64 133.20 135.39 127.98 121.09 84.32 20.19 7.18 6.35 7.67 6.88 5.11 3.65 3.27 2.94 6.43 9.49 9.88 9.77 9.57 10.94 19.57
33.79 53.92 80.10 109.34 113.68 111.23 109.32 79.48 19.99 10.49 10.27 11.12 9.21 6.68 4.77 4.14 3.32 6.27 10.66 13.77 15.87 15.79 15.47 24.18
35.90 50.32 67.43 87.04 91.17 90.85 93.17 70.25 18.69 16.22 17.85 18.21 14.87 10.67 7.56 6.05 4.14 8.15 16.04 21.19 23.61 22.33 19.58 26.54
38.39 53.63 70.06 86.56 89.66 88.46 92.77 72.68 22.07 24.50 29.85 30.54 28.32 24.28 20.06 15.74 9.12 13.15 22.74 26.37 26.31 23.48 19.79 24.51
39.20 62.48 88.08 109.87 112.37 109.07 114.10 94.44 36.20 40.31 53.87 56.46 59.90 59.01 53.33 42.05 22.59 20.49 26.04 25.26 22.67 21.59 23.29 29.67
50.29 87.03 127.31 158.69 162.05 156.85 162.95 142.47 68.64 74.95 100.67 104.49 113.08 113.29 103.36 81.61 42.68 27.79 24.12 19.61 19.20 30.50 53.29 70.30
101.72 156.82 210.93 247.31 250.12 240.83 246.01 217.74 127.23 143.23 176.39 173.40 173.71 162.67 142.81 112.65 59.21 33.28 21.47 16.63 25.44 66.79 136.45 174.76
221.93 300.60 360.73 384.03 376.93 357.07 355.55 306.15 216.52 262.00 289.19 265.19 236.01 195.54 156.81 121.16 64.76 36.36 22.55 20.74 42.97 124.27 253.98 315.64
379.83 482.66 537.61 527.08 498.85 462.39 451.15 376.58 319.40 417.88 431.70 381.61 315.87 238.69 172.21 124.30 64.69 37.37 27.13 29.86 61.66 163.19 321.02 394.15
483.13 608.35 657.61 615.43 561.48 499.61 480.21 402.30 402.36 550.28 562.42 506.14 425.48 328.15 235.88 162.85 79.52 42.80 37.77 44.03 73.99 155.30 283.75 359.10
509.44 676.86 745.42 699.00 611.88 496.21 462.66 412.83 481.27 640.57 672.21 643.35 581.98 493.90 390.29 283.62 139.87 67.84 61.58 65.36 81.22 120.01 196.64 281.78
533.39 774.74 891.98 863.40 732.10 533.08 471.72 455.89 586.70 719.70 776.63 791.97 769.32 709.85 608.76 468.29 240.08 113.39 93.08 84.28 80.28 88.40 137.09 238.31
554.29 839.62 988.44 976.74 819.12 569.19 485.95 483.47 629.66 720.06 785.41 833.42 847.44 819.75 731.03 575.52 303.80 150.98 115.01 89.79 68.97 69.28 116.26 218.39
489.04 722.05 842.23 834.28 698.42 486.09 412.81 408.11 504.76 551.40 604.53 661.13 697.43 696.57 631.43 498.19 275.26 165.71 132.96 97.40 62.66 59.53 103.25 181.33
338.11 462.40 519.90 508.02 423.49 300.52 259.20 254.34 287.19 302.09 336.67 384.54 426.33 443.64 407.78 322.73 202.32 182.55 174.71 133.97 80.84 60.48 84.27 126.18
187.69 229.47 242.34 230.24 189.89 137.83 121.21 118.54 120.97 122.55 142.87 175.96 211.13 235.46 223.37 184.56 150.42 211.52 232.85 187.33 115.27 71.86 70.59 82.90
97.32 104.89 103.27 96.67 80.47 60.13 51.09 45.93 44.95 44.18 54.49 73.66 98.02 120.35 122.84 115.08 125.55 221.71 255.35 206.88 130.20 78.31 63.96 62.66
63.35 64.15 62.18 60.89 53.71 41.79 32.11 22.25 24.33 23.62 26.67 37.00 53.77 71.80 82.01 89.68 111.14 194.11 217.75 172.39 109.84 68.76 56.64 56.69
62.00 67.64 67.55 66.90 59.69 47.44 36.99 25.06 31.45 33.74 32.92 42.11 58.23 73.51 85.35 94.35 108.81 158.93 166.26 131.35 88.34 62.64 58.80 69.15
90.59 108.33 107.80 101.69 88.37 71.23 61.01 50.10 67.45 88.50 92.85 115.00 141.47 155.03 163.00 162.29 165.13 192.82 192.13 169.45 129.12 102.73 99.53 118.37
160.00 192.66 186.32 169.19 146.50 121.82 112.91 106.08 148.21 226.28 258.18 321.39 379.23 393.59 395.83 375.87 363.17 382.06 379.26 363.16 291.30 233.94 211.01 216.74
267.04 307.03 289.43 259.66 227.68 196.30 190.69 189.54 262.75 435.23 519.73 650.31 760.38 783.14 780.99 726.21 681.18 685.64 677.69 663.92 540.69 435.00 376.03 338.61
373.10 404.95 378.86 342.68 302.66 266.56 263.75 263.93 341.80 583.26 714.33 896.30 1049.12 1089.16 1084.43 979.92 883.87 856.95 838.39 828.74 685.16 559.70 483.01 412.02
424.58 444.26 423.44 390.73 342.44 300.25 294.56 289.40 324.18 535.86 668.92 844.74 997.42 1053.83 1048.55 907.54 773.22 715.60 688.19 684.96 579.63 489.88 441.77 395.62
416.08 442.63 441.04 414.02 354.85 301.74 286.45 274.66 244.18 343.35 437.43 567.27 686.83 747.74 744.11 606.87 475.73 410.45 383.90 387.08 344.03 314.97 320.28 337.37
393.16 445.53 463.73 434.01 361.48 296.54 271.96 256.79 176.34 166.62 219.38 319.21 419.41 480.99 480.91 369.49 258.24 199.89 178.44 184.99 183.07 196.79 240.10 300.16
380.46 450.52 473.72 433.98 352.27 284.29 259.19 244.57 141.61 80.76 120.75 249.59 389.34 474.76 484.56 379.91 250.63 181.17 148.51 145.40 149.52 173.38 222.46 282.60
356.33 418.77 432.50 390.86 313.69 253.13 233.42 220.22 118.90 59.05 118.02 330.76 567.96 713.26 749.27 630.16 434.98 321.88 247.21 211.29 191.11 196.96 225.89 258.89
306.58 345.73 349.15 323.39 264.34 212.85 194.02 178.47 96.15 65.25 154.47 436.73 752.29 954.48 1027.09 913.18 668.93 514.69 388.01 308.81 249.87 224.89 227.47 231.78
253.63 270.79 269.19 263.78 225.13 181.17 160.40 143.89 89.01 102.53 221.21 499.82 798.16 990.80 1067.44 976.60 752.04 604.00 459.66 363.64 278.21 233.11 227.58 226.17
239.31 246.55 242.84 246.60 220.69 185.76 170.54 165.19 131.89 207.14 382.71 625.31 839.76 949.50 959.74 837.40 647.13 532.81 415.52 350.19 273.40 239.89 260.63 290.34
321.89 333.81 329.47 333.73 310.03 280.83 275.24 289.01 247.23 398.11 686.03 927.34 1071.67 1085.70 988.97 749.08 524.75 411.43 329.93 319.07 288.46 300.82 374.56 457.83
522.09 541.72 533.26 535.16 505.15 472.89 468.09 489.40 397.57 614.71 1027.62 1294.24 1409.63 1370.09 1192.39 816.05 501.77 351.11 288.24 317.30 344.58 408.40 525.52 644.01
724.88 741.42 722.07 716.90 678.84 642.42 628.44 634.50 482.67 730.42 1188.81 1462.00 1572.21 1524.60 1321.23 881.17 507.46 335.24 283.03 321.32 377.18 455.73 571.83 680.15
749.24 757.14 730.52 716.33 677.15 645.23 622.94 604.98 434.12 660.53 1042.50 1280.36 1386.43 1351.21 1169.86 779.66 440.56 299.82 263.42 287.47 328.45 376.75 451.88 519.00
562.95 568.19 546.98 530.39 499.86 479.09 457.32 429.86 293.53 449.59 685.05 849.62 935.78 917.42 792.03 531.66 304.93 229.01 210.33 214.67 225.55 234.23 263.29 289.83
311.22 316.91 306.47 295.07 278.22 269.37 257.14 239.24 157.12 230.42 336.43 420.59 474.09 471.59 409.93 279.88 167.71 143.91 136.54 130.28 125.80 117.26 121.65 127.01
135.20 139.59 136.57 132.37 127.27 128.29 128.99 127.05 83.14 99.15 135.26 165.79 190.54 196.97 177.17 124.97 78.49 75.17 72.63 67.54 65.48 61.87 64.72 69.38
75.92 80.27 81.91 84.08 83.81 89.45 99.41 109.42 79.26 69.09 85.59 99.52 108.55 114.14 105.25 79.42 53.87 52.33 51.91 53.78 62.76 74.52 91.95 112.37
128.66 137.59 145.34 155.63 153.01 157.62 172.34 189.17 150.26 145.47 179.86 212.50 217.10 212.43 186.40 150.55 109.75 100.77 96.85 100.80 120.27 150.61 196.39 249.29
286.52 305.65 324.67 350.03 345.88 353.12 375.32 396.21 316.92 371.80 469.75 556.84 558.59 528.30 454.89 377.11 274.51 244.35 223.43 213.18 232.42 275.50 355.89 451.34
515.81 548.39 584.39 633.91 639.95 664.93 700.71 719.40 564.10 721.74 928.59 1103.86 1091.41 1008.97 855.08 709.99 512.75 452.19 407.69 375.31 387.69 434.29 539.02 665.54
749.90 790.32 843.27 919.74 943.92 993.35 1034.30 1031.23 791.41 989.76 1296.46 1568.43 1530.01 1376.34 1127.72 915.77 659.13 584.76 537.67 507.97 530.43 584.93 697.57 828.11
911.98 944.08 1003.81 1095.13 1125.91 1179.07 1198.27 1147.12 859.12 963.73 1278.02 1590.59 1534.41 1336.01 1037.51 805.36 582.45 528.15 507.80 511.37 561.41 631.99 741.00 853.76
916.95 927.07 977.31 1059.02 1078.10 1105.08 1086.74 987.58 713.64 683.05 902.06 1154.67 1106.22 932.81 680.65 501.83 379.64 363.02 368.53 394.92 453.61 524.54 616.90 703.21
741.50 734.49 765.25 819.56 821.91 813.67 771.46 662.09 453.67 365.50 471.15 613.74 589.24 489.26 345.22 258.82 235.57 248.70 257.17 274.94 310.04 355.36 422.97 490.27
520.75 515.89 531.53 562.56 551.14 514.59 465.06 377.16 242.78 172.83 227.30 297.54 292.14 252.12 191.66 177.65 215.60 240.53 238.51 245.00 257.31 275.56 330.82 401.16
445.64 455.12 466.86 491.42 466.28 406.43 347.85 276.03 178.53 142.73 225.35 295.74 297.49 272.17 227.11 244.93 314.33 335.20 315.85 327.74 339.92 345.33 406.02 493.41
553.49 568.18 578.58 604.70 566.59 491.85 421.11 348.83 248.50 236.92 399.71 526.92 537.76 500.52 424.65 448.57 535.16 539.50 485.49 495.46 510.00 504.27 567.31 659.21
719.24 721.51 721.80 741.27 695.87 623.09 546.94 472.29 374.17 389.79 635.86 844.06 891.16 857.05 755.00 769.44 841.17 808.34 701.52 682.74 685.38 668.66 718.39 793.17
848.75 839.63 825.49 826.46 774.85 707.67 624.71 547.29 486.98 547.85 850.04 1134.45 1249.25 1249.30 1152.01 1136.97 1128.75 1022.40 862.52 806.84 796.94 785.15 816.91 868.16
929.24 926.87 907.30 887.52 819.61 739.22 637.13 548.53 537.23 648.11 974.42 1296.71 1466.22 1499.39 1420.81 1362.60 1232.46 1034.58 845.92 771.68 759.61 763.95 783.76 817.39
882.22 895.06 882.57 853.27 769.46 670.34 556.65 461.89 475.21 605.97 901.73 1186.16 1347.75 1382.58 1320.00 1234.47 1027.94 788.54 616.63 549.64 540.13 552.37 565.49 587.76
640.96 662.47 664.27 644.78 570.10 479.98 387.17 310.21 321.72 430.06 636.76 824.58 930.54 949.86 905.79 827.96 638.15 441.09 321.93 276.20 268.05 276.45 284.65 299.29
333.43 355.90 370.84 370.70 325.97 269.42 216.93 172.42 172.41 241.49 357.06 461.16 521.35 536.73 516.49 465.07 332.22 203.56 132.20 103.15 93.98 95.25 99.02 107.75
126.89 145.59 164.75 176.16 157.94 132.05 110.89 91.83 82.78 120.82 186.83 257.48 310.29 342.72 348.02 320.33 219.20 118.81 66.12 42.09 30.63 26.67 26.64 30.37
39.85 51.89 66.94 79.37 76.21 68.27 61.84 53.88 41.10 61.17 108.57 177.49 249.74 312.21 341.40 327.52 223.61 110.20 56.92 32.62 19.69 12.88 9.82 10.35
14.38 20.83 31.86 44.56 51.95 55.26 54.13 46.46 29.17 41.78 85.74 165.32 265.49 354.58 396.70 377.30 249.51 115.39 57.92 35.23 23.32 15.83 11.65 12.96
17.12 23.36 37.10 56.18 73.16 84.27 85.13 73.29 43.27 52.99 108.75 209.14 335.27 435.23 472.18 424.43 260.24 116.41 54.64 35.86 28.47 24.56 25.48 35.54
48.18 61.82 85.01 114.27 134.08 144.87 146.07 133.32 81.84 79.26 153.92 273.77 410.07 502.32 522.77 446.27 253.73 112.49 48.42 34.57 36.43 43.81 60.37 89.96
119.77 145.27 177.12 212.00 221.61 220.11 218.98 211.55 135.26 101.10 180.15 293.65 407.13 472.67 475.28 395.88 216.91 98.86 45.74 41.69 58.60 85.27 125.05 178.48
225.48 255.94 281.94 307.64 296.94 277.32 270.68 268.64 175.16 106.42 168.06 246.16 311.12 339.13 326.96 267.49 146.74 74.57 48.41 59.76 93.61 139.78 197.68 263.82
315.68 336.65 338.64 339.57 308.92 276.36 263.69 261.54 170.84 92.41 131.57 171.04 192.17 190.18 170.11 133.16 75.57 49.21 50.01 74.14 118.25 171.74 230.31 289.99
334.09 342.02 321.65 300.43 261.33 226.34 210.99 205.76 133.70 70.63 99.57 116.02 112.57 96.54 76.68 52.89 31.86 32.29 50.33 83.66 135.14 183.43 227.61 271.21
307.07 314.30 292.88 269.16 233.54 200.74 184.67 175.77 114.36 66.69 105.45 112.11 92.87 69.14 50.24 25.95 15.58 29.40 65.70 119.80 197.96 244.07 270.54 299.66
334.28 353.02 347.46 336.01 300.60 260.56 237.61 219.75 141.25 92.19 160.17 163.40 126.92 90.29 64.35 27.14 14.72 38.65 100.08 189.80 317.57 372.88 384.77 400.75
443.45 473.84 487.18 489.86 439.76 376.91 335.49 299.21 184.23 123.60 225.09 229.06 177.72 124.11 84.36 33.87 17.79 45.86 120.61 230.53 388.23 452.97 458.51 464.89
546.34 581.93 610.48 623.30 551.99 462.34 397.22 339.08 197.09 132.58 253.78 261.39 204.17 138.08 86.54 34.14 18.13 40.08 101.31 192.79 327.43 389.58 400.66 408.44
583.79 620.58 657.89 675.66 591.28 485.86 404.74 332.59 184.03 125.20 251.56 262.37 205.46 134.44 77.81 30.46 16.51 29.77 69.66 130.89 225.09 278.57 298.34 313.28
