0.00 0.00 0.00 0.00 0.00 0.00 0.00 32.63 250.95 499.11 694.84 808.46 811.88 723.46 551.75 336.38 87.98 0.00 0.00 0.00 0.00 0.00 0.00 0.00
0.00 0.00 0.00 0.00 0.00 0.00 0.00 33.08 256.29 511.98 711.33 825.87 829.31 736.79 564.07 342.32 89.58 0.00 0.00 0.00 0.00 0.00 0.00 0.00
0.00 0.00 0.00 0.00 0.00 0.00 0.00 33.92 263.68 528.97 733.65 850.25 855.23 756.56 582.99 352.41 93.78 0.00 0.00 0.00 0.00 0.00 0.00 0.00
0.00 0.00 0.00 0.00 0.00 0.00 0.00 35.21 271.71 544.90 755.07 875.78 884.31 780.92 605.66 366.88 101.68 0.00 0.00 0.00 0.00 0.00 0.00 0.00
0.00 0.00 0.00 0.00 0.00 0.00 0.00 36.75 280.49 559.80 775.03 901.60 913.85 809.30 629.81 384.15 111.70 0.00 0.00 0.00 0.00 0.00 0.00 0.00
0.00 0.00 0.00 0.00 0.00 0.00 0.00 37.83 287.64 571.66 790.77 922.57 936.07 833.49 648.60 398.16 119.79 0.00 0.00 0.00 0.00 0.00 0.00 0.00
0.00 0.00 0.00 0.00 0.00 0.00 0.00 37.81 289.35 575.57 796.27 930.24 942.54 843.25 655.53 403.75 123.55 0.00 0.00 0.00 0.00 0.00 0.00 0.00
0.00 0.00 0.00 0.00 0.00 0.00 0.00 36.83 285.19 569.62 789.61 922.76 933.74 836.49 650.37 401.44 124.25 0.00 0.00 0.00 0.00 0.00 0.00 0.00
0.00 0.00 0.00 0.00 0.00 0.00 0.00 35.73 277.81 555.82 773.38 904.71 915.25 817.35 635.69 393.92 123.86 0.00 0.00 0.00 0.00 0.00 0.00 0.00
0.00 0.00 0.00 0.00 0.00 0.00 0.00 34.90 267.24 533.86 746.09 874.93 885.07 786.58 610.65 380.20 121.86 0.00 0.00 0.00 0.00 0.00 0.00 0.00
0.00 0.00 0.00 0.00 0.00 0.00 0.00 33.73 250.08 499.24 700.62 824.28 832.41 738.18 571.59 356.35 116.34 0.00 0.00 0.00 0.00 0.00 0.00 0.00
0.00 0.00 0.00 0.00 0.00 0.00 0.00 31.55 225.40 452.03 636.74 752.08 754.46 669.09 518.55 322.25 107.52 0.00 0.00 0.00 0.00 0.00 0.00 0.00
0.00 0.00 0.00 0.00 0.00 0.00 0.00 28.88 199.91 405.39 572.74 679.24 673.24 595.08 464.05 287.66 99.69 0.00 0.00 0.00 0.00 0.00 0.00 0.00
0.00 0.00 0.00 0.00 0.00 0.00 0.00 27.28 184.82 379.00 536.42 636.44 624.92 549.68 431.83 268.13 98.41 0.00 0.00 0.00 0.00 0.00 0.00 0.00
0.00 0.00 0.00 0.00 0.00 0.00 0.00 27.69 186.55 382.88 542.63 640.21 629.94 556.72 438.44 272.72 105.55 0.00 0.00 0.00 0.00 0.00 0.00 0.00
0.00 0.00 0.00 0.00 0.00 0.00 0.00 29.85 203.42 413.23 585.79 686.47 683.47 610.80 480.36 299.86 118.98 0.00 0.00 0.00 0.00 0.00 0.00 0.00
0.00 0.00 0.00 0.00 0.00 0.00 0.00 33.01 229.21 458.82 648.75 758.03 764.34 685.95 539.40 340.27 134.48 0.00 0.00 0.00 0.00 0.00 0.00 0.00
0.00 0.00 0.00 0.00 0.00 0.00 0.00 36.35 255.33 504.22 709.97 829.62 842.04 752.72 592.97 378.35 146.47 0.00 0.00 0.00 0.00 0.00 0.00 0.00
0.00 0.00 0.00 0.00 0.00 0.00 0.00 38.90 273.46 535.85 752.45 880.72 892.58 794.31 626.58 401.75 152.07 0.00 0.00 0.00 0.00 0.00 0.00 0.00
0.00 0.00 0.00 0.00 0.00 0.00 0.00 40.20 281.46 551.38 774.88 909.74 914.33 813.63 642.30 412.14 154.28 0.00 0.00 0.00 0.00 0.00 0.00 0.00
0.00 0.00 0.00 0.00 0.00 0.00 0.00 41.19 286.30 562.07 792.12 931.44 925.59 826.96 654.62 422.10 159.19 0.00 0.00 0.00 0.00 0.00 0.00 0.00
0.00 0.00 0.00 0.00 0.00 0.00 0.00 43.10 295.01 577.64 814.50 955.21 942.76 847.08 674.34 439.83 169.33 0.00 0.00 0.00 0.00 0.00 0.00 0.00
0.00 0.00 0.00 0.00 0.00 0.00 0.00 45.27 303.32 590.24 830.19 969.44 960.24 868.44 694.87 458.17 179.93 0.00 0.00 0.00 0.00 0.00 0.00 0.00
0.00 0.00 0.00 0.00 0.00 0.00 0.00 46.26 303.61 589.25 827.06 964.09 965.52 879.46 704.63 466.29 185.37 0.02 0.00 0.00 0.00 0.00 0.00 0.00
0.00 0.00 0.00 0.00 0.00 0.00 0.00 46.84 300.63 584.46 820.51 956.74 967.72 886.87 709.61 468.93 188.13 0.15 0.00 0.00 0.00 0.00 0.00 0.00
0.00 0.00 0.00 0.00 0.00 0.00 0.00 49.16 305.49 593.14 832.96 970.58 985.67 907.07 725.24 479.47 194.51 0.78 0.00 0.00 0.00 0.00 0.00 0.00
0.00 0.00 0.00 0.00 0.00 0.00 0.00 53.25 318.58 613.94 860.85 1000.96 1016.08 938.42 751.37 498.71 204.85 2.58 0.00 0.00 0.00 0.00 0.00 0.00
0.00 0.00 0.00 0.00 0.00 0.00 0.00 57.18 331.10 632.05 883.63 1025.05 1037.47 962.39 772.69 514.59 213.83 5.72 0.00 0.00 0.00 0.00 0.00 0.00
0.00 0.00 0.00 0.00 0.00 0.00 0.00 59.52 335.00 635.04 884.76 1023.85 1029.80 960.25 772.28 513.80 215.50 8.60 0.00 0.00 0.00 0.00 0.00 0.00
0.00 0.00 0.00 0.00 0.00 0.00 0.00 59.91 325.33 615.52 855.70 987.89 981.09 921.16 739.82 489.58 207.07 9.30 0.00 0.00 0.00 0.00 0.00 0.00
0.00 0.00 0.00 0.00 0.00 0.00 0.00 59.38 307.61 582.90 809.97 933.32 908.80 858.34 687.00 453.09 194.34 8.76 0.00 0.00 0.00 0.00 0.00 0.00
0.00 0.00 0.00 0.00 0.00 0.00 0.00 60.70 302.14 570.07 789.94 908.63 870.98 815.67 651.56 432.36 189.61 10.01 0.00 0.00 0.00 0.00 0.00 0.00
0.00 0.00 0.00 0.00 0.00 0.00 0.00 65.49 321.17 597.10 821.02 943.12 905.02 825.59 660.70 443.03 197.93 13.69 0.00 0.00 0.00 0.00 0.00 0.00
0.00 0.00 0.00 0.00 0.00 0.00 0.00 71.26 349.23 639.90 873.21 1003.47 974.59 868.70 698.15 470.32 211.89 17.58 0.00 0.00 0.00 0.00 0.00 0.00
0.00 0.00 0.00 0.00 0.00 0.00 0.00 74.41 363.70 662.19 901.02 1038.76 1021.19 901.91 727.77 490.43 222.23 20.20 0.00 0.00 0.00 0.00 0.00 0.00
0.00 0.00 0.00 0.00 0.00 0.00 0.00 74.49 359.59 653.97 890.73 1033.00 1026.45 906.28 733.67 494.98 226.28 22.00 0.00 0.00 0.00 0.00 0.00 0.00
0.00 0.00 0.00 0.00 0.00 0.00 0.00 73.74 345.39 625.96 854.04 997.14 1004.27 893.75 726.76 491.73 227.55 23.96 0.00 0.00 0.00 0.00 0.00 0.00
0.00 0.00 0.00 0.00 0.00 0.00 0.00 74.57 332.28 595.56 812.79 953.88 975.61 884.29 725.81 492.88 231.86 26.80 0.00 0.00 0.00 0.00 0.00 0.00
0.00 0.00 0.00 0.00 0.00 0.00 0.00 77.30 327.23 577.79 787.56 926.74 953.93 879.91 734.68 500.44 239.93 30.05 0.00 0.00 0.00 0.00 0.00 0.00
0.00 0.00 0.00 0.00 0.00 0.00 0.00 78.41 320.62 561.61 764.45 901.42 919.71 850.04 727.10 495.09 241.20 31.58 0.00 0.00 0.00 0.00 0.00 0.00
0.00 0.00 0.00 0.00 0.00 0.00 0.00 73.80 292.14 513.56 698.70 830.12 833.85 763.18 668.61 453.98 224.14 30.04 0.00 0.00 0.00 0.00 0.00 0.00
0.00 0.00 0.00 0.00 0.00 0.00 0.00 66.04 245.75 435.89 591.73 717.52 715.53 652.81 572.99 390.78 195.80 27.48 0.00 0.00 0.00 0.00 0.00 0.00
0.00 0.00 0.00 0.00 0.00 0.00 0.00 63.69 217.52 384.32 516.42 643.51 648.70 600.33 504.90 351.42 178.75 27.48 0.00 0.00 0.00 0.00 0.00 0.00
0.00 0.00 0.00 0.00 0.00 0.00 0.00 71.20 232.26 399.28 529.92 664.06 676.49 633.12 506.52 359.74 185.65 31.24 0.00 0.00 0.00 0.00 0.00 0.00
0.00 0.00 0.00 0.00 0.00 0.00 0.00 82.74 272.26 453.50 603.83 743.16 749.72 699.06 554.93 392.05 205.83 36.45 0.00 0.00 0.00 0.00 0.00 0.00
0.00 0.00 0.00 0.00 0.00 0.00 0.00 88.66 302.59 491.51 665.77 805.71 797.61 745.83 604.04 413.81 221.47 40.50 0.00 0.00 0.00 0.00 0.00 0.00
0.00 0.00 0.00 0.00 0.00 0.00 0.00 87.34 313.54 499.32 684.49 823.44 807.76 771.79 639.86 423.64 230.23 43.61 0.00 0.00 0.00 0.00 0.00 0.00
0.00 0.00 0.00 0.00 0.00 0.00 0.00 87.03 322.44 508.74 689.71 828.46 820.69 797.52 676.74 444.16 242.95 47.34 0.00 0.00 0.00 0.00 0.00 0.00
0.00 0.00 0.00 0.00 0.00 0.00 0.00 94.08 341.01 542.04 716.34 853.76 861.41 825.16 718.19 480.55 262.93 51.39 0.00 0.00 0.00 0.00 0.00 0.00
0.00 0.00 0.00 0.00 0.00 0.00 0.00 104.66 360.07 581.77 757.95 890.59 906.14 838.33 745.12 510.51 278.98 53.62 0.00 0.00 0.00 0.00 0.00 0.00
0.00 0.00 0.00 0.00 0.00 0.00 0.00 112.98 370.10 604.12 791.51 921.46 930.16 834.88 746.17 517.43 282.81 53.40 0.00 0.00 0.00 0.00 0.00 0.00
0.00 0.00 0.00 0.00 0.00 0.00 0.00 120.59 379.97 616.58 820.95 956.88 949.26 846.44 743.94 516.99 284.40 53.75 0.00 0.00 0.00 0.00 0.00 0.00
0.00 0.00 0.00 0.00 0.00 0.00 0.00 132.36 405.11 644.93 868.69 1014.17 993.22 904.23 771.58 536.56 299.75 58.18 0.00 0.00 0.00 0.00 0.00 0.00
0.00 0.00 0.00 0.00 0.00 0.00 0.00 148.58 444.73 695.80 935.80 1084.87 1062.28 991.94 828.80 578.31 328.76 66.13 0.00 0.00 0.00 0.00 0.00 0.00
0.00 0.00 0.00 0.00 0.00 0.00 0.00 163.59 478.58 744.42 990.28 1137.11 1122.49 1060.20 880.63 617.87 354.39 73.52 0.00 0.00 0.00 0.00 0.00 0.00
0.00 0.00 0.00 0.00 0.00 0.00 0.00 170.08 484.80 757.70 995.57 1140.11 1136.48 1073.98 892.47 630.47 359.48 76.56 0.00 0.00 0.00 0.00 0.00 0.00
0.00 0.00 0.00 0.00 0.00 0.00 0.00 165.15 458.05 724.41 943.42 1085.94 1089.81 1027.75 854.23 607.53 339.96 74.18 0.00 0.00 0.00 0.00 0.00 0.00
0.00 0.00 0.00 0.00 0.00 0.00 0.00 154.93 417.60 670.47 869.28 1007.08 1006.20 947.61 789.79 563.48 308.31 69.09 0.00 0.00 0.00 0.00 0.00 0.00
0.00 0.00 0.00 0.00 0.00 0.00 0.00 152.33 397.99 645.38 835.48 967.21 948.38 891.14 751.34 534.40 287.73 67.55 0.00 0.00 0.00 0.00 0.00 0.00
0.00 0.00 0.00 0.00 0.00 0.00 0.00 166.75 420.68 679.28 876.84 1004.47 969.21 907.01 777.12 550.46 295.83 74.82 0.00 0.00 0.00 0.00 0.00 0.00
0.00 0.00 0.00 0.00 0.00 0.00 0.00 195.26 474.44 755.21 967.66 1093.44 1058.52 989.62 853.19 605.63 330.10 89.50 0.00 0.00 0.00 0.00 0.00 0.00
0.00 0.00 0.00 0.00 0.00 0.00 0.02 223.84 526.92 829.72 1053.65 1178.57 1158.94 1087.97 929.78 664.16 369.46 103.94 0.00 0.00 0.00 0.00 0.00 0.00
0.00 0.00 0.00 0.00 0.00 0.00 0.18 238.95 552.21 870.23 1100.45 1222.72 1218.26 1148.16 964.40 692.97 391.70 111.39 0.00 0.00 0.00 0.00 0.00 0.00
0.00 0.00 0.00 0.00 0.00 0.00 0.95 239.13 549.22 873.75 1110.32 1225.19 1226.14 1154.28 954.28 688.30 392.28 111.94 0.00 0.00 0.00 0.00 0.00 0.00
0.00 0.00 0.00 0.00 0.00 0.00 3.33 234.67 538.20 863.79 1109.99 1214.02 1214.39 1133.64 930.50 671.66 383.50 110.21 0.00 0.00 0.00 0.00 0.00 0.00
0.00 0.00 0.00 0.00 0.00 0.00 8.13 236.54 540.35 867.52 1124.60 1219.92 1220.51 1122.12 921.58 664.48 378.80 109.75 0.00 0.00 0.00 0.00 0.00 0.00
0.00 0.00 0.00 0.00 0.00 0.00 14.55 246.34 557.65 886.40 1151.77 1245.16 1246.37 1128.78 928.28 670.13 382.14 111.31 0.00 0.00 0.00 0.00 0.00 0.00
0.00 0.00 0.00 0.00 0.00 0.00 20.61 256.51 572.61 895.21 1164.13 1260.61 1259.65 1131.54 928.75 674.71 387.87 114.10 0.00 0.00 0.00 0.00 0.00 0.00
0.00 0.00 0.00 0.00 0.00 0.00 25.47 262.38 573.76 881.38 1151.83 1252.42 1248.65 1119.26 918.55 673.87 394.35 119.07 0.00 0.00 0.00 0.00 0.00 0.00
0.00 0.00 0.00 0.00 0.00 0.00 29.68 269.56 573.79 869.29 1143.04 1250.95 1245.46 1118.68 927.40 685.20 408.82 128.49 0.00 0.00 0.00 0.00 0.00 0.00
0.00 0.00 0.00 0.00 0.00 0.00 33.18 281.21 584.20 879.07 1154.10 1273.26 1259.36 1136.78 953.84 702.90 421.79 136.91 0.00 0.00 0.00 0.00 0.00 0.00
0.00 0.00 0.00 0.00 0.00 0.00 35.06 287.36 589.40 888.06 1154.02 1280.18 1242.68 1125.84 940.86 686.25 406.27 132.70 0.00 0.00 0.00 0.00 0.00 0.00
0.00 0.00 0.00 0.00 0.00 0.00 35.43 280.47 575.31 873.31 1119.54 1242.20 1174.48 1063.21 871.66 630.89 364.12 116.54 0.00 0.00 0.00 0.00 0.00 0.00
0.00 0.00 0.00 0.00 0.00 0.00 35.93 269.60 559.07 855.82 1082.56 1192.21 1111.96 1000.98 807.89 583.66 331.57 103.48 0.00 0.00 0.00 0.00 0.00 0.00
0.00 0.00 0.00 0.00 0.00 0.00 37.73 267.71 564.07 867.00 1086.04 1175.49 1113.63 994.67 801.30 574.07 329.18 102.62 0.00 0.00 0.00 0.00 0.00 0.00
0.00 0.00 0.00 0.00 0.00 0.00 40.66 276.50 589.11 904.38 1127.27 1195.89 1167.09 1039.65 839.56 593.53 346.00 109.76 0.00 0.00 0.00 0.00 0.00 0.00
0.00 0.00 0.00 0.00 0.00 0.00 44.06 289.10 614.95 937.45 1166.66 1226.23 1216.74 1093.05 881.79 623.70 365.83 118.41 0.00 0.00 0.00 0.00 0.00 0.00
0.00 0.00 0.00 0.00 0.00 0.00 47.44 297.40 622.84 938.13 1169.76 1232.87 1217.30 1113.31 897.64 644.74 377.95 124.90 0.00 0.00 0.00 0.00 0.00 0.00
0.00 0.00 0.00 0.00 0.00 0.00 50.58 296.04 605.21 901.05 1129.58 1192.51 1156.66 1078.25 875.74 637.40 373.40 125.93 0.00 0.00 0.00 0.00 0.00 0.00
0.00 0.00 0.00 0.00 0.00 0.00 53.61 286.19 571.01 844.28 1064.72 1118.40 1066.98 1002.51 828.35 603.56 354.03 121.45 0.00 0.00 0.00 0.00 0.00 0.00
0.00 0.00 0.00 0.00 0.00 0.00 56.68 274.97 539.38 794.51 1006.36 1056.76 1004.95 934.71 788.33 572.79 338.40 117.83 0.00 0.00 0.00 0.00 0.00 0.00
0.00 0.00 0.00 0.00 0.00 0.00 60.22 271.20 526.51 770.62 979.26 1041.46 1002.15 917.08 782.41 569.54 340.83 120.55 0.00 0.00 0.00 0.00 0.00 0.00
0.00 0.00 0.00 0.00 0.00 0.00 65.33 282.25 541.51 779.60 991.96 1073.88 1051.22 956.87 814.44 591.69 357.05 128.90 0.00 0.00 0.00 0.00 0.00 0.00
0.00 0.00 0.00 0.00 0.00 0.00 72.72 309.17 582.89 817.12 1038.04 1135.08 1127.20 1030.54 870.71 626.16 377.79 140.37 0.00 0.00 0.00 0.00 0.00 0.00
0.00 0.00 0.00 0.00 0.00 0.00 81.27 342.68 633.10 865.15 1096.70 1196.30 1200.90 1099.59 924.56 658.87 396.64 152.07 0.00 0.00 0.00 0.00 0.00 0.00
0.00 0.00 0.00 0.00 0.00 0.00 88.08 367.73 668.62 899.74 1142.70 1237.10 1253.11 1139.96 951.36 678.15 407.94 159.84 0.00 0.00 0.00 0.00 0.00 0.00
0.00 0.00 0.00 0.00 0.00 0.00 91.13 375.39 678.12 908.66 1162.79 1256.59 1283.27 1156.94 949.29 684.53 411.60 162.57 0.00 0.00 0.00 0.00 0.00 0.00
0.00 0.00 0.00 0.00 0.00 0.00 92.07 372.39 671.70 904.38 1165.92 1268.44 1300.80 1165.85 938.50 688.74 414.25 164.00 0.00 0.00 0.00 0.00 0.00 0.00
0.00 0.00 0.00 0.00 0.00 0.00 93.23 370.89 666.30 904.37 1162.50 1276.12 1301.90 1165.59 931.62 691.41 416.09 165.72 0.00 0.00 0.00 0.00 0.00 0.00
0.00 0.00 0.00 0.00 0.00 0.00 92.96 366.98 655.62 892.20 1131.39 1250.95 1258.06 1133.96 909.53 672.69 403.71 161.92 0.03 0.00 0.00 0.00 0.00 0.00
0.00 0.00 0.00 0.00 0.00 0.00 89.95 349.61 621.82 841.51 1054.28 1180.35 1153.34 1064.03 852.08 624.34 372.90 149.11 0.21 0.00 0.00 0.00 0.00 0.00
0.00 0.00 0.00 0.00 0.00 0.00 89.13 329.99 582.55 782.84 975.49 1124.72 1033.00 1000.94 788.80 582.20 347.92 137.23 1.06 0.00 0.00 0.00 0.00 0.00
0.00 0.00 0.00 0.00 0.00 0.00 96.98 333.71 579.20 779.58 963.98 1154.94 984.12 1008.04 783.35 597.54 358.81 141.14 3.51 0.00 0.00 0.00 0.00 0.00
0.00 0.00 0.00 0.00 0.00 0.00 113.22 365.89 620.82 845.41 1033.64 1256.89 1052.40 1094.66 860.45 676.65 406.45 163.00 7.77 0.00 0.00 0.00 0.00 0.00
0.00 0.00 0.00 0.00 0.00 0.00 130.89 406.03 679.17 938.34 1135.17 1353.87 1185.64 1196.32 966.67 764.66 458.57 187.97 11.96 0.00 0.00 0.00 0.00 0.00
0.00 0.00 0.00 0.00 0.00 0.00 143.80 434.32 726.33 1013.70 1208.38 1398.26 1290.06 1240.46 1028.64 801.77 481.33 199.83 13.89 0.00 0.00 0.00 0.00 0.00
0.00 0.00 0.00 0.00 0.00 0.00 152.37 451.35 758.97 1061.13 1243.91 1411.51 1338.81 1227.32 1036.78 785.14 472.44 198.16 14.13 0.00 0.00 0.00 0.00 0.00
0.00 0.00 0.00 0.00 0.00 0.00 159.91 466.84 787.65 1096.01 1275.81 1430.13 1365.18 1205.60 1025.95 752.14 453.25 192.83 14.21 0.00 0.00 0.00 0.00 0.00
0.00 0.00 0.00 0.00 0.00 0.00 165.62 478.53 810.22 1121.47 1313.17 1443.03 1378.95 1189.78 1006.54 724.06 435.86 188.28 14.00 0.00 0.00 0.00 0.00 0.00
0.00 0.00 0.00 0.00 0.00 0.00 165.77 474.61 808.10 1115.33 1322.21 1415.97 1361.66 1159.78 968.95 697.80 418.76 183.06 13.50 0.00 0.00 0.00 0.00 0.00
0.00 0.00 0.00 0.00 0.00 0.00 160.47 451.96 770.42 1062.84 1276.42 1346.09 1309.12 1108.11 920.22 671.91 403.84 176.67 13.45 0.00 0.00 0.00 0.00 0.00
0.00 0.00 0.00 0.00 0.00 0.00 157.78 429.59 723.83 1001.47 1210.68 1281.18 1252.22 1062.12 890.03 662.44 402.65 173.79 14.14 0.00 0.00 0.00 0.00 0.00
0.00 0.00 0.00 0.00 0.00 0.02 168.05 437.27 720.74 1001.60 1205.13 1289.63 1248.34 1076.02 912.61 695.65 429.74 184.01 16.30 0.00 0.00 0.00 0.00 0.00
0.00 0.00 0.00 0.00 0.00 0.15 190.72 480.47 778.79 1079.01 1286.69 1379.22 1318.86 1167.04 986.05 770.70 482.87 209.60 20.44 0.00 0.00 0.00 0.00 0.00
0.00 0.00 0.00 0.00 0.00 0.74 212.66 530.82 858.16 1172.95 1390.72 1477.45 1411.41 1276.16 1062.21 844.40 534.63 237.61 25.12 0.00 0.00 0.00 0.00 0.00
0.00 0.00 0.00 0.00 0.00 2.50 223.48 559.12 910.72 1226.64 1450.14 1524.02 1467.97 1341.89 1104.44 879.34 560.52 254.10 28.73 0.00 0.00 0.00 0.00 0.00
0.00 0.00 0.00 0.00 0.00 5.70 223.51 557.94 918.05 1231.56 1453.58 1518.61 1478.35 1356.34 1117.43 876.50 558.81 255.70 30.87 0.00 0.00 0.00 0.00 0.00
0.00 0.00 0.00 0.00 0.00 9.04 215.63 530.32 879.84 1192.18 1406.21 1468.99 1442.36 1324.50 1102.44 843.40 532.33 242.81 31.07 0.00 0.00 0.00 0.00 0.00
0.00 0.00 0.00 0.00 0.00 10.66 199.48 479.04 800.16 1104.47 1305.64 1367.47 1348.82 1242.50 1041.53 776.09 481.31 217.51 29.25 0.00 0.00 0.00 0.00 0.00
0.00 0.00 0.00 0.00 0.00 10.71 176.96 413.59 694.23 978.95 1166.79 1226.11 1203.77 1118.80 935.20 682.20 418.12 188.65 26.78 0.00 0.00 0.00 0.00 0.00
0.00 0.00 0.00 0.00 0.00 11.23 157.04 355.77 594.32 856.62 1031.91 1087.71 1043.96 983.07 816.77 592.66 365.38 167.05 25.15 0.00 0.00 0.00 0.00 0.00
0.00 0.00 0.00 0.00 0.00 14.01 152.15 333.64 543.96 793.87 956.93 1010.80 942.65 896.64 743.85 556.32 348.79 162.69 25.54 0.00 0.00 0.00 0.00 0.00
0.00 0.00 0.00 0.00 0.00 19.57 170.58 366.52 576.82 827.91 985.83 1044.18 976.31 922.58 768.82 605.70 384.67 183.10 29.39 0.00 0.00 0.00 0.00 0.00
0.00 0.00 0.00 0.00 0.00 26.51 208.22 444.13 681.90 940.69 1108.30 1173.49 1131.73 1044.37 881.60 710.47 454.71 220.56 36.46 0.00 0.00 0.00 0.00 0.00
0.00 0.00 0.00 0.00 0.00 32.13 246.13 522.83 796.00 1059.67 1249.43 1311.24 1296.50 1169.32 1007.55 801.95 516.20 252.81 43.63 0.00 0.00 0.00 0.00 0.00
0.00 0.00 0.00 0.00 0.00 34.93 267.26 567.26 865.00 1126.92 1340.77 1388.57 1387.09 1244.73 1093.70 853.45 552.92 270.44 48.89 0.00 0.00 0.00 0.00 0.00
0.00 0.00 0.00 0.00 0.00 36.41 277.46 591.23 904.34 1164.16 1392.78 1431.55 1432.59 1308.30 1156.58 894.32 584.90 285.47 53.74 0.00 0.00 0.00 0.00 0.00
0.00 0.00 0.00 0.00 0.00 38.52 289.33 619.35 947.37 1214.24 1442.65 1487.63 1485.39 1387.76 1212.66 935.44 617.03 301.81 58.51 0.00 0.00 0.00 0.00 0.00
0.00 0.00 0.00 0.00 0.00 40.40 296.37 637.27 976.73 1259.54 1476.02 1536.86 1527.34 1438.31 1230.72 943.08 623.73 305.27 60.29 0.00 0.00 0.00 0.00 0.00
0.00 0.00 0.00 0.00 0.00 40.47 287.85 623.04 964.49 1261.74 1463.43 1536.96 1516.85 1415.99 1184.05 898.27 592.38 289.18 57.69 0.00 0.00 0.00 0.00 0.00
0.00 0.00 0.00 0.00 0.00 38.76 266.53 579.88 912.72 1209.58 1401.35 1473.74 1439.67 1323.49 1080.43 818.87 536.63 261.45 52.34 0.00 0.00 0.00 0.00 0.00
0.00 0.00 0.00 0.00 0.00 35.86 237.51 515.82 824.84 1096.62 1285.19 1343.75 1295.86 1181.54 943.54 732.15 474.21 230.58 46.19 0.00 0.00 0.00 0.00 0.00
0.00 0.00 0.00 0.00 0.00 32.29 203.66 437.83 703.20 931.39 1115.03 1160.36 1108.98 1023.09 813.95 664.87 419.74 203.51 41.04 0.00 0.00 0.00 0.00 0.00
0.00 0.00 0.00 0.00 0.00 29.29 173.95 369.41 583.13 772.96 938.98 980.80 941.45 896.52 737.08 632.13 382.51 186.59 38.52 0.00 0.00 0.00 0.00 0.00
0.00 0.00 0.00 0.00 0.00 27.58 157.95 334.65 511.30 684.89 827.93 874.74 852.67 835.39 727.50 626.52 366.43 182.68 39.31 0.00 0.00 0.00 0.00 0.00
0.00 0.00 0.00 0.00 0.00 26.39 154.61 328.76 490.87 665.48 799.62 856.03 842.80 830.57 755.61 627.17 368.21 187.99 42.17 0.00 0.00 0.00 0.00 0.00
0.00 0.00 0.00 0.00 0.00 25.56 158.01 333.25 497.08 676.36 816.81 880.50 866.59 846.30 770.63 612.21 369.45 190.90 43.95 0.00 0.00 0.00 0.00 0.00
0.00 0.00 0.00 0.00 0.00 27.62 168.39 347.12 525.98 707.00 855.41 917.77 902.40 871.00 759.89 585.90 360.77 186.83 43.57 0.00 0.00 0.00 0.00 0.00
0.00 0.00 0.00 0.00 0.00 35.03 191.05 384.32 591.15 777.82 933.16 987.57 975.77 931.35 772.83 590.73 367.98 190.14 44.63 0.00 0.00 0.00 0.00 0.00
0.00 0.00 0.00 0.00 0.00 46.85 228.95 452.50 698.15 903.60 1068.91 1113.21 1104.92 1043.60 855.48 659.85 419.73 216.06 51.41 0.00 0.00 0.00 0.00 0.00
0.00 0.00 0.00 0.00 0.00 59.93 277.21 541.22 830.64 1064.53 1241.53 1276.67 1265.27 1183.77 991.14 774.23 506.62 260.36 63.75 0.00 0.00 0.00 0.00 0.00
0.00 0.00 0.00 0.00 0.00 71.24 322.44 624.47 950.49 1212.16 1400.03 1431.64 1415.61 1311.17 1121.90 881.62 589.29 303.71 76.76 0.00 0.00 0.00 0.00 0.00
0.00 0.00 0.00 0.00 0.00 78.35 350.27 677.01 1022.48 1304.67 1500.06 1533.62 1518.77 1389.28 1196.00 937.66 631.60 327.12 84.56 0.00 0.00 0.00 0.00 0.00
0.00 0.00 0.00 0.00 0.00 80.28 354.61 689.08 1036.26 1327.20 1522.21 1555.80 1544.36 1393.16 1190.06 927.40 622.91 323.56 84.68 0.00 0.00 0.00 0.00 0.00
0.00 0.00 0.00 0.00 0.00 78.52 341.27 668.89 1005.78 1292.76 1479.27 1506.94 1492.26 1333.94 1123.13 872.43 584.32 303.88 80.45 0.00 0.00 0.00 0.00 0.00
0.00 0.00 0.00 0.00 0.00 76.59 326.71 642.82 966.69 1243.80 1421.76 1443.25 1415.63 1271.38 1059.65 823.34 556.65 291.26 78.76 0.00 0.00 0.00 0.00 0.00
0.00 0.00 0.00 0.00 0.00 77.33 326.43 639.65 956.28 1225.33 1403.71 1426.61 1382.56 1263.49 1053.02 813.53 560.06 297.13 82.80 0.00 0.00 0.00 0.00 0.00
0.00 0.00 0.00 0.00 0.00 79.37 336.02 654.11 966.91 1230.18 1419.33 1452.25 1397.37 1296.71 1078.34 815.46 566.29 304.63 87.37 0.00 0.00 0.00 0.00 0.00
0.00 0.00 0.00 0.00 0.00 78.56 335.33 650.21 952.13 1208.27 1411.37 1458.51 1402.45 1307.60 1073.59 784.17 541.52 293.41 86.02 0.00 0.00 0.00 0.00 0.00
0.00 0.00 0.00 0.00 0.00 74.50 318.16 616.84 902.20 1148.48 1357.71 1416.92 1369.31 1275.45 1029.80 731.31 500.27 270.80 80.20 0.00 0.00 0.00 0.00 0.00
0.00 0.00 0.00 0.00 0.00 71.49 300.58 584.00 864.48 1099.04 1298.80 1361.91 1328.97 1237.30 982.27 698.80 474.03 255.63 75.38 0.00 0.00 0.00 0.00 0.00
0.00 0.00 0.00 0.00 0.00 71.38 293.62 570.85 865.00 1088.46 1265.06 1323.26 1299.84 1210.93 944.08 689.03 459.77 248.52 72.79 0.00 0.00 0.00 0.00 0.00
0.00 0.00 0.00 0.00 0.00 70.12 285.59 554.67 861.12 1074.05 1221.75 1269.88 1242.08 1151.83 889.42 670.11 437.83 238.43 70.29 0.00 0.00 0.00 0.00 0.00
0.00 0.00 0.00 0.00 0.00 63.99 261.88 509.65 805.44 1003.89 1126.62 1157.32 1118.87 1008.76 788.37 614.73 400.00 218.63 65.95 0.00 0.00 0.00 0.00 0.00
0.00 0.00 0.00 0.00 0.00 55.64 227.80 446.42 711.36 893.77 1005.34 1007.42 966.25 813.39 658.75 528.52 352.38 191.77 59.36 0.00 0.00 0.00 0.00 0.00
0.00 0.00 0.00 0.00 0.00 50.24 199.80 393.59 624.34 797.10 908.87 886.84 856.97 671.57 572.00 459.28 317.80 172.03 53.46 0.00 0.00 0.00 0.00 0.00
0.00 0.00 0.00 0.00 0.00 50.23 190.84 374.64 584.97 759.28 872.24 856.39 847.56 669.81 594.03 460.96 327.32 178.10 54.12 0.00 0.00 0.00 0.00 0.00
0.00 0.00 0.00 0.00 0.00 56.23 208.89 406.38 623.73 814.54 934.12 950.46 959.31 810.67 722.68 535.75 388.29 213.81 64.15 0.00 0.00 0.00 0.00 0.00
0.00 0.00 0.00 0.00 0.00 66.32 245.91 474.12 718.89 934.94 1072.84 1114.59 1127.00 997.06 872.47 623.40 463.41 256.49 77.51 0.00 0.00 0.00 0.00 0.00
0.00 0.00 0.00 0.00 0.00 74.93 275.56 526.01 789.78 1020.56 1173.68 1218.95 1223.38 1098.40 940.87 668.49 507.89 279.81 85.52 0.00 0.00 0.00 0.00 0.00
0.00 0.00 0.00 0.00 0.00 77.82 279.91 526.81 781.89 1006.76 1155.44 1197.50 1188.48 1067.81 899.29 664.84 509.04 278.47 86.01 0.00 0.00 0.00 0.00 0.00
0.00 0.00 0.00 0.00 0.00 75.37 263.86 488.23 712.81 920.54 1051.50 1093.86 1066.10 954.61 798.38 625.27 474.27 260.65 81.79 0.00 0.00 0.00 0.00 0.00
0.00 0.00 0.00 0.00 0.00 70.00 241.06 440.59 632.85 828.53 946.56 982.85 934.49 835.06 712.55 576.23 426.29 240.04 76.88 0.00 0.00 0.00 0.00 0.00
0.00 0.00 0.00 0.00 0.00 64.89 223.58 408.38 588.38 787.97 904.33 923.27 864.32 778.35 698.88 565.65 404.06 234.14 75.70 0.00 0.00 0.00 0.00 0.00
0.00 0.00 0.00 0.00 0.00 64.33 222.84 410.19 606.76 824.37 946.03 949.51 895.33 819.59 767.75 617.00 427.22 249.71 80.12 0.00 0.00 0.00 0.00 0.00
0.00 0.00 0.00 0.00 0.00 70.83 245.16 454.15 682.82 918.88 1051.49 1054.91 1010.09 933.45 874.62 699.12 474.60 275.51 87.74 0.00 0.00 0.00 0.00 0.00
0.00 0.00 0.00 0.00 0.00 82.01 285.15 529.54 788.51 1032.33 1180.29 1197.69 1154.91 1065.76 968.81 771.22 518.80 298.90 95.59 0.00 0.00 0.00 0.00 0.00
0.00 0.00 0.00 0.00 0.00 92.53 326.66 608.19 890.87 1133.00 1289.34 1323.53 1275.91 1167.22 1028.59 817.91 551.95 316.82 102.77 0.00 0.00 0.00 0.00 0.00
0.00 0.00 0.00 0.00 0.00 97.96 350.99 656.04 953.12 1188.80 1335.52 1381.51 1331.41 1198.72 1040.18 828.53 566.97 326.13 108.00 0.00 0.00 0.00 0.00 0.00
0.00 0.00 0.00 0.00 0.00 97.28 350.88 658.65 956.93 1182.98 1309.33 1360.72 1311.21 1156.71 999.60 796.60 553.75 321.51 109.29 0.00 0.00 0.00 0.00 0.00
0.00 0.00 0.00 0.00 0.00 93.73 338.14 637.21 929.14 1147.48 1261.49 1310.71 1253.61 1090.05 939.73 747.68 524.44 308.62 107.90 0.00 0.00 0.00 0.00 0.00
0.00 0.00 0.00 0.00 0.00 92.00 332.59 627.64 918.81 1137.83 1255.43 1296.36 1224.93 1066.52 915.12 727.78 511.11 303.72 108.79 0.00 0.00 0.00 0.00 0.00
0.00 0.00 0.00 0.00 0.00 93.74 342.09 643.89 945.13 1170.59 1300.01 1333.48 1260.30 1113.14 949.52 754.43 526.65 312.86 113.88 0.00 0.00 0.00 0.00 0.00
0.00 0.00 0.00 0.00 0.00 96.94 357.43 670.05 984.53 1213.19 1353.75 1381.59 1326.22 1189.84 1010.33 798.94 551.93 325.23 119.45 0.00 0.00 0.00 0.00 0.00
0.00 0.00 0.00 0.00 0.00 98.51 364.68 682.63 1003.25 1228.36 1375.79 1390.51 1355.95 1228.47 1042.97 819.50 563.42 329.13 121.61 0.00 0.00 0.00 0.00 0.00
0.00 0.00 0.00 0.00 0.00 96.30 356.08 668.52 984.23 1203.89 1353.55 1344.58 1317.78 1197.85 1023.61 800.67 552.99 322.22 119.56 0.00 0.00 0.00 0.00 0.00
0.00 0.00 0.00 0.00 0.00 91.38 336.80 636.09 941.75 1161.54 1313.08 1285.12 1251.15 1134.73 978.51 767.39 532.67 312.65 116.22 0.00 0.00 0.00 0.00 0.00
0.00 0.00 0.00 0.00 0.00 87.92 323.13 611.93 913.27 1140.64 1297.98 1276.13 1225.18 1105.25 953.83 757.43 523.75 311.71 116.35 0.00 0.00 0.00 0.00 0.00
0.00 0.00 0.00 0.00 0.00 87.82 322.25 607.05 910.49 1145.84 1307.26 1313.84 1244.13 1117.85 953.35 767.48 522.96 314.34 118.68 0.00 0.00 0.00 0.00 0.00
0.00 0.00 0.00 0.00 0.00 88.50 324.32 606.14 908.57 1145.60 1298.62 1326.74 1246.95 1116.48 943.20 765.03 510.36 305.67 116.90 0.00 0.00 0.00 0.00 0.00
0.00 0.00 0.00 0.00 0.00 88.40 323.72 603.91 900.38 1135.07 1268.68 1287.77 1205.45 1073.04 921.92 748.51 492.08 289.20 111.05 0.00 0.00 0.00 0.00 0.00
0.00 0.00 0.00 0.00 0.00 89.04 325.79 610.18 900.60 1134.14 1252.68 1237.63 1145.49 1012.47 913.41 734.83 486.47 278.61 106.42 0.00 0.00 0.00 0.00 0.00
0.00 0.00 0.00 0.00 0.00 91.16 331.82 622.57 907.58 1142.35 1262.06 1214.60 1106.25 970.95 920.69 724.78 495.85 277.76 105.58 0.00 0.00 0.00 0.00 0.00
0.00 0.00 0.00 0.00 0.00 93.53 338.45 633.30 916.71 1155.55 1290.05 1234.51 1117.13 974.75 930.08 712.96 514.09 285.43 108.20 0.00 0.00 0.00 0.00 0.00
0.00 0.00 0.00 0.00 0.00 94.25 342.74 640.19 930.66 1177.95 1329.81 1292.14 1169.63 1018.62 927.18 697.65 531.31 297.27 112.23 0.00 0.00 0.00 0.00 0.00
0.00 0.00 0.00 0.00 0.00 91.24 337.11 631.64 929.49 1187.01 1347.67 1338.98 1213.69 1056.37 906.62 680.55 533.90 302.79 113.81 0.00 0.00 0.00 0.00 0.00
0.00 0.00 0.00 0.00 0.00 84.35 315.60 595.35 885.82 1146.95 1300.77 1316.69 1205.44 1046.15 876.21 666.10 515.81 294.98 110.37 0.00 0.00 0.00 0.00 0.00
0.00 0.00 0.00 0.00 0.00 77.50 289.72 549.83 820.58 1075.11 1214.13 1247.70 1165.26 1012.15 855.22 663.04 489.30 281.00 104.56 0.00 0.00 0.00 0.00 0.00
0.00 0.00 0.00 0.00 0.00 74.35 276.79 525.83 783.14 1027.92 1165.07 1211.41 1149.77 1009.01 856.13 675.04 470.64 271.85 100.77 0.00 0.00 0.00 0.00 0.00
0.00 0.00 0.00 0.00 0.00 72.64 271.94 514.36 769.46 1005.27 1160.95 1211.07 1152.74 1021.89 855.25 682.25 456.24 264.99 98.19 0.00 0.00 0.00 0.00 0.00
0.00 0.00 0.00 0.00 0.00 68.47 258.07 483.90 733.65 954.71 1134.09 1179.97 1123.69 1001.60 829.73 670.38 441.92 257.50 95.61 0.00 0.00 0.00 0.00 0.00
0.00 0.00 0.00 0.00 0.00 64.35 242.14 448.57 686.80 890.95 1086.18 1129.14 1087.85 980.80 821.94 673.57 452.26 265.59 98.90 0.00 0.00 0.00 0.00 0.00
0.00 0.00 0.00 0.00 0.00 66.59 250.03 459.33 696.31 902.84 1108.82 1157.27 1134.05 1043.99 898.34 738.89 513.04 304.83 113.66 0.00 0.00 0.00 0.00 0.00
0.00 0.00 0.00 0.00 0.00 74.58 281.76 519.00 770.31 1004.62 1220.12 1284.46 1264.84 1187.59 1040.44 849.99 602.89 358.82 133.38 0.00 0.00 0.00 0.00 0.00
0.00 0.00 0.00 0.00 0.00 79.72 304.65 567.34 833.46 1098.55 1318.39 1402.64 1367.43 1308.22 1152.30 937.37 668.14 392.38 144.45 0.00 0.00 0.00 0.00 0.00
0.00 0.00 0.00 0.00 0.00 77.65 300.55 568.90 843.26 1124.88 1339.86 1434.34 1375.09 1347.04 1188.64 967.72 686.77 394.88 143.20 0.00 0.00 0.00 0.00 0.00
0.00 0.00 0.00 0.00 0.00 72.92 285.95 551.80 835.77 1120.96 1325.01 1416.84 1344.08 1340.49 1185.84 963.42 679.85 384.92 138.11 0.00 0.00 0.00 0.00 0.00
0.00 0.00 0.00 0.00 0.00 70.47 279.84 548.71 845.35 1123.98 1320.07 1409.18 1349.16 1332.66 1178.22 947.31 667.99 377.39 135.76 0.00 0.00 0.00 0.00 0.00
0.00 0.00 0.00 0.00 0.00 70.00 280.48 554.05 856.71 1119.56 1315.09 1409.90 1385.68 1320.94 1159.60 917.10 647.84 366.93 133.04 0.00 0.00 0.00 0.00 0.00
0.00 0.00 0.00 0.00 0.00 68.09 271.82 536.60 827.42 1068.53 1262.85 1365.04 1376.53 1266.64 1105.74 859.83 605.27 340.83 123.20 0.00 0.00 0.00 0.00 0.00
0.00 0.00 0.00 0.00 0.00 62.06 241.90 474.56 732.61 950.80 1131.41 1230.36 1259.80 1141.88 1004.40 774.79 541.84 300.59 106.54 0.00 0.00 0.00 0.00 0.00
0.00 0.00 0.00 0.00 0.00 54.01 202.06 392.69 611.09 814.27 971.80 1053.16 1080.67 990.06 887.34 691.42 484.90 266.54 92.46 0.00 0.00 0.00 0.00 0.00
0.00 0.00 0.00 0.00 0.00 50.40 183.91 355.46 553.17 760.33 904.31 963.94 972.65 914.39 829.60 660.24 469.16 260.56 90.37 0.00 0.00 0.00 0.00 0.00
0.00 0.00 0.00 0.00 0.00 55.09 207.11 401.62 612.59 843.76 995.13 1040.02 1021.49 971.77 876.95 706.07 504.71 286.10 100.64 0.00 0.00 0.00 0.00 0.00
0.00 0.00 0.00 0.00 0.00 64.46 256.50 498.89 748.26 1010.60 1182.55 1220.10 1178.75 1107.88 988.68 796.40 566.14 325.77 115.30 0.00 0.00 0.00 0.00 0.00
0.00 0.00 0.00 0.00 0.00 71.79 299.69 582.38 873.65 1159.64 1350.40 1384.56 1330.58 1225.98 1087.57 876.64 619.84 359.06 127.05 0.00 0.00 0.00 0.00 0.00
0.00 0.00 0.00 0.00 0.00 74.12 320.10 621.77 941.31 1236.56 1435.67 1468.26 1406.79 1277.50 1133.92 920.56 650.36 377.63 134.27 0.00 0.00 0.00 0.00 0.00
0.00 0.00 0.00 0.00 0.00 72.99 323.27 629.88 959.19 1249.88 1448.79 1477.03 1404.24 1265.60 1129.75 932.24 657.74 382.80 137.32 0.00 0.00 0.00 0.00 0.00
0.00 0.00 0.00 0.00 0.00 70.79 319.74 626.10 952.19 1232.51 1430.54 1448.79 1361.83 1222.90 1099.45 924.98 650.14 379.53 136.83 0.00 0.00 0.00 0.00 0.00
0.00 0.00 0.00 0.00 0.00 68.86 316.55 622.31 942.56 1216.73 1416.42 1429.76 1344.58 1211.70 1090.08 918.22 645.74 377.37 136.28 0.00 0.00 0.00 0.00 0.00
0.00 0.00 0.00 0.00 0.00 66.91 315.26 622.62 940.92 1215.58 1414.83 1442.33 1385.11 1262.16 1124.67 918.75 651.41 379.51 137.10 0.00 0.00 0.00 0.00 0.00
0.00 0.00 0.00 0.00 0.00 63.19 308.38 614.43 932.60 1210.33 1401.46 1454.88 1426.92 1306.82 1151.56 899.48 641.78 371.72 133.50 0.00 0.00 0.00 0.00 0.00
0.00 0.00 0.00 0.00 0.00 57.29 290.50 586.11 902.32 1182.45 1357.27 1427.17 1400.44 1272.64 1118.70 844.75 598.03 344.33 121.78 0.00 0.00 0.00 0.00 0.00
0.00 0.00 0.00 0.00 0.00 51.37 269.11 550.17 861.79 1141.76 1297.52 1366.44 1320.75 1187.85 1051.99 784.13 539.02 308.67 107.06 0.00 0.00 0.00 0.00 0.00
0.00 0.00 0.00 0.00 0.00 47.22 252.23 521.60 823.43 1098.55 1240.85 1299.68 1242.57 1118.27 998.04 745.75 491.52 279.50 95.06 0.00 0.00 0.00 0.00 0.00
0.00 0.00 0.00 0.00 0.00 44.67 239.42 498.20 782.39 1050.23 1191.22 1240.07 1186.70 1081.77 965.92 731.05 470.64 265.51 88.31 0.00 0.00 0.00 0.00 0.00
0.00 0.00 0.00 0.00 0.00 43.53 233.60 484.79 750.86 1016.12 1167.58 1211.36 1169.05 1085.37 967.72 750.61 491.12 276.82 90.71 0.00 0.00 0.00 0.00 0.00
0.00 0.00 0.00 0.00 0.00 43.81 241.97 499.23 762.45 1031.93 1197.82 1244.36 1217.73 1150.07 1028.36 819.40 556.30 316.11 104.42 0.00 0.00 0.00 0.00 0.00
0.00 0.00 0.00 0.00 0.00 44.26 259.48 535.87 813.52 1087.79 1265.18 1321.76 1313.34 1253.81 1125.05 908.51 635.07 363.75 122.11 0.00 0.00 0.00 0.00 0.00
0.00 0.00 0.00 0.00 0.00 43.04 268.81 559.63 850.66 1123.84 1308.14 1379.33 1384.08 1327.14 1192.66 961.00 682.60 391.15 131.67 0.00 0.00 0.00 0.00 0.00
0.00 0.00 0.00 0.00 0.00 39.76 259.37 546.63 837.04 1103.36 1286.94 1376.21 1381.22 1321.63 1192.53 952.07 681.07 386.69 128.18 0.00 0.00 0.00 0.00 0.00
0.00 0.00 0.00 0.00 0.00 35.65 235.80 505.66 785.72 1044.98 1215.43 1323.79 1317.99 1247.55 1134.40 900.24 643.00 359.20 116.22 0.00 0.00 0.00 0.00 0.00
0.00 0.00 0.00 0.00 0.00 31.80 209.39 459.89 727.40 982.60 1130.26 1250.09 1236.78 1151.14 1050.97 836.78 591.45 325.37 102.92 0.00 0.00 0.00 0.00 0.00
0.00 0.00 0.00 0.00 0.00 28.52 188.99 425.98 682.53 934.68 1063.56 1178.32 1171.13 1077.72 977.96 785.34 547.76 299.21 92.82 0.00 0.00 0.00 0.00 0.00
0.00 0.00 0.00 0.00 0.00 25.55 177.32 407.69 655.86 905.89 1033.60 1131.00 1135.20 1052.16 942.99 760.37 524.06 286.39 87.08 0.00 0.00 0.00 0.00 0.00
0.00 0.00 0.00 0.00 0.00 22.90 173.37 401.65 643.79 893.70 1036.72 1120.01 1125.89 1069.80 951.91 766.29 522.20 285.25 84.56 0.00 0.00 0.00 0.00 0.00
0.00 0.00 0.00 0.00 0.00 22.04 178.65 411.59 654.67 905.04 1067.57 1147.37 1146.11 1111.81 994.29 799.60 541.74 294.08 84.47 0.00 0.00 0.00 0.00 0.00
0.00 0.00 0.00 0.00 0.00 23.76 193.61 442.40 699.20 954.57 1133.36 1212.98 1209.47 1167.47 1054.69 849.58 575.39 309.79 86.57 0.00 0.00 0.00 0.00 0.00
0.00 0.00 0.00 0.00 0.00 25.55 207.53 474.77 749.28 1016.92 1207.66 1283.41 1286.28 1209.69 1095.80 883.40 593.40 316.95 86.71 0.00 0.00 0.00 0.00 0.00
0.00 0.00 0.00 0.00 0.00 24.58 206.38 476.58 752.59 1028.06 1224.21 1296.25 1304.19 1193.36 1074.22 864.25 568.80 300.41 79.96 0.00 0.00 0.00 0.00 0.00
0.00 0.00 0.00 0.00 0.00 21.49 192.30 447.94 704.66 973.63 1167.82 1243.97 1248.23 1129.33 1008.92 810.67 527.18 274.76 70.51 0.00 0.00 0.00 0.00 0.00
0.00 0.00 0.00 0.00 0.00 19.14 183.14 426.34 663.67 922.05 1112.45 1201.30 1198.63 1099.20 979.50 790.94 525.47 272.60 68.21 0.00 0.00 0.00 0.00 0.00
0.00 0.00 0.00 0.00 0.00 18.15 187.93 434.90 670.09 926.71 1116.20 1217.46 1214.92 1138.48 1015.03 823.88 567.00 295.76 73.72 0.00 0.00 0.00 0.00 0.00
0.00 0.00 0.00 0.00 0.00 16.04 193.09 447.27 686.00 945.86 1132.38 1235.41 1240.99 1168.99 1042.42 839.24 587.20 307.71 76.65 0.00 0.00 0.00 0.00 0.00
0.00 0.00 0.00 0.00 0.00 12.25 183.49 427.97 656.92 918.20 1094.59 1189.72 1204.42 1117.46 995.72 781.25 543.61 283.88 69.90 0.00 0.00 0.00 0.00 0.00
0.00 0.00 0.00 0.00 0.00 9.56 163.29 382.42 591.34 854.94 1019.00 1106.75 1127.10 1019.82 904.94 685.14 467.76 241.34 57.55 0.00 0.00 0.00 0.00 0.00
0.00 0.00 0.00 0.00 0.00 9.18 145.91 341.66 535.31 803.52 960.28 1043.50 1066.94 948.49 834.09 612.86 410.21 208.67 47.00 0.00 0.00 0.00 0.00 0.00
0.00 0.00 0.00 0.00 0.00 9.40 139.34 326.87 519.96 790.95 946.81 1022.82 1050.82 931.53 811.52 585.33 386.43 194.27 40.74 0.00 0.00 0.00 0.00 0.00
0.00 0.00 0.00 0.00 0.00 8.80 144.28 340.94 551.13 822.61 981.89 1050.10 1085.73 966.84 839.02 599.53 391.08 193.30 37.62 0.00 0.00 0.00 0.00 0.00
0.00 0.00 0.00 0.00 0.00 7.86 157.06 375.41 615.52 889.05 1055.16 1122.08 1161.39 1040.46 907.28 652.67 421.46 203.06 36.65 0.00 0.00 0.00 0.00 0.00
0.00 0.00 0.00 0.00 0.00 8.10 174.47 422.32 697.14 976.17 1153.17 1225.21 1253.15 1130.65 994.63 731.22 470.65 221.73 37.56 0.00 0.00 0.00 0.00 0.00
0.00 0.00 0.00 0.00 0.00 9.15 193.12 472.97 780.29 1066.49 1255.41 1331.96 1330.47 1212.06 1065.46 800.79 516.56 240.97 39.20 0.00 0.00 0.00 0.00 0.00
0.00 0.00 0.00 0.00 0.00 8.60 205.78 509.03 837.60 1128.45 1325.13 1401.79 1366.77 1261.53 1089.69 833.29 538.81 250.99 39.70 0.00 0.00 0.00 0.00 0.00
0.00 0.00 0.00 0.00 0.00 5.75 206.07 513.48 844.06 1132.35 1333.32 1409.75 1360.92 1269.33 1071.35 832.77 537.94 250.40 38.51 0.00 0.00 0.00 0.00 0.00
0.00 0.00 0.00 0.00 0.00 2.60 194.38 486.45 798.67 1074.70 1277.42 1355.01 1321.09 1230.72 1030.31 810.45 520.53 241.37 35.97 0.00 0.00 0.00 0.00 0.00
0.00 0.00 0.00 0.00 0.00 0.79 178.24 446.59 729.68 987.47 1183.74 1259.28 1250.60 1152.10 977.18 770.24 490.84 226.00 32.52 0.00 0.00 0.00 0.00 0.00
0.00 0.00 0.00 0.00 0.00 0.16 169.00 423.49 687.90 932.52 1115.82 1188.40 1190.18 1084.63 936.33 736.61 468.22 214.16 29.75 0.00 0.00 0.00 0.00 0.00
0.00 0.00 0.00 0.00 0.00 0.02 172.84 435.51 707.99 955.21 1131.90 1208.84 1199.70 1088.23 942.31 742.25 474.64 217.15 29.24 0.00 0.00 0.00 0.00 0.00
0.00 0.00 0.00 0.00 0.00 0.00 182.74 467.10 764.34 1029.67 1210.92 1296.77 1269.22 1154.16 991.36 783.00 503.90 232.08 30.29 0.00 0.00 0.00 0.00 0.00
0.00 0.00 0.00 0.00 0.00 0.00 185.42 483.08 794.94 1079.59 1269.81 1357.86 1323.23 1214.41 1035.82 820.46 527.52 244.04 30.65 0.00 0.00 0.00 0.00 0.00
0.00 0.00 0.00 0.00 0.00 0.00 176.57 467.92 770.88 1058.30 1254.98 1336.36 1311.28 1214.14 1031.82 819.59 521.71 239.94 28.42 0.00 0.00 0.00 0.00 0.00
0.00 0.00 0.00 0.00 0.00 0.00 164.66 441.08 724.92 997.93 1195.54 1271.09 1260.00 1164.58 988.34 780.73 487.81 219.29 23.30 0.00 0.00 0.00 0.00 0.00
0.00 0.00 0.00 0.00 0.00 0.00 160.88 435.30 715.30 977.38 1175.35 1254.53 1247.61 1136.58 960.20 739.64 452.88 196.01 17.40 0.00 0.00 0.00 0.00 0.00
0.00 0.00 0.00 0.00 0.00 0.00 166.24 458.57 757.92 1026.48 1232.96 1323.69 1310.77 1173.59 975.45 721.80 437.88 183.25 13.42 0.00 0.00 0.00 0.00 0.00
0.00 0.00 0.00 0.00 0.00 0.00 169.78 481.57 803.17 1086.21 1309.81 1412.63 1393.27 1234.15 1006.68 721.15 439.68 180.91 11.96 0.00 0.00 0.00 0.00 0.00
0.00 0.00 0.00 0.00 0.00 0.00 161.47 472.53 797.17 1089.25 1330.93 1440.99 1419.49 1252.93 1020.61 725.24 446.29 181.35 11.35 0.00 0.00 0.00 0.00 0.00
0.00 0.00 0.00 0.00 0.00 0.00 142.87 430.83 737.06 1027.36 1277.12 1385.30 1361.73 1201.03 998.44 717.03 441.24 175.68 9.42 0.00 0.00 0.00 0.00 0.00
0.00 0.00 0.00 0.00 0.00 0.00 122.96 378.39 654.26 928.66 1168.61 1262.61 1236.55 1089.02 932.17 679.60 412.86 159.91 5.89 0.00 0.00 0.00 0.00 0.00
0.00 0.00 0.00 0.00 0.00 0.00 109.44 337.74 582.80 830.28 1048.90 1122.09 1100.28 966.88 845.19 625.88 374.02 140.60 2.57 0.00 0.00 0.00 0.00 0.00
0.00 0.00 0.00 0.00 0.00 0.00 105.78 324.22 552.54 776.72 978.03 1035.62 1024.61 900.02 785.17 589.11 349.83 128.08 0.76 0.00 0.00 0.00 0.00 0.00
0.00 0.00 0.00 0.00 0.00 0.00 109.52 336.20 569.43 786.04 978.17 1026.67 1021.57 902.67 769.97 576.30 345.11 124.22 0.15 0.00 0.00 0.00 0.00 0.00
0.00 0.00 0.00 0.00 0.00 0.00 113.92 353.67 602.91 824.64 1009.30 1049.83 1039.58 932.62 776.62 568.49 344.88 122.63 0.02 0.00 0.00 0.00 0.00 0.00
0.00 0.00 0.00 0.00 0.00 0.00 117.60 369.07 634.83 867.95 1048.67 1089.50 1065.78 973.83 800.44 569.75 346.39 120.58 0.00 0.00 0.00 0.00 0.00 0.00
0.00 0.00 0.00 0.00 0.00 0.00 125.71 397.74 685.23 936.19 1121.86 1175.51 1132.63 1041.17 856.16 600.91 360.44 121.48 0.00 0.00 0.00 0.00 0.00 0.00
0.00 0.00 0.00 0.00 0.00 0.00 137.70 439.88 755.34 1026.71 1221.51 1284.11 1226.32 1113.66 923.28 651.35 384.01 125.71 0.00 0.00 0.00 0.00 0.00 0.00
0.00 0.00 0.00 0.00 0.00 0.00 145.09 470.18 806.88 1091.67 1291.27 1345.08 1291.32 1151.04 964.18 689.48 401.08 129.12 0.00 0.00 0.00 0.00 0.00 0.00
0.00 0.00 0.00 0.00 0.00 0.00 142.67 471.69 813.84 1101.09 1297.84 1333.10 1300.19 1149.16 972.71 702.09 403.88 128.87 0.00 0.00 0.00 0.00 0.00 0.00
0.00 0.00 0.00 0.00 0.00 0.00 132.97 450.46 785.62 1069.11 1257.85 1282.23 1270.23 1131.27 962.68 695.59 396.61 125.48 0.00 0.00 0.00 0.00 0.00 0.00
0.00 0.00 0.00 0.00 0.00 0.00 120.95 419.48 741.76 1023.50 1205.52 1232.75 1225.40 1103.98 931.34 671.98 381.74 119.75 0.00 0.00 0.00 0.00 0.00 0.00
0.00 0.00 0.00 0.00 0.00 0.00 109.94 388.10 695.87 980.78 1163.26 1200.78 1176.34 1060.56 872.56 630.59 358.90 112.06 0.00 0.00 0.00 0.00 0.00 0.00
0.00 0.00 0.00 0.00 0.00 0.00 102.16 365.02 660.77 946.56 1136.55 1188.31 1139.69 1016.36 814.66 591.13 337.73 105.17 0.00 0.00 0.00 0.00 0.00 0.00
0.00 0.00 0.00 0.00 0.00 0.00 98.02 354.13 641.89 918.56 1116.35 1187.12 1129.95 996.01 794.24 578.18 330.55 101.78 0.00 0.00 0.00 0.00 0.00 0.00
0.00 0.00 0.00 0.00 0.00 0.00 93.64 343.62 620.98 878.09 1076.55 1170.83 1121.85 985.99 793.31 578.69 329.18 98.56 0.00 0.00 0.00 0.00 0.00 0.00
0.00 0.00 0.00 0.00 0.00 0.00 83.47 313.74 567.66 796.33 983.70 1106.62 1059.16 934.46 754.34 552.77 310.97 89.01 0.00 0.00 0.00 0.00 0.00 0.00
0.00 0.00 0.00 0.00 0.00 0.00 68.15 265.23 484.31 681.58 844.32 991.70 923.13 815.66 660.11 487.59 269.59 72.53 0.00 0.00 0.00 0.00 0.00 0.00
0.00 0.00 0.00 0.00 0.00 0.00 55.89 226.29 418.56 597.85 731.48 873.25 774.90 676.62 556.83 412.83 223.47 55.71 0.00 0.00 0.00 0.00 0.00 0.00
0.00 0.00 0.00 0.00 0.00 0.00 52.61 219.42 408.92 596.83 713.80 810.34 702.65 596.37 501.96 368.58 195.14 44.63 0.00 0.00 0.00 0.00 0.00 0.00
0.00 0.00 0.00 0.00 0.00 0.00 56.45 239.46 446.86 662.94 785.38 829.17 745.89 620.99 526.26 378.78 196.36 41.20 0.00 0.00 0.00 0.00 0.00 0.00
0.00 0.00 0.00 0.00 0.00 0.00 63.30 269.22 502.52 747.49 897.77 921.03 880.19 742.46 627.13 442.77 226.45 45.03 0.00 0.00 0.00 0.00 0.00 0.00
0.00 0.00 0.00 0.00 0.00 0.00 70.69 296.02 552.84 815.32 1005.93 1044.79 1038.44 901.46 758.48 528.55 268.99 52.78 0.00 0.00 0.00 0.00 0.00 0.00
0.00 0.00 0.00 0.00 0.00 0.00 76.50 312.34 583.75 849.23 1072.50 1139.42 1150.91 1021.54 855.74 591.29 300.15 58.59 0.00 0.00 0.00 0.00 0.00 0.00
0.00 0.00 0.00 0.00 0.00 0.00 78.79 314.76 589.07 844.81 1078.48 1167.15 1187.22 1061.61 887.90 608.89 306.99 58.58 0.00 0.00 0.00 0.00 0.00 0.00
0.00 0.00 0.00 0.00 0.00 0.00 77.10 304.52 571.06 810.82 1035.28 1132.52 1158.27 1029.08 866.37 588.54 292.30 53.21 0.00 0.00 0.00 0.00 0.00 0.00
0.00 0.00 0.00 0.00 0.00 0.00 72.37 285.65 536.78 759.78 965.23 1055.23 1084.27 951.87 813.50 546.33 266.16 45.46 0.00 0.00 0.00 0.00 0.00 0.00
0.00 0.00 0.00 0.00 0.00 0.00 65.60 259.72 488.77 693.22 873.53 941.27 970.24 846.98 735.92 488.89 234.70 37.52 0.00 0.00 0.00 0.00 0.00 0.00
0.00 0.00 0.00 0.00 0.00 0.00 57.89 230.30 433.44 618.74 771.74 811.41 835.75 735.14 643.55 425.10 202.57 30.43 0.00 0.00 0.00 0.00 0.00 0.00
0.00 0.00 0.00 0.00 0.00 0.00 52.08 213.39 401.20 577.21 714.20 736.27 749.02 668.11 579.20 383.75 182.91 25.98 0.00 0.00 0.00 0.00 0.00 0.00
0.00 0.00 0.00 0.00 0.00 0.00 50.98 225.48 423.77 609.60 750.21 774.56 768.82 687.14 581.92 388.46 187.20 25.50 0.00 0.00 0.00 0.00 0.00 0.00
0.00 0.00 0.00 0.00 0.00 0.00 53.77 260.37 489.25 699.22 852.67 893.69 869.99 768.79 636.42 426.98 208.99 27.49 0.00 0.00 0.00 0.00 0.00 0.00
0.00 0.00 0.00 0.00 0.00 0.00 56.67 293.10 550.35 781.72 944.91 1004.59 971.81 849.93 692.87 465.18 229.14 28.84 0.00 0.00 0.00 0.00 0.00 0.00
0.00 0.00 0.00 0.00 0.00 0.00 56.44 302.36 567.79 802.22 971.08 1042.05 1008.68 882.79 713.23 476.96 232.55 27.45 0.00 0.00 0.00 0.00 0.00 0.00
0.00 0.00 0.00 0.00 0.00 0.00 52.18 281.88 530.43 747.03 914.59 986.07 953.37 849.62 683.43 452.87 215.43 23.25 0.00 0.00 0.00 0.00 0.00 0.00
0.00 0.00 0.00 0.00 0.00 0.00 45.95 244.02 461.78 651.43 804.08 867.29 831.00 768.02 617.41 403.47 185.70 18.10 0.00 0.00 0.00 0.00 0.00 0.00
0.00 0.00 0.00 0.00 0.00 0.00 42.10 217.49 414.48 587.04 719.73 772.68 730.71 698.99 564.43 364.19 162.53 14.95 0.00 0.00 0.00 0.00 0.00 0.00
0.00 0.00 0.00 0.00 0.00 0.00 43.23 224.55 427.60 604.31 733.19 782.39 739.47 705.46 575.32 371.29 164.21 15.38 0.00 0.00 0.00 0.00 0.00 0.00
0.00 0.00 0.00 0.00 0.00 0.00 47.33 257.66 487.59 684.08 832.50 887.01 849.37 787.42 647.02 421.99 188.96 17.59 0.00 0.00 0.00 0.00 0.00 0.00
0.00 0.00 0.00 0.00 0.00 0.00 49.65 287.34 544.78 761.65 938.95 1001.39 968.15 878.39 721.84 473.72 213.95 18.03 0.00 0.00 0.00 0.00 0.00 0.00
0.00 0.00 0.00 0.00 0.00 0.00 47.47 291.23 559.43 785.46 986.18 1051.84 1015.84 912.83 746.94 488.21 218.70 14.68 0.00 0.00 0.00 0.00 0.00 0.00
0.00 0.00 0.00 0.00 0.00 0.00 42.78 273.59 532.80 757.36 971.65 1037.02 994.48 891.36 725.72 469.44 205.40 8.87 0.00 0.00 0.00 0.00 0.00 0.00
0.00 0.00 0.00 0.00 0.00 0.00 39.73 258.11 503.30 727.75 943.91 1012.48 968.31 869.39 705.30 451.69 191.97 3.80 0.00 0.00 0.00 0.00 0.00 0.00
0.00 0.00 0.00 0.00 0.00 0.00 39.60 261.76 507.54 741.69 949.50 1025.16 987.03 887.00 718.00 456.66 190.05 1.11 0.00 0.00 0.00 0.00 0.00 0.00
0.00 0.00 0.00 0.00 0.00 0.00 40.23 278.32 543.03 792.31 990.83 1069.29 1039.03 929.79 748.73 473.53 195.17 0.22 0.00 0.00 0.00 0.00 0.00 0.00
0.00 0.00 0.00 0.00 0.00 0.00 39.52 289.68 577.37 838.73 1033.01 1105.04 1077.76 957.93 762.97 479.20 196.27 0.03 0.00 0.00 0.00 0.00 0.00 0.00
0.00 0.00 0.00 0.00 0.00 0.00 37.60 288.25 590.11 857.61 1049.57 1109.37 1079.16 954.86 750.95 467.40 189.29 0.00 0.00 0.00 0.00 0.00 0.00 0.00
0.00 0.00 0.00 0.00 0.00 0.00 35.56 279.58 585.63 854.28 1041.56 1089.89 1054.04 931.90 727.07 448.80 178.01 0.00 0.00 0.00 0.00 0.00 0.00 0.00
0.00 0.00 0.00 0.00 0.00 0.00 33.62 268.21 570.44 835.34 1013.72 1054.72 1013.50 896.21 696.97 428.01 164.94 0.00 0.00 0.00 0.00 0.00 0.00 0.00
0.00 0.00 0.00 0.00 0.00 0.00 31.44 254.57 546.04 802.92 968.47 1006.73 963.22 848.80 657.01 401.80 150.11 0.00 0.00 0.00 0.00 0.00 0.00 0.00
0.00 0.00 0.00 0.00 0.00 0.00 29.16 243.38 523.81 773.79 925.19 969.22 930.54 812.41 623.97 380.17 138.94 0.00 0.00 0.00 0.00 0.00 0.00 0.00
0.00 0.00 0.00 0.00 0.00 0.00 27.25 241.11 519.69 769.26 907.31 966.84 942.12 812.51 621.33 378.45 138.09 0.00 0.00 0.00 0.00 0.00 0.00 0.00
0.00 0.00 0.00 0.00 0.00 0.00 25.93 246.23 533.03 786.15 912.84 987.51 982.88 839.25 643.05 392.20 144.58 0.00 0.00 0.00 0.00 0.00 0.00 0.00
0.00 0.00 0.00 0.00 0.00 0.00 25.07 251.59 549.28 804.37 925.22 1005.63 1018.11 867.81 666.55 405.85 150.45 0.00 0.00 0.00 0.00 0.00 0.00 0.00
0.00 0.00 0.00 0.00 0.00 0.00 24.25 252.74 557.49 811.97 937.93 1016.93 1032.25 889.57 681.67 413.30 152.80 0.00 0.00 0.00 0.00 0.00 0.00 0.00
0.00 0.00 0.00 0.00 0.00 0.00 22.85 248.84 553.92 806.89 950.93 1026.09 1029.24 902.86 686.96 415.40 152.37 0.00 0.00 0.00 0.00 0.00 0.00 0.00
0.00 0.00 0.00 0.00 0.00 0.00 19.97 239.07 535.98 786.55 954.78 1025.77 1013.76 897.56 676.08 408.24 147.08 0.00 0.00 0.00 0.00 0.00 0.00 0.00
0.00 0.00 0.00 0.00 0.00 0.00 14.93 223.61 504.74 750.70 937.26 1006.95 986.29 865.86 645.76 387.61 134.56 0.00 0.00 0.00 0.00 0.00 0.00 0.00
0.00 0.00 0.00 0.00 0.00 0.00 8.71 208.68 474.94 715.19 908.54 982.01 957.30 824.81 612.37 363.40 119.65 0.00 0.00 0.00 0.00 0.00 0.00 0.00
0.00 0.00 0.00 0.00 0.00 0.00 3.69 203.96 468.59 706.73 899.19 980.08 949.86 809.56 602.88 355.24 111.93 0.00 0.00 0.00 0.00 0.00 0.00 0.00
0.00 0.00 0.00 0.00 0.00 0.00 1.08 211.54 490.36 732.04 922.24 1012.08 974.18 834.76 624.57 369.80 114.58 0.00 0.00 0.00 0.00 0.00 0.00 0.00
0.00 0.00 0.00 0.00 0.00 0.00 0.21 222.36 520.15 767.51 957.05 1054.99 1010.65 876.09 655.72 392.33 120.66 0.00 0.00 0.00 0.00 0.00 0.00 0.00
0.00 0.00 0.00 0.00 0.00 0.00 0.03 226.12 536.06 787.68 978.29 1079.49 1031.74 899.17 671.38 404.58 121.67 0.00 0.00 0.00 0.00 0.00 0.00 0.00
0.00 0.00 0.00 0.00 0.00 0.00 0.00 220.42 533.75 788.11 981.30 1079.25 1031.62 896.66 668.62 402.83 116.04 0.00 0.00 0.00 0.00 0.00 0.00 0.00
0.00 0.00 0.00 0.00 0.00 0.00 0.00 209.21 520.55 777.62 974.33 1065.97 1022.10 884.51 658.85 394.32 107.85 0.00 0.00 0.00 0.00 0.00 0.00 0.00
0.00 0.00 0.00 0.00 0.00 0.00 0.00 196.36 501.48 760.97 959.68 1046.15 1006.43 869.64 645.91 383.39 100.53 0.00 0.00 0.00 0.00 0.00 0.00 0.00
0.00 0.00 0.00 0.00 0.00 0.00 0.00 182.80 476.40 735.33 931.13 1013.83 974.04 841.49 623.42 367.76 94.14 0.00 0.00 0.00 0.00 0.00 0.00 0.00
0.00 0.00 0.00 0.00 0.00 0.00 0.00 169.02 447.72 702.37 890.17 968.23 923.84 796.57 591.02 346.68 87.60 0.00 0.00 0.00 0.00 0.00 0.00 0.00
0.00 0.00 0.00 0.00 0.00 0.00 0.00 157.65 425.23 675.51 855.59 926.69 877.33 755.19 562.56 326.88 81.77 0.00 0.00 0.00 0.00 0.00 0.00 0.00
0.00 0.00 0.00 0.00 0.00 0.00 0.00 151.67 417.41 666.96 845.38 908.49 856.51 740.89 551.82 316.08 78.46 0.00 0.00 0.00 0.00 0.00 0.00 0.00
0.00 0.00 0.00 0.00 0.00 0.00 0.00 151.95 423.89 677.57 860.77 918.74 865.52 757.20 561.34 317.32 78.63 0.00 0.00 0.00 0.00 0.00 0.00 0.00
0.00 0.00 0.00 0.00 0.00 0.00 0.00 157.01 440.55 702.74 894.15 953.72 901.50 795.01 588.02 331.30 82.11 0.00 0.00 0.00 0.00 0.00 0.00 0.00
0.00 0.00 0.00 0.00 0.00 0.00 0.00 162.89 460.79 732.43 932.19 1000.25 953.42 838.49 621.49 352.27 86.48 0.00 0.00 0.00 0.00 0.00 0.00 0.00
0.00 0.00 0.00 0.00 0.00 0.00 0.00 164.91 474.52 751.61 957.28 1035.55 996.39 867.30 644.69 367.65 88.11 0.00 0.00 0.00 0.00 0.00 0.00 0.00
0.00 0.00 0.00 0.00 0.00 0.00 0.00 161.02 475.16 751.58 959.64 1044.99 1013.13 872.46 649.32 370.44 85.72 0.00 0.00 0.00 0.00 0.00 0.00 0.00
0.00 0.00 0.00 0.00 0.00 0.00 0.00 152.33 463.04 733.86 940.92 1030.50 1006.59 860.59 640.32 363.88 81.02 0.00 0.00 0.00 0.00 0.00 0.00 0.00
0.00 0.00 0.00 0.00 0.00 0.00 0.00 141.96 444.17 707.48 911.53 1004.48 988.34 842.59 626.73 354.98 76.71 0.00 0.00 0.00 0.00 0.00 0.00 0.00
0.00 0.00 0.00 0.00 0.00 0.00 0.00 133.92 428.99 687.26 888.71 983.85 969.26 827.12 615.80 349.01 74.59 0.00 0.00 0.00 0.00 0.00 0.00 0.00
0.00 0.00 0.00 0.00 0.00 0.00 0.00 130.02 423.54 681.42 881.27 976.28 955.38 817.64 609.98 346.42 74.16 0.00 0.00 0.00 0.00 0.00 0.00 0.00
0.00 0.00 0.00 0.00 0.00 0.00 0.00 127.70 421.36 679.83 877.15 969.94 943.31 808.90 604.27 342.74 73.29 0.00 0.00 0.00 0.00 0.00 0.00 0.00
0.00 0.00 0.00 0.00 0.00 0.00 0.00 123.74 413.91 670.32 863.61 953.27 928.41 795.44 593.12 334.57 70.72 0.00 0.00 0.00 0.00 0.00 0.00 0.00
0.00 0.00 0.00 0.00 0.00 0.00 0.00 118.13 403.17 657.49 848.13 935.32 916.79 783.17 580.56 324.91 67.10 0.00 0.00 0.00 0.00 0.00 0.00 0.00
0.00 0.00 0.00 0.00 0.00 0.00 0.00 111.60 392.65 647.65 838.35 924.28 911.08 775.32 570.48 316.29 63.15 0.00 0.00 0.00 0.00 0.00 0.00 0.00
0.00 0.00 0.00 0.00 0.00 0.00 0.00 103.49 379.14 635.48 826.48 911.50 900.60 763.67 558.78 306.32 58.80 0.00 0.00 0.00 0.00 0.00 0.00 0.00
0.00 0.00 0.00 0.00 0.00 0.00 0.00 95.26 364.50 622.36 813.04 898.15 886.22 751.25 548.99 297.27 55.35 0.00 0.00 0.00 0.00 0.00 0.00 0.00
0.00 0.00 0.00 0.00 0.00 0.00 0.00 90.12 356.62 618.36 809.86 897.88 882.50 751.40 550.39 295.42 54.67 0.00 0.00 0.00 0.00 0.00 0.00 0.00
0.00 0.00 0.00 0.00 0.00 0.00 0.00 87.93 354.78 620.89 814.08 906.98 888.84 760.44 557.57 298.35 55.91 0.00 0.00 0.00 0.00 0.00 0.00 0.00
0.00 0.00 0.00 0.00 0.00 0.00 0.00 85.96 351.69 618.98 813.12 909.77 891.59 763.17 557.01 297.77 56.54 0.00 0.00 0.00 0.00 0.00 0.00 0.00
0.00 0.00 0.00 0.00 0.00 0.00 0.00 83.47 346.90 612.80 807.42 905.11 886.78 756.72 548.11 292.70 56.08 0.00 0.00 0.00 0.00 0.00 0.00 0.00
0.00 0.00 0.00 0.00 0.00 0.00 0.00 81.72 345.42 610.37 805.68 902.86 879.32 748.52 540.91 289.19 56.04 0.00 0.00 0.00 0.00 0.00 0.00 0.00
0.00 0.00 0.00 0.00 0.00 0.00 0.00 81.35 348.70 614.19 810.09 907.14 874.33 745.01 542.24 291.27 57.28 0.00 0.00 0.00 0.00 0.00 0.00 0.00
0.00 0.00 0.00 0.00 0.00 0.00 0.00 81.79 354.69 622.20 818.92 917.18 879.46 753.41 554.32 299.69 59.63 0.00 0.00 0.00 0.00 0.00 0.00 0.00
0.00 0.00 0.00 0.00 0.00 0.00 0.00 81.66 359.07 629.07 827.01 927.35 892.87 771.55 571.24 310.13 61.88 0.00 0.00 0.00 0.00 0.00 0.00 0.00
0.00 0.00 0.00 0.00 0.00 0.00 0.00 78.96 353.72 622.34 819.22 920.01 889.27 775.18 573.55 310.51 61.44 0.00 0.00 0.00 0.00 0.00 0.00 0.00
0.00 0.00 0.00 0.00 0.00 0.00 0.00 72.46 332.23 591.00 781.14 878.21 846.13 743.00 547.32 293.18 57.23 0.00 0.00 0.00 0.00 0.00 0.00 0.00
0.00 0.00 0.00 0.00 0.00 0.00 0.00 63.53 298.12 538.86 717.00 807.36 775.27 684.87 502.65 265.94 51.76 0.00 0.00 0.00 0.00 0.00 0.00 0.00
0.00 0.00 0.00 0.00 0.00 0.00 0.00 55.36 263.70 484.46 649.95 734.82 708.83 627.71 460.16 242.09 47.94 0.00 0.00 0.00 0.00 0.00 0.00 0.00
0.00 0.00 0.00 0.00 0.00 0.00 0.00 50.01 240.53 447.24 604.84 688.55 667.78 587.84 430.95 227.20 45.56 0.00 0.00 0.00 0.00 0.00 0.00 0.00
0.00 0.00 0.00 0.00 0.00 0.00 0.00 47.13 231.45 433.36 589.83 676.42 653.49 565.51 415.20 219.77 43.47 0.00 0.00 0.00 0.00 0.00 0.00 0.00
0.00 0.00 0.00 0.00 0.00 0.00 0.00 45.87 232.86 437.45 597.60 688.10 658.90 557.20 410.90 218.17 42.73 0.00 0.00 0.00 0.00 0.00 0.00 0.00
0.00 0.00 0.00 0.00 0.00 0.00 0.00 46.17 242.07 454.93 620.90 713.73 680.59 567.11 420.21 223.77 44.73 0.00 0.00 0.00 0.00 0.00 0.00 0.00
0.00 0.00 0.00 0.00 0.00 0.00 0.00 47.37 255.68 479.99 651.87 745.01 713.58 596.02 441.67 235.46 47.88 0.00 0.00 0.00 0.00 0.00 0.00 0.00
0.00 0.00 0.00 0.00 0.00 0.00 0.00 47.64 266.17 500.12 676.49 768.78 743.72 628.86 463.94 246.76 49.43 0.00 0.00 0.00 0.00 0.00 0.00 0.00
0.00 0.00 0.00 0.00 0.00 0.00 0.00 46.27 268.62 505.84 684.58 775.69 758.26 649.14 477.19 252.94 49.33 0.00 0.00 0.00 0.00 0.00 0.00 0.00
0.00 0.00 0.00 0.00 0.00 0.00 0.00 44.37 264.60 497.42 675.89 765.20 754.15 651.32 478.63 253.47 49.04 0.00 0.00 0.00 0.00 0.00 0.00 0.00
0.00 0.00 0.00 0.00 0.00 0.00 0.00 42.91 258.67 483.90 660.54 747.75 741.47 643.43 473.46 251.42 49.40 0.00 0.00 0.00 0.00 0.00 0.00 0.00
0.00 0.00 0.00 0.00 0.00 0.00 0.00 42.12 255.11 477.54 653.65 740.55 738.01 642.83 474.25 253.29 51.41 0.00 0.00 0.00 0.00 0.00 0.00 0.00
0.00 0.00 0.00 0.00 0.00 0.00 0.00 42.09 256.28 483.35 661.17 750.52 750.39 658.01 487.66 262.63 55.85 0.00 0.00 0.00 0.00 0.00 0.00 0.00
0.00 0.00 0.00 0.00 0.00 0.00 0.00 42.71 262.38 498.72 679.71 772.89 774.04 684.96 510.28 278.23 62.29 0.00 0.00 0.00 0.00 0.00 0.00 0.00
0.00 0.00 0.00 0.00 0.00 0.00 0.00 43.09 270.95 518.80 704.65 801.35 805.53 717.86 537.00 297.29 68.96 0.00 0.00 0.00 0.00 0.00 0.00 0.00
0.00 0.00 0.00 0.00 0.00 0.00 0.00 42.19 276.41 535.17 726.88 825.98 837.68 748.09 561.39 314.40 73.37 0.00 0.00 0.00 0.00 0.00 0.00 0.00
0.00 0.00 0.00 0.00 0.00 0.00 0.00 40.06 274.05 539.04 734.70 835.24 857.42 765.14 576.11 323.73 74.33 0.00 0.00 0.00 0.00 0.00 0.00 0.00
0.00 0.00 0.00 0.00 0.00 0.00 0.00 37.68 265.28 530.89 727.00 828.71 860.13 767.69 580.23 325.68 73.39 0.00 0.00 0.00 0.00 0.00 0.00 0.00
0.00 0.00 0.00 0.00 0.00 0.00 0.00 36.22 257.37 521.42 716.74 820.04 855.67 765.57 580.80 326.82 73.71 0.00 0.00 0.00 0.00 0.00 0.00 0.00
0.00 0.00 0.00 0.00 0.00 0.00 0.00 36.42 257.87 522.98 720.23 826.28 858.19 770.19 586.76 333.31 77.67 0.00 0.00 0.00 0.00 0.00 0.00 0.00
0.00 0.00 0.00 0.00 0.00 0.00 0.00 37.66 266.24 535.91 738.54 848.29 869.14 781.86 598.59 343.94 84.32 0.00 0.00 0.00 0.00 0.00 0.00 0.00
0.00 0.00 0.00 0.00 0.00 0.00 0.00 38.41 273.52 546.90 754.29 866.44 875.21 789.23 606.74 351.25 89.81 0.00 0.00 0.00 0.00 0.00 0.00 0.00
0.00 0.00 0.00 0.00 0.00 0.00 0.00 38.33 275.33 549.33 758.33 870.75 872.67 788.72 607.56 352.75 92.08 0.00 0.00 0.00 0.00 0.00 0.00 0.00
