8.56 7.67 8.65 9.99 10.40 11.40 16.29 25.96 26.85 11.69 36.32 78.15 112.41 129.97 129.61 123.87 80.09 43.41 37.00 44.45 49.08 49.84 49.59 48.21
38.12 37.61 41.03 43.36 42.54 42.28 46.46 60.84 58.69 32.44 74.82 161.99 232.25 261.87 252.33 227.04 135.61 78.17 77.48 87.88 93.18 103.13 120.15 137.59
143.84 149.88 161.05 166.26 160.75 153.96 151.73 171.53 152.97 92.96 178.32 373.35 528.69 584.69 553.46 485.77 279.44 171.10 187.04 203.05 203.88 231.85 285.77 348.68
388.09 418.04 443.70 455.02 439.85 418.33 401.60 419.43 351.01 211.76 357.53 701.98 966.23 1048.34 981.82 853.15 489.60 312.39 355.45 381.01 373.81 422.56 518.89 643.43
736.86 808.75 850.69 873.67 848.90 811.56 783.15 788.92 631.39 363.27 539.72 976.47 1284.00 1355.93 1248.19 1058.83 607.85 402.28 469.88 509.31 504.82 567.69 684.44 849.69
984.95 1089.86 1142.93 1185.60 1160.76 1119.69 1098.41 1095.20 852.68 464.07 595.54 983.67 1218.21 1236.43 1103.23 888.58 505.42 349.89 422.71 472.80 486.13 550.49 654.78 811.70
940.64 1043.33 1101.77 1166.47 1150.02 1118.52 1121.25 1127.92 868.83 451.58 488.91 736.87 855.64 822.03 695.38 508.69 283.74 212.04 271.87 325.01 359.08 414.44 486.59 594.74
677.87 753.56 810.90 883.64 870.26 849.85 877.19 908.70 707.30 363.42 332.11 469.52 532.56 488.38 382.13 233.14 132.43 121.79 173.68 239.23 298.26 344.80 375.27 414.22
441.46 483.61 521.74 576.67 557.40 544.42 585.96 636.18 511.28 281.01 241.12 352.61 452.36 442.82 341.08 177.26 122.33 145.92 213.66 319.95 421.09 466.75 444.02 400.69
368.79 367.04 358.10 374.83 354.84 348.87 385.59 428.90 356.13 230.23 216.32 351.76 541.48 595.74 486.38 265.73 211.82 254.13 346.83 501.41 646.29 693.15 616.55 496.81
407.73 355.74 290.06 268.37 260.22 258.17 267.51 279.92 233.55 186.47 194.25 339.60 584.62 691.06 592.69 359.15 309.93 347.74 433.96 588.51 735.06 773.70 673.62 525.35
411.11 331.98 239.35 199.82 204.98 201.08 180.63 164.15 133.28 131.63 142.81 254.57 462.05 571.76 515.08 357.93 334.46 343.72 380.15 469.55 563.89 584.86 505.33 391.61
301.36 234.84 160.35 127.42 136.38 130.60 102.60 79.84 61.96 73.86 80.45 140.39 258.86 335.11 325.75 272.09 275.32 258.50 242.40 255.69 287.39 292.47 251.23 194.98
149.56 114.29 76.38 59.63 65.26 61.21 44.16 30.99 22.97 32.35 40.14 67.26 119.35 163.85 181.36 185.21 193.33 170.38 132.96 108.05 105.16 101.76 85.25 66.20
51.53 39.20 26.75 21.44 23.64 22.51 17.45 14.61 10.66 16.74 40.12 66.20 100.93 138.07 167.61 181.94 165.10 136.37 98.07 69.31 56.43 46.68 34.14 26.08
22.63 19.83 17.69 17.25 18.74 20.44 23.19 27.54 20.51 24.59 83.81 137.00 194.05 250.92 294.43 299.40 224.28 165.44 125.99 108.91 93.89 74.19 51.56 40.08
38.04 38.18 39.77 41.90 45.22 51.22 62.16 73.80 54.64 50.57 165.90 265.65 367.74 458.78 514.56 494.54 335.52 227.25 182.02 181.90 166.70 135.74 98.82 78.64
74.18 75.13 79.06 83.90 90.28 101.83 122.71 142.71 104.92 84.07 263.56 420.13 576.24 700.48 752.85 685.15 435.93 275.89 220.09 232.36 218.80 183.43 140.64 114.03
105.17 105.02 109.79 116.76 124.06 137.41 162.88 187.48 137.42 105.62 338.52 564.39 790.13 955.26 1001.81 871.66 524.17 299.61 219.47 230.32 217.07 189.17 158.20 134.15
121.69 118.31 121.33 128.09 130.57 136.42 153.39 171.90 125.67 111.19 392.53 716.88 1051.23 1285.28 1353.93 1156.79 676.13 346.04 217.28 209.53 190.37 179.06 173.54 160.50
148.28 141.27 140.58 143.84 136.07 127.00 126.05 128.30 93.19 129.55 482.38 931.36 1402.18 1704.66 1809.31 1535.47 902.57 446.55 259.92 220.98 190.70 199.48 218.11 217.04
209.17 200.77 195.26 191.01 172.04 150.27 136.47 122.80 90.63 184.24 604.42 1136.68 1689.54 1990.10 2093.39 1749.94 1041.61 532.69 328.68 266.63 229.67 257.52 288.30 295.79
294.83 289.62 278.40 263.03 237.28 215.79 207.28 189.22 145.91 261.17 660.08 1149.98 1647.02 1862.37 1916.87 1561.64 931.71 510.27 361.06 306.51 276.03 312.12 340.71 353.11
358.45 360.39 344.61 319.60 294.81 289.38 303.11 293.96 233.44 322.26 597.49 938.76 1278.21 1398.68 1401.21 1103.92 646.99 391.34 330.75 308.18 294.82 318.34 331.13 341.02
347.27 354.23 337.53 311.29 293.32 307.65 342.63 346.81 279.63 322.12 463.54 664.43 872.53 956.04 940.12 718.36 396.84 261.52 259.04 271.50 279.45 282.04 277.72 280.92
285.74 291.41 276.53 257.08 243.75 266.67 308.27 320.45 258.03 257.03 333.20 475.86 645.64 740.64 724.40 540.31 268.49 169.94 181.74 223.06 253.53 255.84 257.76 270.46
287.38 292.39 282.62 271.23 251.65 273.52 315.40 326.96 256.03 208.25 282.30 435.35 629.58 736.68 695.84 486.99 218.14 124.62 137.94 198.69 247.49 277.18 315.73 365.74
417.26 431.64 442.15 436.31 397.10 414.06 453.84 452.42 349.20 252.77 339.34 517.20 740.71 836.15 741.46 470.33 200.10 123.69 146.22 211.94 267.87 328.41 406.18 499.17
592.74 627.34 689.22 684.24 615.66 613.84 626.18 594.73 466.36 350.62 430.24 602.59 818.26 882.30 750.00 454.45 205.94 157.30 191.73 247.59 297.96 368.60 456.96 565.74
683.33 740.82 869.56 855.55 757.26 717.05 669.87 603.15 481.35 392.78 458.66 610.44 797.35 829.77 713.01 476.21 262.21 217.61 253.55 295.44 334.00 391.08 459.55 549.21
658.05 724.20 877.97 848.05 739.59 665.36 572.84 495.35 392.06 350.22 435.71 612.45 815.83 834.30 769.56 632.55 407.61 301.44 323.50 364.41 393.58 424.05 460.47 512.30
583.74 632.34 739.63 699.20 611.60 531.95 446.85 393.75 297.68 290.07 431.26 687.45 965.31 984.55 965.85 903.48 604.04 383.59 384.96 439.76 461.88 464.65 472.69 486.91
514.38 532.18 566.27 523.98 467.24 401.66 351.45 329.61 235.43 239.86 418.37 725.10 1047.22 1068.75 1070.27 1039.78 692.29 404.71 393.58 454.04 464.61 447.13 436.12 425.98
426.73 425.51 415.95 376.82 337.53 287.27 260.22 249.95 168.51 169.42 324.23 582.25 844.97 864.21 869.86 852.36 573.93 347.34 341.71 380.96 372.20 342.76 319.35 299.95
295.69 294.01 277.41 246.68 215.82 179.52 160.74 148.38 92.10 87.94 183.53 335.70 483.45 500.35 512.72 512.13 376.15 286.17 297.71 298.12 263.19 223.69 190.03 166.65
164.11 166.57 156.81 138.17 117.37 95.47 82.40 69.34 37.43 34.76 86.08 160.32 228.10 253.71 285.33 303.81 267.46 272.97 294.10 263.29 207.95 161.74 124.19 97.68
91.34 91.17 86.29 78.46 68.12 57.61 50.32 39.79 18.14 24.05 68.03 121.28 169.53 218.33 274.42 296.80 262.40 268.69 278.93 244.19 196.85 161.99 137.23 113.58
98.84 92.36 89.74 90.09 86.07 79.72 73.93 64.53 31.91 56.04 124.46 189.88 249.44 319.24 383.80 384.32 287.87 234.17 220.81 207.56 199.51 201.70 206.09 190.42
167.97 160.72 163.14 171.53 169.55 160.03 148.06 138.09 76.80 129.69 234.10 306.65 371.91 431.15 468.95 430.76 285.19 182.70 151.62 161.69 195.11 245.90 282.84 272.99
246.03 245.43 255.49 271.40 270.43 254.41 229.24 220.16 134.02 213.02 339.31 394.22 445.37 457.55 443.87 377.28 248.57 148.57 110.70 121.44 167.41 252.22 311.69 304.11
275.33 278.59 289.00 306.91 308.89 287.94 249.75 242.36 159.22 241.06 359.88 384.53 413.78 383.08 337.90 278.40 213.56 147.28 105.24 93.04 120.12 204.99 268.36 263.97
236.47 234.57 234.95 247.64 253.17 232.75 192.90 185.25 129.13 189.24 279.27 283.64 298.12 264.92 232.53 205.49 189.54 152.10 110.32 76.26 75.91 131.29 181.75 183.33
161.30 152.83 145.04 151.60 158.29 145.87 120.38 110.71 77.43 114.77 184.56 189.91 200.39 193.43 192.07 182.96 160.31 131.25 102.31 70.10 57.58 80.21 115.81 125.39
109.57 97.45 88.71 95.88 104.64 109.02 109.24 91.75 53.20 88.73 174.23 199.96 215.45 238.71 254.14 225.89 146.58 101.54 92.01 84.00 83.28 89.02 118.36 138.70
125.92 108.03 95.03 112.32 130.80 163.59 195.63 152.07 71.15 129.90 269.02 324.41 353.20 406.66 409.81 335.07 188.64 108.33 112.84 138.05 167.80 168.58 194.98 229.38
215.78 190.50 159.97 191.03 222.97 290.41 352.39 259.32 109.06 206.09 416.36 494.67 546.78 634.73 591.85 472.26 293.08 174.39 184.15 238.50 296.96 291.11 304.64 348.51
330.69 305.52 249.02 283.15 315.96 401.92 475.95 334.19 128.84 256.27 520.63 604.49 691.53 812.06 711.21 580.59 411.94 266.25 276.30 342.57 398.85 376.91 359.84 394.25
374.21 360.65 289.95 309.86 324.34 395.36 455.38 307.21 108.83 232.76 493.14 572.67 694.72 825.86 700.87 596.12 449.87 302.26 315.26 373.16 394.80 352.80 302.23 311.55
298.14 299.13 239.47 240.27 233.13 269.55 302.36 197.29 64.52 150.54 340.02 412.42 540.86 647.76 550.45 481.99 355.51 240.25 258.75 298.38 288.17 238.43 178.90 170.15
167.68 175.85 140.79 132.15 117.04 126.52 137.91 87.45 26.52 68.56 166.72 222.22 317.60 382.23 333.66 294.52 200.80 134.32 151.04 172.90 157.47 119.83 77.23 66.09
69.05 76.23 61.08 53.31 42.49 41.93 43.93 27.01 7.65 23.42 60.82 92.73 143.34 175.29 161.71 142.53 89.03 57.12 64.43 74.86 73.40 55.93 31.84 22.08
23.55 27.14 22.25 18.50 14.01 12.52 12.53 7.33 2.15 10.87 26.97 43.08 66.03 83.48 84.37 73.95 43.71 23.59 23.28 32.03 53.08 50.85 30.85 15.83
12.85 13.90 13.26 12.14 10.75 9.62 10.02 6.08 1.88 12.90 28.92 40.24 53.86 67.57 71.22 60.11 32.39 13.18 11.39 25.97 71.60 78.26 52.08 27.34
20.25 19.82 21.17 20.98 19.28 17.22 18.14 12.16 2.89 15.42 33.76 43.92 55.01 67.56 70.70 58.23 28.42 11.38 12.46 31.56 89.00 99.83 70.99 42.97
35.27 33.93 36.74 36.66 32.27 27.77 28.16 20.04 3.91 12.70 27.39 35.30 44.42 55.26 59.05 51.05 26.75 17.83 23.28 37.85 82.54 91.07 69.43 49.74
45.62 44.07 47.64 47.21 39.73 32.64 31.38 23.04 4.55 7.89 16.01 22.14 30.70 40.49 46.65 46.15 32.94 37.12 47.62 49.22 64.99 63.62 51.05 42.31
41.84 40.63 43.55 42.58 34.35 26.99 24.61 18.39 4.95 6.21 11.07 18.78 29.72 40.69 49.92 54.88 50.80 66.58 81.54 68.70 57.70 43.02 32.82 28.07
27.95 27.20 28.86 27.88 22.19 17.59 15.91 12.28 5.95 9.19 17.14 30.44 45.13 58.84 71.26 80.23 80.80 95.00 105.25 83.84 60.78 37.74 24.03 17.21
15.45 15.50 17.47 17.97 16.53 16.20 17.03 13.98 8.82 15.68 33.13 55.22 73.75 91.33 108.21 123.63 128.00 122.37 108.89 86.48 67.71 44.96 24.59 13.54
10.41 12.01 16.75 20.47 23.28 27.84 33.25 27.93 13.92 22.56 51.29 81.74 104.41 127.36 150.61 174.31 184.38 153.98 105.95 85.68 78.39 59.83 31.03 15.12
11.08 14.23 22.27 29.55 35.49 44.99 56.37 47.63 18.45 24.43 57.34 89.15 113.95 140.82 167.69 192.98 205.30 164.18 97.42 80.11 81.36 67.76 35.35 16.94
12.42 15.84 24.72 33.49 40.27 51.89 66.35 55.94 17.89 18.78 44.92 69.69 92.97 120.84 144.94 159.31 162.69 126.56 70.96 58.56 63.37 57.78 32.57 16.56
12.42 14.97 22.01 29.90 35.38 43.79 54.27 44.19 11.99 9.97 24.64 40.55 61.84 92.30 112.97 111.14 96.59 67.79 36.92 29.63 35.71 40.80 29.05 17.96
14.70 16.84 22.31 29.75 33.74 35.21 35.82 24.73 5.48 3.76 9.90 19.87 39.62 74.15 95.53 84.60 55.43 29.91 16.22 10.76 16.91 30.22 30.06 23.44
21.11 24.27 30.62 39.43 42.45 36.91 27.05 12.31 2.08 2.11 4.21 10.02 25.84 58.76 81.24 73.39 43.60 21.22 12.23 4.97 10.16 25.66 32.19 28.74
26.77 31.25 39.56 48.65 49.59 39.78 24.98 8.45 2.76 6.32 6.95 9.04 20.05 46.41 69.59 75.11 57.43 34.13 17.53 6.22 11.56 26.45 37.35 34.70
30.46 33.80 41.85 47.32 44.66 34.44 22.76 10.42 9.41 21.35 22.21 21.70 32.54 58.45 89.64 116.91 113.60 71.11 29.70 10.57 18.47 37.54 58.28 54.59
44.22 42.91 47.61 47.36 42.16 34.01 28.85 23.22 27.45 56.01 61.87 62.43 79.29 114.27 160.44 209.67 210.17 128.14 49.75 18.14 28.33 59.11 99.76 98.33
84.98 82.05 86.50 84.52 79.32 72.10 69.75 61.70 66.43 126.62 150.48 159.32 182.07 221.40 269.71 317.21 294.51 173.96 75.73 34.92 41.01 81.77 143.91 155.82
158.74 171.90 190.98 197.96 193.36 182.33 175.70 140.45 135.16 253.47 312.92 333.61 351.11 374.35 397.37 406.56 326.62 192.37 118.08 76.74 61.66 93.88 164.19 199.66
240.52 289.27 338.13 362.68 356.90 337.78 322.13 237.67 214.83 403.97 500.03 524.00 522.17 516.44 507.41 472.11 329.61 216.87 201.50 155.81 93.89 90.05 147.27 198.21
268.43 343.44 412.92 447.89 440.13 415.38 393.57 277.60 244.28 459.41 563.47 580.83 564.29 546.67 534.01 489.30 326.51 263.62 305.87 242.87 125.99 73.20 101.59 144.37
207.85 274.17 334.39 362.27 354.37 332.37 312.91 215.34 188.23 353.62 432.88 448.52 444.33 449.31 463.09 440.48 309.46 286.63 344.45 270.95 134.50 53.03 54.15 75.02
109.45 146.55 180.54 193.54 187.76 173.73 161.40 109.00 96.22 184.01 233.00 258.41 286.75 330.62 372.20 370.15 284.96 252.62 272.99 217.95 115.81 42.46 30.59 33.80
44.41 58.58 72.61 75.74 72.41 64.48 56.40 35.99 33.06 72.14 106.35 144.39 199.58 271.61 329.89 338.61 278.54 196.24 160.96 140.69 95.02 50.12 37.74 32.11
30.50 33.48 38.98 38.13 35.71 28.67 19.20 8.46 8.84 33.50 66.46 113.40 181.08 268.57 347.27 374.62 319.19 178.56 98.38 94.15 87.20 69.67 62.73 54.56
46.24 42.66 44.97 41.95 38.22 28.10 14.49 2.80 3.74 27.60 62.24 115.90 195.59 306.10 427.70 495.58 443.27 247.50 117.32 81.80 78.98 78.67 79.60 75.12
63.01 53.51 53.28 48.73 42.57 30.04 14.99 2.52 3.91 26.52 58.39 116.34 214.35 360.03 539.95 666.83 636.16 403.62 204.05 90.02 59.98 63.83 72.29 76.44
63.68 49.55 46.55 42.12 34.56 24.14 12.85 2.91 4.83 23.07 47.06 100.95 205.67 365.94 572.87 745.35 762.10 549.23 298.75 106.07 41.73 41.05 52.60 62.55
50.88 35.83 31.43 28.86 22.35 17.20 11.57 4.34 6.09 19.26 34.34 74.53 159.73 288.78 457.57 623.32 684.79 552.02 320.65 111.50 36.87 32.94 40.82 46.84
35.74 23.99 20.58 20.48 17.34 16.99 14.65 7.00 8.64 18.98 28.58 54.58 108.87 185.80 283.22 394.03 457.61 407.81 257.61 103.35 46.07 41.60 41.32 36.86
24.79 17.48 16.40 18.50 19.57 21.62 19.27 8.75 12.26 24.36 34.23 54.01 87.33 128.41 172.16 219.52 244.78 234.79 176.36 105.83 67.85 53.32 43.25 30.78
18.01 13.67 14.89 18.49 22.76 24.91 20.74 7.66 14.96 32.24 46.34 66.42 91.18 118.39 137.88 140.17 120.81 115.32 126.74 130.67 96.35 57.41 37.82 24.40
13.55 10.78 13.24 17.03 22.27 23.37 17.99 4.93 14.52 34.29 50.65 70.36 90.40 112.03 122.88 104.47 62.08 52.50 101.58 148.20 111.36 53.62 29.66 19.52
11.91 9.76 11.71 14.20 18.15 18.10 13.51 3.14 11.36 26.90 39.93 54.85 69.35 85.57 93.84 76.35 38.41 30.29 83.74 131.49 100.34 48.18 28.58 21.13
14.83 12.58 13.06 13.66 15.45 14.54 12.07 4.77 11.45 20.33 28.19 38.37 50.77 66.62 79.59 74.59 49.84 42.88 78.98 99.75 80.51 48.38 37.84 30.64
22.53 20.13 19.77 18.59 18.75 17.81 18.54 12.89 24.09 30.84 38.16 51.19 73.06 103.69 133.85 141.85 113.43 87.94 93.60 83.12 73.90 54.53 50.44 42.54
31.66 29.43 29.24 26.71 26.47 27.32 33.50 28.23 52.20 63.70 77.68 103.21 146.87 206.66 260.92 273.23 217.29 146.67 113.41 93.65 95.19 63.34 56.32 47.76
35.73 32.95 32.90 30.20 31.17 35.55 48.42 42.98 81.28 101.48 125.98 165.83 229.37 312.35 377.68 380.29 293.97 181.69 123.75 143.44 165.60 80.50 56.23 43.79
31.54 26.54 25.82 24.38 27.15 34.25 50.21 45.53 89.23 117.29 149.66 194.47 258.91 340.16 398.08 389.58 298.03 183.84 130.28 224.27 273.01 107.58 58.56 37.14
23.62 16.53 15.42 16.03 19.76 26.58 39.23 38.38 78.73 115.45 155.96 200.66 249.96 314.16 368.16 364.83 289.08 202.52 151.77 281.70 337.46 124.47 62.26 33.26
18.61 12.32 13.87 18.40 23.71 28.60 34.94 43.07 87.51 148.41 219.90 286.04 324.22 377.69 442.89 447.78 371.38 299.82 209.35 282.37 305.88 117.90 62.39 33.39
19.86 17.61 26.98 40.32 51.07 53.86 54.86 78.60 153.20 271.58 418.44 547.10 589.10 637.94 708.31 693.53 577.65 481.61 306.92 263.80 232.07 104.88 62.10 37.76
27.25 30.01 49.76 75.27 94.05 93.40 89.92 130.73 255.58 451.14 691.53 895.63 948.46 985.28 1032.69 969.56 801.77 653.17 397.02 262.60 188.41 101.70 62.10 42.30
35.49 41.47 66.38 98.21 120.77 115.76 108.33 153.03 308.74 547.60 831.20 1066.32 1127.73 1150.79 1161.27 1061.35 880.08 696.55 425.90 274.06 185.18 107.78 59.82 42.02
37.73 43.56 64.26 92.00 112.13 105.97 96.79 124.01 270.80 501.56 763.83 984.16 1060.98 1089.04 1081.53 990.29 850.18 669.17 440.68 300.55 200.41 123.34 63.54 42.95
37.37 39.94 52.24 73.31 92.12 90.70 82.16 79.75 214.36 447.50 698.74 931.22 1054.39 1117.54 1120.37 1066.69 976.77 779.13 548.40 358.77 218.82 150.67 88.63 61.86
49.34 46.85 51.86 68.87 89.93 95.69 87.58 59.05 210.12 495.23 789.27 1096.62 1299.62 1424.60 1457.94 1433.83 1348.38 1063.83 739.74 425.48 231.84 184.65 140.82 109.11
82.38 72.34 68.67 78.85 97.35 105.02 95.75 58.30 231.77 560.67 891.51 1266.45 1534.88 1719.72 1793.40 1786.47 1670.89 1280.67 855.97 430.32 223.69 214.33 204.82 168.43
120.45 99.40 83.73 82.27 89.82 92.23 82.65 59.66 228.82 527.66 827.48 1185.54 1456.41 1654.45 1755.75 1774.01 1659.11 1236.08 784.19 344.69 187.90 230.51 250.29 203.49
134.90 104.71 81.52 71.56 68.39 66.65 60.27 69.60 222.78 441.81 671.13 956.56 1194.67 1350.46 1445.27 1497.81 1443.32 1080.70 625.56 240.66 150.67 234.63 264.15 206.15
129.21 100.38 83.07 72.51 66.32 69.07 67.65 118.45 302.94 469.99 654.49 895.96 1138.92 1231.50 1288.07 1351.10 1361.81 1105.35 575.65 213.72 152.14 245.22 270.66 214.65
147.25 134.40 134.49 125.36 121.81 136.43 136.40 221.49 519.99 698.17 873.97 1114.44 1402.75 1436.87 1438.20 1457.88 1462.18 1299.04 656.55 276.68 213.20 284.39 297.29 255.76
210.86 224.68 243.46 230.96 229.69 255.74 250.69 332.18 766.10 977.69 1137.09 1356.79 1645.50 1629.73 1574.62 1515.69 1443.68 1332.60 695.51 360.60 321.41 355.28 341.35 309.89
284.62 317.07 341.33 319.04 313.31 340.87 329.41 362.71 826.17 1029.72 1141.31 1291.93 1496.23 1452.34 1362.94 1246.77 1111.13 1033.55 592.69 414.43 446.08 450.10 398.59 358.36
330.70 351.06 357.31 318.96 297.62 312.55 299.96 282.74 626.78 769.55 828.45 908.87 1021.06 997.93 918.24 798.21 663.95 625.94 467.14 469.70 563.71 563.88 484.67 411.39
354.77 333.20 304.55 247.17 205.34 201.37 192.25 160.51 334.35 408.50 439.10 493.00 588.63 647.81 617.49 518.86 405.62 386.96 464.72 562.57 646.45 659.06 573.63 454.61
363.37 296.60 235.51 166.01 114.23 99.58 96.64 79.43 136.12 169.95 194.45 258.32 403.61 574.13 602.30 511.77 384.33 336.20 545.51 627.13 634.93 646.10 567.78 425.57
325.54 240.98 169.60 104.79 60.64 48.13 54.61 57.56 62.96 80.76 104.00 179.30 363.97 596.77 660.73 576.74 430.95 337.25 553.19 564.19 499.65 490.46 425.06 304.33
229.21 162.23 107.43 61.96 34.56 28.90 43.56 59.73 49.37 59.13 77.96 146.09 308.77 508.75 575.52 524.85 408.63 300.94 427.06 392.23 315.91 291.95 243.71 166.26
126.22 90.16 61.00 35.24 21.69 19.83 34.68 53.72 43.29 47.68 63.13 117.02 225.00 345.79 397.59 394.37 336.16 239.78 254.45 219.38 176.62 154.32 123.88 81.34
65.58 52.37 40.78 25.63 19.50 18.73 26.16 41.53 38.63 40.99 57.24 105.94 178.16 245.68 288.61 319.54 300.22 207.21 139.47 112.87 99.51 84.72 66.86 45.99
43.38 43.84 42.82 33.09 32.03 33.02 30.08 43.00 52.45 56.60 76.32 128.04 193.88 254.47 311.62 362.24 352.98 240.50 112.64 75.62 71.04 62.11 45.53 35.29
39.40 48.00 55.31 51.95 56.27 59.41 46.58 62.79 94.20 110.56 138.12 192.55 260.40 349.65 455.40 520.72 507.83 351.98 158.09 89.46 90.66 89.47 57.04 41.97
44.94 53.80 64.04 65.78 73.02 75.36 57.83 83.70 154.23 205.63 252.05 304.32 362.00 506.87 704.51 782.11 762.10 532.46 249.84 131.36 150.70 164.53 99.90 62.62
54.54 54.98 59.75 60.06 65.85 64.09 51.26 92.08 208.56 309.51 382.10 428.50 462.52 669.01 976.54 1063.46 1034.93 713.32 344.16 178.40 217.77 246.07 147.68 82.87
60.02 49.88 45.68 40.30 43.89 38.88 36.58 90.72 225.33 348.17 430.53 468.71 481.94 707.57 1059.12 1145.31 1111.21 753.24 380.14 221.59 258.33 277.68 162.90 85.78
56.56 40.96 31.35 23.09 27.09 23.30 28.06 82.03 188.66 282.27 344.31 372.82 382.23 561.11 841.77 911.81 883.01 602.03 342.42 260.68 267.27 248.43 138.74 72.37
49.33 33.05 22.73 16.95 23.69 25.93 29.57 67.95 127.75 173.98 205.09 225.91 245.67 354.83 518.46 571.24 560.66 412.24 291.56 282.94 254.26 199.34 105.74 59.75
47.25 30.23 20.78 19.66 29.66 39.72 37.59 57.35 85.25 103.90 116.20 133.03 164.39 228.84 315.99 366.64 380.72 330.78 281.11 282.28 234.90 172.36 92.64 55.91
48.02 29.95 22.32 24.29 34.44 48.04 41.61 49.71 64.48 76.13 82.92 97.31 131.22 175.43 232.11 287.12 321.34 324.43 303.74 286.66 233.11 175.34 101.41 56.13
43.68 27.57 24.30 27.34 31.54 40.94 33.88 36.86 46.09 56.32 62.22 72.94 98.27 127.90 169.52 218.52 258.64 298.31 324.13 310.63 248.51 182.48 115.69 60.77
38.39 26.60 28.93 32.89 26.90 27.91 21.75 23.23 29.59 37.28 41.73 46.85 58.87 75.88 108.36 144.02 175.63 237.50 313.11 319.53 250.47 167.12 119.29 73.86
41.64 31.91 37.49 43.21 27.64 21.47 15.73 18.52 24.92 30.59 32.95 32.32 34.20 44.75 76.63 107.32 128.13 190.19 275.41 291.05 227.45 135.73 106.97 86.80
50.26 37.93 42.42 49.41 29.78 20.09 15.13 22.10 29.79 35.44 36.82 33.42 31.47 41.04 77.12 115.71 135.86 189.73 248.43 254.96 202.25 114.34 84.85 83.77
52.01 35.31 35.66 42.04 25.94 16.79 14.77 28.86 35.80 41.37 44.00 43.39 42.99 52.66 90.09 138.20 166.30 216.60 245.97 236.79 191.41 112.90 65.26 63.60
42.43 24.62 21.30 25.94 17.25 11.28 13.57 35.90 39.48 43.04 48.54 54.95 58.78 67.57 101.42 151.79 187.45 233.91 245.44 221.86 181.95 117.15 54.63 39.98
27.86 13.87 9.90 13.13 10.25 7.35 12.01 37.74 38.06 38.94 46.12 57.74 65.48 74.27 104.09 152.43 190.89 228.00 229.46 193.20 158.96 111.40 49.37 23.90
16.67 9.63 8.68 12.08 12.12 10.01 11.51 31.59 30.68 29.70 35.15 45.57 54.41 64.06 90.07 132.99 167.55 192.80 189.70 149.72 122.51 91.67 43.19 17.75
15.63 19.09 27.58 36.22 38.91 33.02 20.72 28.91 27.94 24.62 25.74 30.74 37.35 45.61 64.76 96.41 121.67 136.66 130.53 97.85 78.99 62.25 34.16 20.58
29.66 51.63 81.70 106.23 114.83 97.50 52.95 46.56 44.92 36.09 31.84 31.64 34.82 39.41 50.94 71.72 90.44 100.26 86.99 59.09 43.96 36.71 27.80 29.82
54.03 99.83 159.93 208.90 227.08 193.14 103.07 80.92 77.69 61.03 51.57 48.00 48.65 49.94 57.49 74.92 95.58 109.93 94.43 61.80 37.91 31.02 32.01 39.79
69.74 126.22 202.23 266.94 292.85 249.91 132.92 99.83 95.62 75.45 64.04 59.44 59.16 58.60 64.99 83.18 110.03 142.73 154.64 120.49 73.08 53.49 52.92 48.32
64.76 105.23 166.48 223.45 249.12 213.56 112.62 80.71 77.84 63.28 55.57 52.78 53.19 51.73 56.98 74.07 105.38 166.63 237.81 215.44 138.05 95.90 86.54 58.81
52.16 63.97 94.99 129.43 148.44 127.81 64.91 43.65 44.00 39.19 37.93 38.53 40.92 39.45 43.50 57.82 90.33 172.21 288.74 281.38 188.12 128.51 111.00 69.57
50.13 44.72 54.66 70.13 82.54 71.14 32.35 21.79 24.65 24.73 27.38 31.11 36.87 38.65 43.88 55.79 83.87 159.02 268.27 271.18 194.89 138.22 119.58 83.94
67.12 60.40 62.56 67.45 75.78 65.64 30.27 28.90 31.69 28.17 30.23 37.43 50.78 63.86 75.97 86.42 102.86 147.39 217.99 233.70 200.94 162.49 147.87 123.74
109.60 101.74 97.16 92.03 95.51 83.43 48.84 64.82 66.30 53.77 52.75 66.52 96.21 132.40 159.13 170.24 172.02 181.64 218.39 244.35 252.33 226.31 211.91 188.57
166.23 147.11 129.73 110.68 105.60 91.86 69.12 115.70 120.63 100.82 97.11 119.75 171.16 236.02 280.75 293.29 280.70 261.79 270.88 283.77 304.00 274.60 252.86 222.29
192.02 163.64 136.96 109.03 96.53 82.75 75.38 156.92 182.30 165.83 161.05 187.03 249.32 329.17 382.53 390.86 361.90 320.09 296.90 277.85 282.76 243.13 213.82 182.40
160.27 140.21 118.98 97.57 87.02 75.17 70.44 189.32 267.17 269.84 266.19 286.30 341.82 415.59 462.53 454.82 398.93 326.48 260.61 223.74 210.05 160.65 127.58 106.75
105.40 105.49 99.10 93.97 93.13 83.83 68.11 230.49 383.47 414.86 417.97 435.59 489.35 559.17 596.97 564.33 462.61 330.39 208.26 185.95 169.61 105.25 62.69 52.18
65.80 79.42 83.95 90.78 97.79 90.82 65.16 247.68 444.46 497.10 515.44 547.29 623.56 708.06 744.34 693.02 544.22 340.47 175.32 189.30 183.02 99.21 38.21 27.24
40.46 53.66 60.28 69.19 77.18 72.88 49.00 195.24 363.37 417.71 451.86 503.78 603.52 698.99 735.90 687.73 530.71 306.60 152.13 194.62 195.14 104.28 32.42 15.49
20.73 27.25 31.24 36.67 41.41 39.50 25.35 104.75 204.38 247.08 287.01 345.14 439.09 521.08 557.55 533.12 416.36 245.52 143.20 179.56 173.00 94.17 29.58 8.96
8.20 10.07 11.64 13.57 15.12 14.23 8.67 39.00 86.45 119.31 158.93 213.48 286.99 351.36 393.85 396.54 331.26 232.66 171.17 173.81 150.51 86.33 32.76 7.23
3.57 3.60 4.25 4.50 4.42 3.43 1.95 12.62 39.48 71.74 115.25 172.51 242.08 312.20 371.03 388.33 347.89 284.45 228.27 201.14 161.80 100.95 47.28 10.43
5.14 3.30 2.85 2.37 1.83 0.58 0.29 6.42 29.14 65.57 116.99 184.39 267.52 361.72 440.60 460.08 413.79 345.29 281.11 248.92 195.64 129.80 69.22 18.95
13.06 7.00 3.15 1.86 1.31 0.15 0.04 4.87 24.59 60.11 113.22 184.87 276.42 385.05 474.43 494.01 437.54 363.08 318.75 304.21 233.54 156.72 89.53 31.64
26.17 13.80 4.42 1.91 1.37 0.40 0.11 3.30 16.63 42.20 84.33 144.72 225.18 322.73 404.25 424.16 382.10 343.77 362.29 366.56 275.09 175.79 99.02 42.57
36.76 20.01 6.71 3.04 2.67 1.55 0.65 2.53 9.64 22.93 48.44 89.56 149.52 224.24 287.72 303.94 298.87 331.03 417.66 420.87 314.24 185.82 94.71 46.17
37.55 21.61 9.13 5.24 5.86 4.21 2.58 5.25 10.10 15.87 29.14 56.25 103.43 163.18 212.04 223.57 250.03 330.59 442.18 435.05 333.05 187.03 84.18 44.16
31.27 18.99 10.23 7.27 9.75 7.88 6.89 14.04 20.64 23.25 29.24 49.38 92.97 145.41 183.30 195.71 232.24 306.86 397.47 394.34 320.05 177.36 73.24 40.06
24.38 14.60 9.06 7.40 11.20 10.12 12.24 26.50 36.28 36.95 37.08 51.41 90.97 133.29 157.84 175.23 207.57 247.08 306.30 319.50 276.93 150.96 58.46 32.64
17.91 9.55 5.99 5.27 8.70 8.94 14.36 32.60 43.48 42.78 38.82 46.69 76.58 104.10 115.22 134.13 158.10 171.89 216.43 240.04 213.47 108.87 38.48 21.28
10.99 4.91 2.84 2.62 4.58 5.44 11.04 25.90 34.16 33.17 28.78 31.98 49.58 63.68 67.07 81.28 97.12 106.57 152.14 170.58 144.74 65.32 19.94 10.36
5.19 1.94 1.13 1.24 1.90 2.45 5.65 13.30 17.46 16.84 14.33 15.50 23.36 29.25 30.47 38.45 48.46 62.78 107.91 111.41 84.75 33.73 8.54 3.76
1.90 0.78 1.14 1.77 1.69 1.51 2.31 4.57 6.00 5.68 4.77 5.21 7.84 10.04 11.40 16.45 24.22 40.15 71.83 62.55 41.88 16.07 3.64 1.10
0.63 0.81 2.55 4.12 3.70 2.51 1.59 1.36 1.85 1.55 1.21 1.31 1.97 2.96 5.14 10.76 19.45 33.77 45.86 30.16 18.15 7.97 1.99 0.36
0.41 1.44 4.52 7.13 6.77 4.43 1.97 0.74 1.06 0.67 0.41 0.38 0.53 1.30 4.23 10.86 20.57 33.45 32.55 14.86 8.22 4.55 1.37 0.47
0.95 2.03 5.44 8.45 8.49 5.61 2.09 0.65 0.95 0.48 0.24 0.23 0.41 1.34 4.70 10.79 19.03 30.08 25.36 9.25 4.55 2.82 1.26 1.69
3.02 2.11 4.48 7.09 7.53 5.10 1.59 0.64 0.96 0.37 0.15 0.26 0.80 2.32 6.27 11.16 16.68 24.91 19.99 7.92 3.73 2.29 2.12 4.96
8.14 1.94 2.77 4.91 5.49 3.81 0.92 0.87 1.39 0.57 0.34 0.60 1.63 4.00 8.49 12.70 17.17 24.28 19.46 10.90 6.11 3.32 3.92 9.73
15.40 2.02 1.72 3.83 4.38 3.03 0.67 1.68 2.88 2.02 2.05 2.38 3.39 5.88 9.74 13.81 21.06 34.37 32.57 22.56 13.56 6.18 5.80 12.75
19.30 2.20 1.50 3.77 4.45 3.43 1.41 3.94 6.94 7.76 9.51 9.83 9.31 10.11 11.48 15.76 30.70 62.97 70.79 49.54 28.06 11.56 7.77 12.17
16.23 2.30 1.96 4.57 6.28 6.43 3.98 9.06 16.15 22.24 28.76 29.30 25.20 22.26 19.02 22.35 46.31 104.72 126.86 87.75 47.14 19.52 10.96 10.58
10.25 2.79 3.46 7.53 12.16 14.74 8.45 16.19 28.99 42.64 56.07 57.43 49.20 41.79 32.64 31.17 56.05 126.90 160.32 114.85 63.45 28.68 15.51 10.68
6.85 3.86 5.69 12.37 21.27 26.64 12.30 19.74 35.39 53.05 70.26 72.86 63.70 54.28 41.45 33.39 48.51 106.80 144.05 116.24 74.12 38.46 20.81 12.46
6.71 4.86 7.05 15.14 26.31 32.52 12.12 15.71 28.19 42.50 56.63 59.87 54.29 47.17 36.12 25.88 30.78 66.83 102.39 101.41 79.56 47.50 26.08 14.98
8.34 5.62 6.83 13.28 22.16 26.14 8.11 8.10 14.62 22.19 29.69 32.23 31.05 28.29 22.56 15.68 16.71 37.02 66.11 79.18 73.60 49.39 28.34 16.50
10.36 6.76 6.53 9.84 13.99 14.64 3.93 2.87 5.60 8.91 11.40 12.42 13.05 13.36 12.27 9.84 10.14 21.69 39.53 50.87 52.96 39.48 24.27 14.93
11.29 8.32 7.59 8.84 9.45 8.13 2.16 1.27 3.60 6.59 6.84 6.25 6.17 7.32 8.52 8.83 9.00 16.96 23.20 25.46 28.24 23.25 15.51 10.70
10.77 10.02 10.25 10.95 9.75 8.06 2.50 1.55 5.32 10.13 9.76 7.82 6.12 6.98 8.67 10.02 12.57 23.97 23.45 14.15 12.96 11.39 8.65 7.63
10.45 11.87 13.56 13.86 11.41 9.83 3.21 2.02 6.76 12.86 12.86 10.67 8.44 9.92 11.34 12.87 22.00 44.25 44.60 21.67 13.20 11.42 10.91 10.58
12.47 13.51 15.32 14.13 10.90 9.45 2.98 1.84 5.76 10.97 11.88 11.03 10.47 14.46 16.12 18.67 37.85 74.82 84.08 48.26 30.23 26.37 27.25 23.54
19.12 15.68 15.22 10.85 7.63 6.62 1.88 1.12 3.26 6.28 7.76 8.64 10.48 16.91 19.53 25.14 54.15 101.97 125.01 86.17 58.60 50.99 53.26 43.20
29.43 19.30 15.31 6.82 3.91 3.50 0.84 0.50 1.46 2.87 4.56 6.58 9.92 16.89 19.96 28.13 60.20 108.35 147.48 124.17 85.95 70.78 71.79 54.45
34.53 20.74 15.10 4.60 1.99 1.71 0.44 0.55 1.79 3.35 6.71 11.15 16.89 24.97 27.16 33.69 59.72 100.36 161.20 170.86 112.42 81.55 74.45 47.61
27.67 16.38 12.79 4.68 2.72 1.87 1.44 3.11 6.97 11.17 20.23 31.70 43.99 57.20 57.80 59.61 77.35 110.07 193.12 235.07 146.60 94.14 72.89 32.99
15.88 10.52 10.88 7.50 7.13 5.46 6.60 14.68 24.85 34.66 53.46 75.61 96.05 115.56 114.18 112.38 126.63 151.56 229.50 271.94 166.88 103.60 71.14 23.09
10.20 10.89 13.81 14.12 17.13 15.30 20.28 44.82 65.91 83.58 111.67 140.29 160.11 177.44 172.66 169.45 183.52 196.71 226.19 231.23 143.47 93.45 61.08 19.10
13.24 19.59 22.29 23.65 31.54 30.61 40.37 88.06 121.93 147.11 179.38 204.88 211.05 214.32 204.92 201.64 215.77 216.86 183.51 147.78 97.05 73.25 49.00 20.22
20.12 30.07 30.70 30.44 41.66 42.09 52.25 111.63 151.87 179.30 209.26 226.86 218.89 208.27 197.15 196.71 214.10 212.93 143.56 92.51 70.45 64.30 46.58 25.27
23.85 32.12 30.74 28.29 38.87 40.30 44.40 91.86 126.42 147.44 169.03 179.92 169.61 157.12 149.95 155.40 179.29 187.47 123.32 80.94 67.68 61.86 46.50 27.47
20.70 23.34 21.45 19.21 26.82 28.31 25.24 49.78 71.93 81.89 92.57 98.55 93.52 87.23 85.77 95.28 121.06 139.98 107.76 83.84 65.29 49.53 36.79 22.18
13.52 11.87 10.83 11.08 16.00 16.27 10.01 18.41 29.88 31.87 34.94 37.41 36.52 35.20 36.86 46.37 66.82 90.41 90.49 80.70 54.88 30.64 23.35 15.61
8.76 5.74 5.39 7.64 10.38 9.01 3.10 5.04 10.36 11.39 13.31 14.28 14.99 14.67 17.23 27.11 42.26 67.28 83.71 76.52 47.60 20.13 19.13 16.76
10.73 6.59 5.48 7.04 7.30 5.44 1.13 1.25 4.53 13.80 23.26 25.15 27.89 24.62 25.30 38.71 52.76 79.26 96.35 84.76 55.36 26.09 27.88 26.99
19.53 13.31 9.76 7.66 4.84 4.19 1.21 1.00 6.12 36.71 66.72 72.92 81.64 70.67 62.64 78.93 91.24 117.73 128.13 114.91 83.59 49.84 46.81 41.85
32.57 24.52 17.35 9.98 3.68 4.55 2.42 3.67 13.43 73.03 132.06 146.36 166.86 149.08 129.10 145.35 152.37 176.28 179.01 167.99 126.81 82.67 69.35 56.54
45.95 36.52 24.99 13.32 4.21 4.94 4.42 11.06 25.09 97.73 171.68 194.03 227.68 216.72 197.97 216.48 220.54 239.41 232.72 219.51 160.01 101.78 81.45 64.62
53.80 42.66 27.08 14.47 5.18 4.20 6.39 21.56 36.62 91.13 149.74 173.64 212.10 220.96 221.44 245.64 252.16 263.40 246.22 224.86 154.15 90.38 70.99 58.14
49.36 37.86 21.57 11.82 5.56 3.24 6.85 26.99 39.58 63.10 91.69 109.30 140.18 162.60 180.27 204.98 213.78 218.17 198.09 172.27 110.75 58.51 44.34 38.17
33.07 24.47 12.58 7.80 5.66 3.38 5.13 21.69 29.84 34.24 42.17 51.32 69.22 89.03 107.31 124.61 132.76 136.49 125.71 105.35 63.20 29.24 19.69 17.40
15.34 11.06 5.44 5.00 5.67 4.22 2.59 11.20 15.10 14.59 15.61 19.40 27.53 38.16 48.55 58.07 65.59 74.68 79.93 71.98 40.81 15.35 6.98 5.52
4.83 3.40 1.84 3.40 4.94 4.31 0.90 3.75 5.11 4.90 5.20 7.02 10.64 15.32 20.39 26.46 34.10 48.95 69.99 77.18 46.25 17.12 4.79 1.93
1.28 0.75 0.58 2.24 3.54 3.53 0.40 0.96 1.56 2.23 3.21 4.65 6.58 9.32 13.24 18.44 25.37 42.59 74.68 96.30 65.78 31.09 9.71 2.71
1.13 0.35 0.39 1.57 2.83 3.84 0.86 0.76 1.92 4.10 6.59 8.53 9.43 11.55 16.13 20.59 26.17 43.83 82.82 115.82 89.98 52.62 18.67 5.15
2.18 0.93 1.03 1.94 4.27 7.50 2.24 1.70 4.57 9.27 14.01 17.16 17.18 18.64 24.06 27.10 31.67 50.67 98.36 142.27 117.98 72.92 26.10 6.83
3.34 2.39 2.90 3.81 7.84 13.89 4.07 2.94 7.89 14.77 20.91 24.96 24.68 25.72 31.16 32.32 36.35 57.37 116.58 174.61 147.63 84.07 27.40 6.36
4.00 4.43 5.67 6.58 11.25 18.46 4.98 3.39 9.08 15.87 21.12 24.73 24.79 25.85 30.09 30.16 34.40 56.01 122.19 193.80 168.88 85.09 23.97 4.83
4.21 5.91 7.45 8.31 11.92 17.51 4.10 2.59 6.94 11.49 14.51 16.73 17.22 18.35 21.09 22.42 28.60 48.23 109.50 182.76 165.78 75.15 18.98 3.92
4.32 6.06 7.14 8.15 10.48 13.36 2.45 1.41 3.94 6.27 7.67 8.95 10.05 11.67 14.19 18.84 28.38 43.70 87.12 143.70 132.54 53.87 13.25 3.67
4.61 6.03 7.08 8.52 10.66 11.74 1.86 1.12 3.68 5.80 7.34 9.37 12.70 16.73 21.36 28.55 38.74 46.81 64.65 94.08 84.51 29.78 7.72 3.58
5.74 8.29 11.40 13.61 16.74 16.72 3.86 2.40 8.11 12.82 16.69 22.01 30.92 40.62 49.54 55.40 57.89 53.49 46.18 51.82 43.19 13.06 3.99 3.68
7.92 13.51 20.94 24.90 30.15 28.77 9.37 5.03 15.42 24.35 31.78 41.97 58.48 75.40 88.75 89.86 77.92 58.04 33.97 26.67 19.27 6.27 3.05 3.95
9.26 17.79 29.45 36.21 44.18 41.80 16.50 7.25 19.31 30.36 39.64 52.34 72.54 92.61 107.49 105.89 86.13 59.78 32.64 21.84 14.34 10.04 7.35 5.25
8.08 16.42 28.70 37.10 46.26 44.35 19.49 7.05 15.56 24.32 31.79 42.23 58.64 74.84 87.92 90.81 81.67 69.19 51.84 41.34 31.18 30.54 22.99 11.07
6.27 10.44 19.01 25.88 33.07 32.38 15.11 4.61 8.12 12.62 16.65 23.13 33.20 43.37 54.82 67.86 82.51 100.49 99.00 88.81 73.24 71.78 52.66 24.12
6.98 5.06 8.70 12.20 15.82 15.81 7.61 2.08 3.00 4.86 7.06 12.47 21.06 29.73 42.48 65.44 100.82 148.51 159.39 148.42 125.50 116.17 82.70 39.28
10.43 3.50 3.82 4.51 5.29 5.21 2.48 0.84 1.79 3.67 6.91 15.85 30.91 45.25 62.39 91.46 132.43 188.86 196.68 180.28 150.70 130.13 90.49 46.32
15.14 6.40 5.37 3.92 2.55 1.76 0.55 0.95 3.36 7.23 13.91 29.85 57.78 84.10 108.95 142.46 175.22 212.57 194.87 164.97 132.58 106.81 74.76 44.37
21.75 13.80 12.54 8.61 4.65 2.32 0.23 1.96 6.20 12.62 23.14 45.44 85.29 124.43 159.71 199.93 223.52 230.33 177.33 132.80 101.73 77.30 57.29 42.14
30.09 22.96 21.61 15.30 8.72 4.40 0.57 3.45 8.55 16.45 28.71 51.91 93.54 138.18 182.99 232.75 255.86 241.61 168.45 121.13 92.35 66.19 49.88 40.54
33.52 26.72 25.18 18.37 11.09 5.92 1.39 4.93 9.62 17.66 29.40 48.30 81.43 122.67 173.74 234.15 263.81 241.69 171.55 134.45 105.25 68.80 46.02 33.59
26.62 21.38 20.05 15.11 9.65 5.66 2.30 5.70 9.87 17.74 28.27 42.21 64.96 99.41 152.63 219.85 255.78 232.75 175.91 149.92 117.62 69.28 39.31 22.89
15.20 12.58 11.88 9.36 6.47 4.42 2.58 5.05 9.05 16.23 25.14 35.52 51.36 78.84 126.83 188.93 225.15 207.76 165.81 144.45 110.83 60.17 31.12 15.61
8.41 7.21 6.81 5.67 4.64 3.70 2.04 3.38 6.81 12.29 18.87 26.45 38.77 59.94 96.27 142.61 174.58 170.33 144.39 124.89 95.37 52.44 30.59 18.43
10.44 7.48 6.37 5.33 5.02 4.08 1.39 2.35 5.56 10.14 16.03 22.68 34.83 52.69 79.85 113.58 143.51 151.40 133.61 116.77 96.67 64.00 49.10 36.97
23.18 15.04 11.60 8.89 7.11 5.24 1.31 3.40 8.87 16.15 26.23 36.12 51.56 69.46 94.92 126.75 158.61 166.25 138.89 123.43 114.67 92.21 83.11 68.03
45.18 30.70 23.03 16.03 10.14 6.83 1.86 6.17 16.44 29.40 47.23 63.05 82.61 100.17 126.11 159.12 190.57 186.53 141.85 124.25 121.52 109.38 106.86 92.83
65.94 47.14 34.76 22.22 12.30 8.34 2.53 8.16 22.00 38.37 60.27 78.98 98.90 113.34 136.39 165.79 191.73 179.62 131.29 109.49 101.91 96.26 99.25 94.33
72.00 50.58 36.45 21.57 11.42 8.52 2.64 7.24 19.81 33.68 51.89 68.18 84.37 95.96 116.18 141.33 162.52 155.37 119.59 94.26 75.15 68.66 71.92 78.37
62.23 37.25 26.12 14.56 8.01 7.20 2.17 4.54 12.64 21.66 34.23 48.04 62.18 76.66 101.25 128.93 149.27 150.25 125.32 99.90 71.82 57.16 51.52 61.09
46.69 19.49 13.35 7.73 5.57 6.36 2.10 3.10 8.72 16.76 28.42 43.40 60.42 83.99 119.50 155.21 175.42 177.63 154.74 137.10 106.09 75.57 49.62 48.31
32.47 8.98 6.68 5.70 6.71 7.53 3.33 4.78 13.40 26.36 41.13 56.99 76.61 107.69 150.17 189.57 208.08 209.36 189.87 188.28 159.14 109.60 58.95 38.86
21.35 5.90 5.83 7.42 10.27 9.66 5.42 8.53 24.41 45.09 62.75 75.13 90.60 118.97 156.96 189.28 205.82 208.75 196.39 206.65 182.11 123.83 61.99 30.25
13.41 5.25 6.27 8.65 12.05 10.07 6.40 10.56 32.26 58.10 76.89 84.89 91.67 108.92 137.61 159.30 177.45 180.73 168.08 171.90 149.45 98.79 48.37 20.52
7.65 4.08 5.21 6.85 9.50 7.56 5.04 8.45 29.92 55.47 74.39 82.34 83.47 90.46 114.76 132.51 157.31 158.51 137.70 122.17 94.32 56.27 27.61 11.98
3.88 2.53 3.13 3.59 5.06 4.18 2.68 4.34 20.54 41.08 58.23 68.25 68.67 70.79 93.30 111.91 141.80 145.49 127.64 98.36 58.45 26.74 14.09 8.12
3.12 1.83 1.50 1.41 2.25 2.46 1.24 1.44 10.97 23.95 36.11 45.49 47.23 48.19 65.06 81.74 108.63 123.23 130.44 102.59 49.69 17.99 11.42 9.40
5.97 2.73 0.86 0.78 1.64 2.60 0.97 0.42 4.85 10.89 17.11 24.11 28.10 29.56 38.46 49.85 69.50 95.99 131.56 116.63 58.21 23.99 16.01 13.67
11.01 4.94 1.19 1.17 2.24 3.49 1.14 0.61 3.29 5.51 7.83 13.44 20.26 22.85 26.31 33.64 49.26 80.24 125.72 127.53 75.41 38.23 23.04 16.50
14.18 6.95 2.52 2.61 3.58 4.57 1.28 1.74 6.30 7.72 7.96 12.08 20.14 23.22 24.73 31.85 48.05 77.89 120.56 137.42 95.46 54.46 28.42 14.90
12.79 7.56 4.65 5.17 5.37 5.64 1.38 3.38 11.79 13.85 12.49 13.55 19.72 21.93 23.22 32.85 51.18 80.88 122.88 147.53 108.31 63.35 29.43 11.12
9.24 7.32 6.66 7.64 6.55 6.03 1.34 4.23 14.70 17.22 14.97 13.26 16.37 17.32 18.73 30.21 49.39 82.10 125.52 145.68 102.70 58.27 26.14 9.76
7.92 7.90 7.91 8.57 6.39 5.40 1.05 3.39 11.88 13.96 12.07 10.06 11.84 12.93 14.84 26.04 44.88 81.02 121.69 128.64 84.77 47.03 24.03 14.09
11.64 11.00 9.38 8.61 5.88 4.70 0.73 1.76 6.65 8.03 6.94 6.38 9.47 13.25 17.45 29.18 50.27 90.08 124.94 119.00 77.79 44.81 28.75 24.82
20.14 16.27 11.79 9.27 6.22 4.83 0.68 0.66 3.92 5.31 4.35 5.00 10.94 19.70 29.02 45.51 74.77 121.34 151.79 137.89 94.71 54.37 37.66 38.86
29.21 19.79 13.12 9.82 6.79 5.29 1.06 0.39 4.46 6.50 4.86 5.47 13.39 26.70 42.41 66.99 106.98 158.98 183.65 166.82 117.84 62.47 42.73 50.46
33.84 18.48 11.97 9.59 7.41 6.24 2.59 0.57 5.61 7.95 5.69 5.48 12.68 26.63 45.68 75.24 118.57 164.64 178.38 162.90 115.60 56.21 39.38 52.83
31.66 14.55 11.07 11.25 10.48 10.01 6.75 0.79 5.09 6.80 4.75 4.07 8.68 19.06 35.45 61.02 94.52 123.69 129.43 119.20 83.64 38.62 29.25 42.19
23.29 11.39 12.59 15.92 16.47 16.78 13.01 0.82 3.13 3.88 2.66 2.15 4.31 9.89 19.94 35.55 53.71 67.45 79.08 77.87 52.41 24.26 18.32 24.90
13.12 9.07 13.47 18.52 19.77 20.74 16.63 0.65 1.29 1.48 1.00 0.82 1.58 3.80 8.52 16.41 25.14 32.81 61.40 70.70 45.91 21.83 12.16 12.35
6.98 6.86 10.54 14.64 15.85 17.05 13.89 0.40 0.36 0.39 0.32 0.35 0.62 1.41 3.95 10.07 18.12 25.20 66.10 82.06 55.32 26.31 11.13 9.28
7.50 6.08 6.01 7.70 8.48 9.35 7.67 0.18 0.07 0.13 0.39 0.75 1.14 1.74 4.30 12.09 23.49 28.81 66.01 81.27 59.18 28.09 12.33 12.95
12.79 7.72 3.74 3.72 4.24 4.39 3.16 0.06 0.02 0.26 1.15 2.27 3.34 4.48 7.52 15.85 28.38 29.81 52.48 62.67 51.54 24.72 13.69 17.75
17.40 9.95 5.11 5.59 6.12 4.96 2.14 0.02 0.03 0.74 2.65 4.80 6.88 8.99 12.20 18.17 27.54 26.12 35.61 42.19 42.98 21.58 14.44 18.72
16.99 10.94 10.41 13.87 13.92 10.30 3.62 0.02 0.09 1.83 4.70 7.31 9.82 12.62 15.70 18.63 23.68 21.79 25.17 33.71 45.52 26.43 16.18 15.41
12.59 11.07 17.99 25.08 23.45 16.67 5.63 0.04 0.19 3.94 7.56 9.60 11.09 13.23 15.42 16.44 18.79 17.64 21.59 39.99 65.21 45.37 23.10 11.50
7.65 10.31 22.12 30.36 27.05 18.64 6.21 0.06 0.35 7.07 11.70 13.26 12.61 12.39 12.39 11.85 12.60 12.24 20.41 53.15 94.58 72.89 34.66 9.60
3.94 7.93 18.92 25.02 22.07 15.05 5.34 0.14 0.50 9.55 15.41 17.84 15.25 12.25 9.59 7.30 6.76 7.09 18.84 58.32 106.82 85.91 40.63 8.69
1.76 5.01 12.34 15.40 14.56 10.83 5.72 0.57 0.57 9.25 15.28 19.06 16.21 12.15 8.10 4.63 3.40 5.00 18.69 49.93 86.00 70.29 34.25 7.27
0.96 3.14 7.87 9.32 10.56 11.09 11.12 2.20 0.76 6.65 11.37 15.56 14.65 12.25 8.48 4.25 2.79 6.38 23.16 39.28 53.28 43.62 23.50 6.30
1.13 2.42 6.17 7.72 10.91 17.33 24.45 6.21 1.50 4.55 7.96 12.51 15.61 16.74 13.35 7.06 4.69 9.38 30.33 36.26 35.13 28.49 18.41 7.00
1.77 2.10 5.32 7.77 13.29 26.60 42.82 11.99 2.78 4.64 8.06 14.78 23.74 29.88 26.08 15.07 9.97 12.43 34.84 39.48 34.35 26.90 18.87 8.58
2.43 1.71 4.01 6.95 13.84 30.72 53.38 15.41 3.66 6.28 10.76 20.65 36.38 50.13 47.74 32.30 22.92 17.08 35.44 46.66 43.14 30.44 19.76 9.26
2.89 1.37 2.38 4.69 10.43 24.41 45.54 13.10 3.36 7.98 13.36 24.55 46.13 71.14 77.05 65.09 52.15 28.30 36.14 58.40 56.54 34.01 18.25 8.46
3.43 1.61 1.36 2.35 5.50 13.15 26.48 7.43 2.34 8.67 13.96 23.35 48.42 85.92 106.88 109.12 95.92 46.86 39.90 70.49 68.02 36.21 15.12 7.27
4.43 2.63 1.56 1.39 2.64 5.53 11.25 3.05 1.43 7.75 11.94 17.86 41.98 84.70 117.05 135.36 126.93 62.57 45.28 74.25 69.11 36.20 13.45 7.31
5.79 4.34 3.25 2.37 2.95 3.96 5.64 1.57 0.81 5.27 7.86 10.75 28.56 62.82 93.53 119.84 121.03 67.35 53.17 71.11 63.37 39.11 19.82 11.68
8.38 7.29 6.79 5.16 5.29 5.83 6.11 1.81 0.44 2.62 3.86 5.48 15.92 35.30 56.26 82.89 95.04 69.31 66.08 70.62 64.94 56.49 42.31 24.73
14.65 12.38 11.60 8.48 7.44 7.29 7.05 2.14 0.50 1.54 2.34 5.52 14.42 26.29 42.28 70.46 91.20 83.65 77.51 70.06 74.64 86.21 76.27 43.95
23.36 17.90 15.10 10.16 7.66 6.26 5.60 1.73 1.64 3.53 4.90 13.94 30.89 49.43 73.35 113.65 140.09 121.98 81.65 59.92 77.51 104.30 98.27 55.95
27.02 19.01 14.30 8.88 6.02 3.75 2.88 0.96 4.72 9.99 12.70 31.19 62.59 96.56 136.39 196.36 224.92 175.78 83.56 43.41 66.15 94.12 91.47 51.30
21.18 13.92 9.52 5.58 3.63 1.67 0.95 0.45 9.07 19.14 23.75 50.88 92.83 135.16 180.79 247.24 270.39 200.38 80.78 29.03 47.01 65.97 65.07 35.75
11.28 6.91 4.38 2.51 1.67 0.62 0.23 0.27 11.29 23.75 30.82 62.03 103.73 138.63 170.44 216.87 225.77 165.00 66.10 19.06 28.43 38.08 37.06 19.97
4.65 2.70 1.73 1.21 0.99 0.53 0.21 0.18 9.09 19.05 27.79 57.47 91.74 114.09 127.92 144.72 139.56 107.44 51.32 14.74 16.18 20.40 18.24 10.53
3.59 2.60 2.26 2.43 2.48 1.85 0.88 0.11 4.77 9.89 17.59 40.20 65.15 81.23 88.93 89.59 83.30 80.73 53.67 18.44 12.57 14.37 11.72 10.12
8.01 6.66 6.31 7.03 7.30 5.57 2.70 0.11 1.66 3.36 8.02 21.19 36.89 50.24 59.08 59.55 66.40 88.56 72.74 29.81 15.34 15.90 14.34 16.85
16.29 13.75 12.91 13.93 14.40 10.93 5.33 0.17 0.40 0.83 2.78 8.64 16.64 25.69 34.05 41.08 64.70 104.89 95.51 44.65 20.82 19.97 19.76 24.34
23.41 19.40 17.58 17.94 18.41 13.85 6.79 0.21 0.08 0.28 0.83 2.85 6.04 10.58 17.25 31.18 66.51 112.84 108.97 56.32 26.01 23.10 23.08 27.38
25.06 19.49 16.28 15.21 15.35 11.38 5.63 0.17 0.11 0.50 0.55 1.04 2.36 5.04 11.97 31.16 72.87 113.56 110.40 61.38 29.30 24.12 23.65 26.64
22.57 15.44 11.27 9.10 8.77 6.34 3.18 0.10 0.48 1.91 1.74 1.60 3.25 7.01 16.27 39.06 83.66 115.28 108.55 64.05 33.35 25.64 23.82 25.09
19.49 11.66 7.87 5.30 4.55 3.18 1.59 0.07 1.45 5.66 5.21 4.25 7.50 13.93 25.38 49.70 92.60 117.59 108.23 68.57 40.62 29.78 24.55 23.30
16.94 10.01 7.66 4.94 3.99 2.82 1.31 0.10 2.83 10.99 10.17 8.10 12.90 21.28 32.56 55.13 90.35 109.84 101.93 69.28 44.59 31.62 23.10 19.87
14.12 9.24 8.17 5.43 4.62 3.38 1.41 0.15 3.53 13.72 12.84 10.39 15.47 23.32 31.70 48.76 71.82 85.45 81.97 57.99 37.62 25.97 18.18 15.19
11.27 8.38 7.57 4.93 4.26 3.17 1.18 0.15 2.84 11.00 10.57 9.30 13.51 19.15 24.25 33.93 44.28 53.28 54.89 39.39 24.93 17.71 14.41 12.98
10.29 8.14 6.67 3.94 3.00 2.13 0.72 0.15 1.56 5.82 5.99 6.44 9.75 14.06 17.98 21.98 23.10 30.97 37.37 27.84 18.35 15.21 16.10 15.31
11.59 8.37 5.99 3.28 2.00 1.13 0.49 0.40 1.26 3.11 3.84 5.53 8.99 14.29 19.71 21.45 17.82 27.41 38.37 31.84 23.67 21.02 22.07 20.17
13.97 8.35 5.10 3.34 2.21 0.76 0.96 1.69 3.79 6.14 8.24 11.93 18.36 28.54 39.14 40.94 31.23 37.61 51.23 47.43 37.99 32.30 29.41 25.97
17.97 9.52 4.84 5.13 4.51 1.24 2.67 5.11 11.26 17.28 23.00 31.70 45.87 67.97 90.36 92.37 64.73 52.09 61.92 61.15 50.55 41.91 34.88 31.35
23.39 12.94 6.33 8.91 8.67 2.65 5.54 10.15 22.07 33.83 45.56 62.31 87.35 126.24 164.36 164.80 107.68 62.89 61.38 60.62 50.13 42.39 34.50 32.08
25.72 15.94 8.82 12.62 12.45 4.94 8.37 13.36 28.06 44.18 62.12 86.79 120.01 168.89 214.01 210.65 133.26 64.62 50.84 46.53 38.09 35.02 29.26 27.11
22.49 15.97 11.03 14.43 14.08 7.89 10.16 12.38 23.49 39.77 61.18 90.04 124.64 168.82 204.72 197.18 125.82 57.58 37.64 30.37 26.18 28.22 24.97 21.75
17.62 14.12 12.26 14.49 13.85 10.33 10.81 9.19 13.58 26.47 46.64 73.66 103.43 134.97 154.93 145.28 95.89 45.66 27.39 21.20 21.53 26.73 24.11 19.08
14.68 11.69 11.46 12.66 11.90 10.44 9.89 6.61 7.15 16.12 30.78 50.52 72.75 95.23 105.23 95.24 62.54 32.68 22.27 21.59 24.54 31.77 26.64 18.22
14.07 9.24 8.92 9.36 8.75 8.50 7.92 6.10 9.45 18.41 26.87 38.23 54.81 76.55 85.05 73.17 41.80 24.84 24.91 32.07 35.23 43.95 33.66 19.40
16.04 8.34 7.36 7.57 6.98 7.26 7.32 9.10 23.51 40.18 43.75 47.88 60.75 85.03 96.15 80.17 39.87 27.26 35.66 48.32 49.56 57.04 41.63 22.16
19.26 9.77 8.41 9.23 8.02 7.87 9.04 14.81 44.77 74.01 72.49 68.69 74.96 95.69 108.31 90.59 46.33 35.63 46.38 58.22 57.21 60.52 43.19 23.53
20.51 11.79 10.33 11.76 9.59 8.39 10.49 18.02 55.89 91.57 85.72 75.21 72.81 83.06 93.34 79.25 44.97 38.82 46.10 52.23 50.74 50.66 35.62 20.78
17.82 11.67 10.13 11.23 8.73 6.98 9.06 14.82 45.12 74.10 68.29 57.77 51.97 54.14 59.85 51.40 33.24 33.82 36.35 35.92 34.28 32.83 22.70 14.16
11.98 8.55 7.24 7.56 5.70 4.32 5.59 8.19 23.55 39.56 38.01 34.16 33.10 36.00 38.62 32.55 24.08 31.18 31.29 24.55 20.20 17.05 11.27 7.45
6.29 4.77 4.02 4.01 3.06 2.29 2.76 3.33 7.98 15.19 19.14 23.95 32.06 42.76 45.82 37.18 27.21 37.56 37.06 24.34 15.23 9.31 5.44 3.87
3.30 2.74 2.48 2.56 2.12 1.62 1.67 1.52 1.78 6.42 14.89 26.20 42.40 61.84 67.95 54.89 36.10 43.37 41.90 26.39 14.56 7.02 3.63 2.76
2.39 2.25 2.43 2.69 2.28 1.69 1.55 1.25 0.29 4.67 14.52 27.30 45.41 67.39 75.74 61.57 37.00 38.07 35.73 22.67 12.41 5.70 2.86 2.19
2.00 2.48 3.73 4.35 3.43 2.25 1.76 1.45 0.10 3.45 11.00 20.36 33.64 50.08 57.33 47.09 26.82 26.38 26.14 17.84 10.46 4.99 2.47 1.87
2.11 4.01 7.96 9.60 7.28 4.43 3.01 2.58 0.23 1.89 6.22 11.24 18.39 27.33 31.96 27.02 15.51 18.15 22.79 17.93 11.54 5.81 2.97 2.50
3.66 7.76 15.68 19.09 14.87 9.39 6.52 5.86 0.66 1.03 4.34 7.90 13.19 19.55 23.72 21.38 12.76 15.08 22.36 19.29 13.02 7.10 4.53 4.91
7.38 13.20 23.51 28.55 23.73 16.74 12.93 12.08 1.54 1.31 6.79 12.81 22.09 32.52 39.65 35.85 20.11 15.35 19.92 17.91 12.73 8.67 8.28 10.44
13.85 19.57 28.38 34.32 31.71 26.19 23.09 21.86 3.38 3.11 14.18 25.51 42.54 60.33 71.31 62.36 32.82 20.05 20.53 19.04 15.01 13.64 16.44 20.57
24.00 28.72 34.70 41.92 42.63 39.76 38.18 35.69 7.10 7.25 27.39 44.12 67.49 89.64 100.88 85.12 43.96 29.50 29.16 27.77 23.75 23.62 28.75 34.58
38.12 43.77 50.27 59.99 60.97 57.38 55.38 50.16 12.36 13.18 43.10 62.39 86.76 107.02 114.24 93.95 50.79 39.59 39.65 37.94 33.63 33.31 39.89 47.49
51.85 60.55 70.84 82.65 79.48 70.70 65.32 56.23 16.42 19.50 54.71 74.52 97.65 115.19 121.11 103.10 64.41 51.47 47.28 43.51 38.38 36.89 44.69 53.01
56.99 67.04 79.55 90.93 83.14 69.31 61.41 51.27 21.30 35.82 73.35 98.05 127.82 152.28 167.74 158.73 114.37 85.05 70.52 61.36 50.49 43.47 49.78 55.46
58.63 66.73 78.36 88.37 77.73 60.59 56.37 54.87 46.00 97.92 148.84 191.63 246.66 293.90 327.56 321.33 234.08 168.54 142.90 127.29 102.14 80.22 78.14 78.14
86.39 93.00 105.48 117.99 102.10 76.67 83.08 102.48 119.89 246.05 334.33 409.20 504.53 580.45 624.25 594.71 414.94 295.82 262.11 246.95 207.98 165.51 147.74 142.00
162.53 170.29 189.05 209.61 184.90 144.52 163.67 206.18 236.21 445.09 592.14 701.73 828.23 914.80 944.34 863.04 576.66 403.63 359.22 357.58 324.35 270.98 236.42 227.65
256.53 264.77 291.99 320.95 293.28 245.23 271.12 318.46 320.79 564.40 787.55 934.39 1072.92 1148.64 1150.28 1011.88 654.33 442.25 374.61 390.69 382.97 335.96 292.43 284.68
307.29 312.91 345.26 377.37 359.66 321.69 343.49 370.69 310.50 526.76 837.33 1035.20 1185.76 1252.30 1236.77 1057.29 672.09 437.42 338.00 358.99 371.38 335.98 292.33 287.64
293.96 296.16 328.77 358.96 355.83 335.56 347.13 348.11 235.90 398.04 762.71 998.88 1159.26 1222.52 1200.40 1004.50 634.36 408.68 295.57 308.46 323.17 293.35 250.90 245.99
239.01 239.22 267.43 292.44 297.27 289.17 292.94 280.22 158.41 262.73 592.07 806.51 947.19 998.55 971.70 794.75 495.69 326.65 237.03 242.87 254.76 228.99 187.49 178.12
166.75 165.58 185.00 202.48 208.09 205.68 207.10 194.13 97.60 149.18 370.64 513.31 609.05 643.61 618.31 490.12 295.61 205.57 159.24 163.16 176.26 159.42 124.57 112.33
101.99 98.59 108.73 119.22 123.32 123.23 125.33 117.57 55.28 73.99 193.24 271.29 330.14 356.68 337.93 253.50 142.04 111.78 100.48 101.58 114.90 107.62 84.53 74.30
65.56 60.01 66.19 74.46 77.94 77.72 81.17 77.39 38.45 49.59 121.10 173.01 219.18 246.84 228.97 157.74 79.99 74.07 81.00 78.19 87.05 83.17 69.61 63.12
56.13 52.13 62.72 75.37 79.91 77.66 82.08 78.38 51.03 79.05 148.95 201.32 246.81 272.24 244.55 164.11 82.24 68.67 78.99 76.21 80.59 73.95 63.63 59.69
56.66 61.57 85.85 108.86 115.68 110.85 115.78 109.18 95.33 175.00 266.68 325.77 363.84 372.54 324.52 226.56 118.01 72.01 72.85 74.07 77.78 66.08 53.96 52.42
56.76 77.47 123.50 163.24 175.42 171.91 181.37 173.32 173.94 326.31 444.33 505.90 522.76 503.99 431.06 311.43 164.72 77.35 64.11 70.24 75.87 61.47 46.81 49.45
63.15 99.57 165.75 225.56 249.74 257.76 281.99 280.19 268.08 440.05 556.67 606.22 593.18 553.21 469.99 343.26 180.62 74.87 56.82 69.57 80.05 71.04 59.03 68.13
89.63 133.46 203.32 274.19 313.73 340.74 385.88 399.88 337.16 423.66 492.96 514.85 477.61 435.11 368.96 269.55 141.13 58.85 51.35 73.92 93.52 99.17 97.96 116.00
142.40 186.40 241.39 306.35 356.29 396.34 454.42 485.19 365.07 316.72 327.54 329.11 288.12 258.44 221.60 164.18 89.78 48.74 58.48 89.86 117.53 138.32 150.33 177.41
205.82 248.71 282.35 331.99 383.72 421.99 475.16 509.76 359.90 222.43 219.00 241.33 226.02 222.58 211.64 171.59 110.38 86.35 107.25 138.47 160.73 182.85 199.32 229.09
254.68 295.01 312.30 346.77 389.70 411.81 442.27 464.82 322.23 179.72 239.37 355.18 412.24 465.17 482.52 410.14 278.25 222.92 246.42 262.99 253.54 254.02 262.82 289.90
312.59 352.98 367.87 389.20 409.62 401.59 396.60 400.87 278.72 180.58 370.94 657.54 840.95 982.89 1024.44 864.10 581.78 458.44 488.57 480.46 416.62 379.58 380.57 413.29
446.94 502.25 531.95 539.75 525.34 472.31 424.74 409.26 279.67 208.90 524.92 981.30 1286.16 1495.00 1521.05 1253.38 831.28 657.51 710.90 687.25 583.28 519.48 526.38 578.80
638.58 718.67 765.92 756.54 705.29 604.87 520.03 484.16 316.68 229.55 573.88 1071.34 1397.90 1589.97 1557.13 1240.95 808.62 651.56 733.25 720.18 630.19 574.17 596.47 665.78
746.01 836.16 882.53 854.58 782.60 664.15 569.89 522.13 329.42 212.09 476.89 867.35 1110.80 1225.55 1145.33 872.33 556.80 465.57 558.68 572.94 539.06 516.31 548.12 616.94
697.52 776.51 804.38 765.79 703.52 618.37 553.27 509.02 316.71 173.41 329.01 589.37 743.48 796.72 712.88 510.02 315.76 279.19 368.23 404.46 419.62 424.46 455.16 514.03
584.58 650.06 662.60 627.16 598.00 577.92 561.10 528.93 332.26 151.75 234.91 439.93 564.77 601.65 530.39 354.64 207.64 183.54 264.01 310.84 343.50 353.48 375.48 421.92
480.38 537.75 548.91 526.56 527.53 557.93 575.97 555.34 354.70 142.83 192.79 386.20 513.94 554.90 488.82 311.96 170.86 135.56 202.27 253.56 283.98 285.67 294.20 321.74
361.49 405.99 421.19 413.10 423.60 464.83 489.40 476.79 308.44 114.57 146.69 306.43 420.31 461.03 402.67 249.18 130.53 91.75 139.99 191.55 216.85 212.17 208.51 214.15
230.61 255.55 269.27 269.04 275.03 302.18 316.43 308.90 201.49 68.05 86.16 186.37 263.00 294.53 255.06 157.11 84.80 56.56 87.72 134.77 156.11 150.04 139.35 129.90
128.81 136.77 143.37 144.12 145.39 158.00 163.45 160.89 106.12 30.51 39.64 87.50 125.93 145.19 126.51 82.23 52.00 36.34 54.61 92.05 108.39 102.38 89.30 75.34
67.63 67.17 67.88 67.98 68.73 74.77 79.00 82.69 57.49 15.18 24.74 46.60 62.95 73.38 65.83 46.77 34.15 25.45 35.08 60.78 72.97 69.04 57.67 46.60
40.39 39.04 38.68 40.37 43.16 47.84 55.82 67.00 52.78 20.87 48.21 76.27 91.83 101.53 91.53 62.85 37.62 26.76 32.27 51.11 63.47 64.76 57.49 52.34
52.43 55.30 57.27 63.77 69.93 75.02 90.80 113.05 93.43 49.10 125.66 206.13 248.80 270.66 244.61 166.37 86.99 56.81 62.13 83.22 97.83 106.79 104.22 108.02
121.90 135.04 140.28 153.65 163.13 169.59 197.15 234.63 188.56 107.75 274.83 475.35 583.34 632.77 576.75 401.44 210.73 136.13 145.66 177.97 190.83 211.45 215.76 234.66
274.49 305.82 313.13 330.86 340.77 351.93 392.55 442.54 343.04 203.04 478.15 849.25 1049.12 1130.20 1030.62 723.77 386.73 259.46 283.35 335.88 343.12 381.72 400.10 443.29
518.13 571.29 576.43 589.39 593.21 612.34 662.45 712.16 537.76 315.87 647.45 1148.76 1420.61 1516.18 1366.64 941.04 503.39 360.42 410.20 484.96 490.83 548.95 591.89 669.42
776.95 844.16 839.94 837.59 826.58 847.51 898.18 932.98 694.93 387.09 674.05 1182.13 1472.84 1566.83 1380.10 896.22 465.59 360.85 429.31 508.84 520.21 587.13 655.29 765.95
891.29 956.21 938.64 919.78 889.08 897.56 938.29 954.82 708.89 364.75 545.07 958.41 1226.76 1323.60 1134.75 668.47 323.84 271.25 331.70 390.63 406.58 464.51 538.38 655.79
773.14 821.30 795.34 769.05 723.89 713.73 738.77 745.77 556.66 266.59 356.80 652.16 878.28 982.19 833.88 451.60 203.20 179.07 216.09 249.35 264.79 301.50 352.50 437.78
520.19 546.36 520.47 494.51 447.09 426.90 436.74 442.82 337.37 162.83 212.44 421.98 610.39 720.07 639.08 364.70 173.31 154.60 178.27 202.87 217.63 231.86 241.19 272.45
310.37 318.95 296.63 270.93 228.48 208.76 206.23 212.45 172.16 103.30 144.29 315.65 497.06 620.92 605.18 407.14 219.75 195.71 223.00 255.98 273.85 270.96 239.08 221.75
225.60 224.81 203.92 174.23 133.90 115.95 104.10 106.90 95.69 83.61 122.64 278.10 467.78 601.89 627.77 477.27 274.81 237.60 273.21 317.63 339.13 324.38 271.73 228.73
213.53 210.44 188.95 154.70 116.53 100.20 85.59 82.96 76.77 90.56 133.60 270.71 451.60 570.20 612.74 517.27 307.97 241.54 276.75 321.62 339.78 315.66 268.91 226.73
202.94 203.36 182.56 148.49 123.62 117.03 110.25 103.94 97.87 144.14 217.32 349.43 513.27 606.56 650.49 598.09 361.26 246.14 270.37 297.57 300.78 268.86 239.25 213.91
188.94 195.81 177.24 147.17 144.65 156.20 163.76 156.02 150.07 240.72 370.68 525.41 682.29 762.00 792.26 725.63 432.73 275.73 289.18 287.73 269.18 231.46 211.91 201.53
180.15 189.85 175.05 152.21 167.70 194.75 213.14 205.05 193.36 304.97 483.03 664.79 816.52 888.02 891.42 773.43 460.25 297.66 308.41 288.83 254.49 214.41 197.47 188.70
171.70 177.86 172.62 164.13 185.88 219.30 240.53 233.14 210.07 304.29 515.10 720.57 867.20 931.11 909.51 755.39 488.93 324.55 324.09 310.57 277.31 243.27 234.89 216.63
204.27 207.90 223.52 237.96 254.60 289.97 308.95 302.13 266.03 341.29 620.32 879.30 1033.84 1094.57 1054.13 879.31 667.70 432.15 384.39 394.67 382.55 365.72 377.12 347.24
345.60 357.54 403.43 444.96 441.95 476.03 488.21 480.84 420.83 487.15 868.40 1205.51 1367.98 1420.61 1360.32 1162.37 969.41 602.15 486.16 527.92 549.16 551.51 578.59 544.04
562.68 592.54 661.14 721.33 684.38 707.49 707.76 703.60 599.67 622.84 1046.99 1427.96 1583.37 1621.59 1541.24 1319.19 1114.64 674.82 537.13 611.88 657.20 664.77 684.41 656.46
692.17 731.50 795.40 853.31 792.07 799.90 791.87 800.13 655.15 603.04 977.73 1350.89 1514.56 1563.67 1471.91 1219.17 966.11 577.38 496.95 594.91 636.27 631.47 624.98 615.13
648.66 671.43 706.38 747.28 695.39 696.23 688.10 708.16 554.26 459.42 768.62 1116.98 1322.70 1422.01 1334.31 1052.13 724.07 433.40 434.82 533.80 548.57 526.66 498.30 516.44
536.08 526.52 533.74 564.05 543.41 545.14 536.40 552.64 410.29 309.83 568.16 878.07 1107.67 1246.75 1174.74 903.25 546.64 333.53 376.77 452.36 441.37 411.96 380.11 422.66
436.43 410.69 412.11 448.71 458.98 468.79 461.84 468.00 334.53 210.37 388.58 621.04 803.28 922.10 868.79 665.57 379.78 237.99 277.92 319.38 300.75 277.89 258.14 306.98
328.61 317.37 332.21 380.84 413.20 439.93 447.02 457.50 334.08 162.88 234.73 368.18 458.59 518.06 482.22 366.66 203.53 132.43 156.15 174.38 164.69 156.13 154.29 199.71
237.56 255.10 285.53 337.08 376.42 415.95 438.29 461.77 351.93 150.36 144.63 206.61 227.41 240.85 217.95 158.92 87.11 64.63 80.86 93.17 96.09 100.82 116.27 164.81
220.64 260.61 300.29 347.42 377.26 411.53 435.31 459.63 351.58 151.59 131.88 178.70 186.29 188.73 168.98 114.05 69.52 70.32 86.11 97.55 108.66 123.08 156.04 214.11
280.22 327.12 372.64 420.67 433.68 448.84 465.75 478.26 353.18 168.38 199.78 294.32 341.59 359.20 326.72 219.84 145.60 158.40 174.27 179.32 196.45 220.41 276.77 343.95
406.74 443.76 492.73 549.21 546.70 541.15 552.39 552.20 397.45 214.11 325.89 505.23 614.23 653.02 594.03 401.16 266.96 288.76 305.16 299.87 323.75 358.06 440.90 513.02
569.95 585.88 629.92 687.38 673.47 652.56 656.29 644.14 462.87 261.49 410.17 635.77 772.46 815.25 737.16 496.05 326.81 351.58 368.37 356.73 383.99 422.14 513.99 579.78
666.15 661.00 689.86 731.43 711.92 684.27 677.26 654.65 473.00 261.42 370.89 557.25 660.98 685.20 614.75 411.17 266.44 285.64 299.70 289.56 313.50 344.50 416.77 463.59
663.38 646.65 661.39 685.04 664.94 637.37 623.19 596.07 432.86 229.34 282.71 404.71 461.71 466.11 414.94 275.61 174.22 186.22 196.36 190.44 209.43 231.14 278.51 308.14
