8473.26 8549.60 8549.48 8401.73 8590.49 8518.01 8624.20 9091.14 9208.62 9147.03 8814.39 8907.10 8821.97 8622.79 8773.19 8663.50 8881.40 8973.43 9037.72 8884.89 9056.55 9020.73 8810.53 8629.11
8678.61 8654.52 8596.02 8484.38 8575.17 8629.29 8636.83 9049.48 8894.74 8902.37 8410.04 8571.98 8622.40 9009.08 9043.41 9225.26 9158.98 8843.62 8805.86 9081.95 9002.64 9166.32 8778.58 8660.92
8740.84 8717.78 8661.77 8554.91 8641.81 8693.62 8700.84 9095.85 8947.72 8955.02 8483.75 8638.76 8687.03 9057.18 9090.03 9264.11 9200.66 8898.79 8862.64 9126.93 9051.01 9207.69 8836.53 8723.90
8801.30 8779.45 8726.38 8625.12 8707.47 8756.56 8763.40 9137.72 8997.35 9004.27 8557.69 8704.58 8750.32 9101.07 9132.20 9297.16 9237.04 8950.98 8916.73 9167.17 9095.23 9243.70 8891.98 8785.26
8788.50 8765.11 8708.28 8599.84 8688.02 8740.59 8747.92 9148.75 8998.43 9005.85 8527.64 8684.93 8733.90 9109.50 9142.84 9319.48 9255.10 8948.78 8912.10 9180.28 9103.25 9262.24 8885.60 8771.32
8616.38 8689.06 8688.95 8548.28 8727.99 8658.98 8760.09 9204.64 9316.50 9257.85 8941.16 9029.43 8948.37 8758.75 8901.93 8797.50 9004.95 9092.58 9153.78 9008.28 9171.71 9137.61 8937.48 8764.77
8639.27 8715.54 8715.43 8567.81 8756.39 8683.98 8790.07 9256.54 9373.91 9312.38 8980.07 9072.69 8987.64 8788.66 8938.91 8829.33 9047.01 9138.95 9203.17 9050.50 9221.99 9186.21 8976.21 8794.98
8889.30 8866.79 8812.10 8707.76 8792.62 8843.20 8850.25 9235.94 9091.30 9098.44 8638.29 8789.64 8836.77 9198.18 9230.26 9400.23 9338.27 9043.52 9008.23 9266.28 9192.16 9345.14 8982.74 8872.77
8883.37 8860.62 8805.36 8699.91 8785.66 8836.78 8843.90 9233.66 9087.50 9094.71 8629.71 8782.65 8830.28 9195.50 9227.92 9399.68 9337.07 9039.21 9003.55 9264.32 9189.41 9344.01 8977.79 8866.66
8826.89 8802.71 8743.96 8631.88 8723.03 8777.37 8784.94 9199.26 9043.89 9051.55 8557.24 8719.83 8770.45 9158.69 9193.15 9375.74 9309.19 8992.56 8954.65 9231.85 9152.22 9316.57 8927.26 8809.13
8755.25 8729.53 8667.06 8547.87 8644.80 8702.58 8710.64 9151.22 8986.00 8994.15 8468.50 8641.40 8695.23 9108.09 9144.73 9338.90 9268.13 8931.42 8891.11 9185.88 9101.21 9275.97 8861.98 8736.36
8756.28 8730.66 8668.43 8549.70 8646.26 8703.82 8711.84 9150.73 8986.14 8994.26 8470.64 8642.87 8696.49 9107.76 9144.26 9337.68 9267.18 8931.77 8891.61 9185.26 9100.91 9274.99 8862.60 8737.46
8638.56 8710.39 8710.28 8571.25 8748.87 8680.66 8780.58 9219.93 9330.47 9272.51 8959.54 9046.77 8966.66 8779.26 8920.77 8817.56 9022.58 9109.18 9169.66 9025.87 9187.39 9153.68 8955.90 8785.21
8663.33 8725.19 8725.10 8605.37 8758.33 8699.59 8785.64 9164.00 9259.20 9209.29 8939.75 9014.88 8945.89 8784.50 8906.37 8817.49 8994.05 9068.63 9120.72 8996.88 9135.98 9106.95 8936.62 8789.62
8794.72 8776.07 8730.77 8644.32 8714.62 8756.53 8762.37 9081.91 8962.08 8967.99 8586.76 8712.15 8751.20 9050.62 9077.20 9218.02 9166.69 8922.50 8893.26 9107.05 9045.64 9172.38 8872.13 8781.03
8710.13 8686.97 8630.70 8523.34 8610.65 8662.70 8669.95 9066.81 8917.99 8925.33 8451.85 8607.58 8656.07 9027.96 9060.97 9235.86 9172.11 8868.82 8832.51 9098.03 9021.76 9179.18 8806.27 8693.12
8716.07 8692.09 8633.86 8522.75 8613.11 8666.98 8674.48 9085.20 8931.18 8938.77 8448.77 8609.94 8660.12 9044.99 9079.15 9260.15 9194.18 8880.30 8842.72 9117.51 9038.58 9201.49 8815.57 8698.46
8702.27 8679.19 8623.11 8516.12 8603.13 8655.00 8662.23 9057.72 8909.41 8916.72 8444.88 8600.08 8648.40 9019.00 9051.89 9226.18 9162.66 8860.41 8824.23 9088.83 9012.82 9169.70 8798.08 8685.32
8731.75 8710.35 8658.37 8559.20 8639.85 8687.93 8694.63 9061.23 8923.76 8930.53 8493.16 8637.02 8681.81 9025.34 9055.83 9217.39 9158.50 8878.34 8844.80 9090.07 9019.62 9165.03 8820.56 8716.04
8532.54 8601.37 8601.27 8468.04 8638.25 8572.89 8668.64 9089.68 9195.62 9140.08 8840.14 8923.74 8846.97 8667.37 8802.99 8704.08 8900.56 8983.55 9041.51 8903.71 9058.50 9026.20 8836.66 8673.07
8475.45 8544.31 8544.20 8410.93 8581.19 8515.81 8611.60 9032.75 9138.72 9083.16 8783.14 8866.76 8789.97 8610.32 8745.98 8647.04 8843.58 8926.59 8984.57 8846.73 9001.56 8969.25 8779.65 8616.03
8682.72 8661.15 8608.75 8508.77 8590.08 8638.55 8645.30 9014.89 8876.29 8883.13 8442.19 8587.22 8632.38 8978.70 9009.44 9172.32 9112.95 8830.51 8796.69 9043.96 8972.93 9119.53 8772.26 8666.88
8722.83 8700.39 8645.89 8541.89 8626.46 8676.88 8683.91 9068.34 8924.18 8931.29 8472.64 8623.49 8670.47 9030.70 9062.68 9232.10 9170.35 8876.55 8841.38 9098.59 9024.70 9177.19 8815.96 8706.35
8730.02 8706.79 8650.39 8542.75 8630.28 8682.46 8689.74 9087.59 8938.39 8945.75 8471.09 8627.21 8675.83 9048.64 9081.73 9257.06 9193.16 8889.11 8852.70 9118.89 9042.43 9200.24 8826.40 8712.97
8715.73 8693.59 8639.81 8537.19 8620.64 8670.39 8677.32 9056.63 8914.39 8921.41 8468.86 8617.71 8664.06 9019.50 9051.05 9218.21 9157.28 8867.40 8832.69 9086.48 9013.58 9164.03 8807.62 8699.47
8652.19 8631.41 8580.95 8484.66 8562.96 8609.64 8616.15 8972.07 8838.60 8845.18 8420.54 8560.21 8603.70 8937.23 8966.83 9123.68 9066.51 8794.51 8761.94 9000.07 8931.67 9072.85 8738.41 8636.93
8401.06 8474.32 8474.21 8332.41 8513.56 8444.00 8545.91 8994.01 9106.76 9047.64 8728.43 8817.40 8735.70 8544.56 8688.89 8583.63 8792.73 8881.05 8942.74 8796.09 8960.82 8926.44 8724.72 8550.63
8410.23 8484.96 8484.84 8340.22 8524.98 8454.03 8557.98 9015.02 9130.02 9069.73 8744.14 8834.89 8751.55 8556.60 8703.81 8596.45 8809.73 8899.81 8962.73 8813.15 8981.17 8946.11 8740.36 8562.79
8611.72 8589.79 8536.52 8434.88 8517.54 8566.81 8573.68 8949.37 8808.49 8815.43 8367.21 8514.64 8560.54 8912.59 8943.84 9109.41 9049.06 8761.94 8727.57 8978.93 8906.73 9055.75 8702.73 8595.61
8601.83 8579.24 8524.38 8419.69 8504.82 8555.57 8562.65 8949.62 8804.50 8811.66 8349.98 8501.83 8549.12 8911.73 8943.92 9114.45 9052.29 8756.56 8721.15 8980.06 8905.69 9059.18 8695.57 8585.24
8565.07 8540.20 8479.79 8364.52 8458.26 8514.14 8521.93 8948.02 8788.24 8796.11 8287.77 8454.97 8507.03 8906.30 8941.74 9129.52 9061.08 8735.45 8696.46 8981.54 8899.65 9068.66 8668.30 8546.81
8578.38 8554.34 8495.96 8384.56 8475.16 8529.16 8536.69 8948.45 8794.04 8801.65 8310.39 8471.97 8522.29 8908.14 8942.39 9123.85 9057.71 8743.03 8705.35 8980.85 8901.71 9065.04 8678.13 8560.73
8549.13 8524.59 8464.99 8351.26 8443.75 8498.88 8506.56 8926.94 8769.30 8777.07 8275.54 8440.50 8491.87 8885.78 8920.74 9106.00 9038.48 8717.22 8678.75 8960.01 8879.22 9045.96 8650.96 8531.11
8299.04 8377.23 8377.12 8225.78 8419.12 8344.88 8453.64 8931.88 9052.21 8989.12 8648.44 8743.39 8656.19 8452.20 8606.24 8493.89 8717.06 8811.32 8877.16 8720.64 8896.46 8859.77 8644.48 8458.68
8278.93 8351.93 8351.82 8210.53 8391.03 8321.72 8423.26 8869.74 8982.08 8923.18 8605.12 8693.77 8612.36 8421.91 8565.72 8460.84 8669.19 8757.19 8818.66 8672.53 8836.67 8802.42 8601.42 8427.96
8404.33 8382.87 8330.73 8231.24 8312.15 8360.38 8367.10 8734.85 8596.94 8603.74 8164.99 8309.31 8354.24 8698.84 8729.43 8891.50 8832.43 8551.38 8517.73 8763.78 8693.10 8838.98 8493.42 8388.57
8389.33 8367.07 8313.01 8209.86 8293.75 8343.76 8350.72 8732.03 8589.04 8596.09 8141.17 8290.80 8337.39 8694.69 8726.41 8894.45 8833.20 8541.80 8506.91 8762.02 8688.74 8839.99 8481.70 8372.99
8437.07 8413.00 8354.53 8242.97 8333.70 8387.78 8395.32 8807.68 8653.04 8660.67 8168.69 8330.51 8380.90 8767.31 8801.61 8983.34 8917.10 8601.96 8564.23 8840.13 8760.87 8924.44 8536.97 8419.39
8438.28 8412.02 8348.23 8226.50 8325.49 8384.50 8392.73 8842.67 8673.94 8682.26 8145.45 8322.02 8376.99 8798.61 8836.04 9034.32 8962.05 8618.20 8577.03 8878.06 8791.59 8970.06 8547.28 8419.00
8431.85 8406.70 8345.62 8229.08 8323.86 8380.35 8388.23 8819.02 8657.47 8665.44 8151.48 8320.53 8373.17 8776.85 8812.68 9002.53 8933.33 8604.11 8564.69 8852.92 8770.12 8941.00 8536.21 8413.38
8152.71 8231.01 8230.89 8079.34 8272.96 8198.61 8307.53 8786.48 8906.99 8843.80 8502.61 8597.71 8510.38 8306.09 8460.35 8347.84 8571.34 8665.75 8731.68 8574.93 8751.00 8714.26 8498.65 8312.57
8337.46 8312.12 8250.58 8133.15 8228.65 8285.58 8293.51 8727.57 8564.80 8572.82 8054.96 8225.30 8278.33 8685.07 8721.18 8912.46 8842.74 8511.02 8471.31 8761.72 8678.30 8850.47 8442.61 8318.85
8384.09 8360.86 8304.43 8196.76 8284.32 8336.52 8343.79 8741.79 8592.54 8599.90 8125.07 8281.25 8329.88 8702.82 8735.93 8911.32 8847.39 8543.24 8506.82 8773.10 8696.61 8854.48 8480.51 8367.03
8337.89 8315.18 8260.04 8154.81 8240.39 8291.40 8298.51 8687.46 8541.60 8548.79 8084.75 8237.38 8284.91 8649.38 8681.73 8853.13 8790.66 8493.41 8457.82 8718.06 8643.30 8797.58 8432.11 8321.21
8315.36 8294.91 8245.23 8150.44 8227.53 8273.48 8279.89 8630.27 8498.87 8505.35 8087.33 8224.82 8267.64 8595.96 8625.11 8779.51 8723.23 8455.47 8423.41 8657.83 8590.49 8729.47 8400.24 8300.34
8075.32 8144.70 8144.59 8010.33 8181.86 8115.99 8212.49 8636.78 8743.54 8687.56 8385.31 8469.55 8392.19 8211.20 8347.87 8248.20 8446.19 8529.82 8588.24 8449.37 8605.35 8572.80 8381.80 8216.95
8014.93 8085.17 8085.06 7949.11 8122.79 8056.10 8153.81 8583.43 8691.53 8634.85 8328.80 8414.10 8335.77 8152.51 8290.89 8189.97 8390.45 8475.13 8534.28 8393.67 8551.61 8518.65 8325.24 8158.33
8004.11 8068.45 8068.35 7943.82 8102.91 8041.82 8131.32 8524.86 8623.88 8571.96 8291.62 8369.76 8298.00 8130.14 8256.89 8164.45 8348.09 8425.66 8479.84 8351.04 8495.71 8465.52 8288.36 8135.47
8018.38 8077.86 8077.77 7962.66 8109.72 8053.25 8135.98 8499.76 8591.29 8543.30 8284.15 8356.38 8290.05 8134.88 8252.05 8166.60 8336.35 8408.06 8458.14 8339.08 8472.81 8444.90 8281.14 8139.81
8089.11 8146.04 8145.95 8035.77 8176.53 8122.48 8201.67 8549.87 8637.49 8591.55 8343.50 8412.63 8349.15 8200.62 8312.77 8230.98 8393.47 8462.10 8510.04 8396.07 8524.08 8497.37 8340.62 8205.33
8129.32 8185.11 8185.03 8077.04 8215.00 8162.02 8239.63 8580.87 8666.74 8621.72 8378.63 8446.38 8384.16 8238.60 8348.51 8268.35 8427.59 8494.85 8541.83 8430.15 8555.60 8529.42 8375.80 8243.22
8069.71 8139.33 8139.22 8004.47 8176.62 8110.52 8207.36 8633.20 8740.34 8684.17 8380.81 8465.36 8387.72 8206.08 8343.24 8243.20 8441.92 8525.85 8584.48 8445.11 8601.66 8568.99 8377.29 8211.84
8189.84 8165.06 8104.86 7990.00 8083.41 8139.09 8146.86 8571.42 8412.21 8420.06 7913.52 8080.13 8132.01 8529.85 8565.17 8752.27 8684.08 8359.61 8320.76 8604.82 8523.23 8691.63 8292.70 8171.64
8153.22 8128.50 8068.44 7953.85 8047.04 8102.59 8110.34 8533.92 8375.07 8382.91 7877.55 8043.77 8095.53 8492.45 8527.68 8714.35 8646.31 8322.60 8283.84 8567.24 8485.84 8653.85 8255.84 8135.07
8230.54 8209.40 8158.04 8060.05 8139.74 8187.25 8193.87 8556.08 8420.25 8426.95 7994.81 8136.94 8181.20 8520.62 8550.75 8710.37 8652.19 8375.38 8342.23 8584.58 8514.96 8658.64 8318.29 8215.02
8080.39 8149.16 8149.05 8015.96 8185.99 8120.70 8216.35 8636.93 8742.75 8687.27 8387.66 8471.17 8394.48 8215.08 8350.55 8251.75 8448.01 8530.91 8588.81 8451.16 8605.78 8573.51 8384.18 8220.78
8262.07 8238.90 8182.62 8075.23 8162.57 8214.63 8221.88 8618.83 8469.97 8477.31 8003.73 8159.50 8208.00 8579.97 8612.98 8787.92 8724.15 8420.80 8384.48 8650.06 8573.77 8731.22 8358.24 8245.06
8291.71 8267.85 8209.92 8099.38 8189.28 8242.87 8250.34 8658.94 8505.71 8513.26 8025.78 8186.12 8236.05 8618.93 8652.92 8832.99 8767.35 8455.09 8417.70 8691.08 8612.55 8774.63 8390.69 8274.19
8343.85 8322.18 8269.54 8169.09 8250.78 8299.47 8306.26 8677.54 8538.31 8545.17 8102.21 8247.91 8293.28 8641.19 8672.07 8835.69 8776.05 8492.31 8458.34 8706.75 8635.39 8782.66 8433.79 8327.94
8367.01 8346.47 8296.58 8201.38 8278.80 8324.95 8331.38 8683.28 8551.31 8557.82 8137.99 8276.08 8319.08 8648.82 8678.09 8833.17 8776.65 8507.72 8475.52 8710.96 8643.33 8782.91 8452.26 8351.93
8331.99 8309.87 8256.13 8153.60 8236.99 8286.69 8293.62 8672.62 8530.49 8537.50 8085.33 8234.06 8280.37 8635.51 8667.04 8834.06 8773.18 8483.54 8448.86 8702.44 8629.60 8779.93 8423.81 8315.75
8166.31 8232.94 8232.84 8103.88 8268.63 8205.36 8298.05 8705.58 8808.12 8754.36 8464.04 8544.96 8470.66 8296.82 8428.08 8332.35 8522.53 8602.85 8658.96 8525.58 8675.40 8644.13 8460.67 8302.34
8163.98 8227.10 8227.01 8104.85 8260.91 8200.98 8288.78 8674.81 8771.95 8721.02 8446.02 8522.67 8452.28 8287.61 8411.95 8321.27 8501.41 8577.50 8630.65 8504.31 8646.22 8616.61 8442.82 8292.84
8352.34 8331.29 8280.14 8182.55 8261.92 8309.23 8315.82 8676.55 8541.28 8547.95 8117.57 8259.13 8303.21 8641.23 8671.24 8830.21 8772.27 8496.59 8463.58 8704.93 8635.60 8778.69 8439.73 8336.88
8389.77 8368.21 8315.86 8215.96 8297.20 8345.63 8352.38 8721.64 8583.16 8589.99 8149.45 8294.35 8339.47 8685.48 8716.20 8878.93 8819.61 8537.42 8503.63 8750.69 8679.72 8826.19 8479.22 8373.94
8358.02 8334.38 8276.98 8167.43 8256.52 8309.62 8317.02 8721.94 8570.09 8577.58 8094.49 8253.39 8302.87 8682.29 8715.97 8894.42 8829.38 8519.93 8482.88 8753.79 8675.97 8836.59 8456.11 8340.66
8385.89 8364.31 8311.91 8211.93 8293.24 8341.71 8348.47 8718.05 8579.45 8586.29 8145.35 8290.38 8335.54 8681.86 8712.60 8875.48 8816.11 8533.67 8499.85 8747.12 8676.09 8822.69 8475.42 8370.04
8379.56 8358.67 8307.90 8211.05 8289.81 8336.77 8343.31 8701.34 8567.08 8573.70 8146.55 8287.05 8330.80 8666.29 8696.07 8853.85 8796.34 8522.73 8489.97 8729.51 8660.70 8802.71 8466.30 8364.22
8125.47 8199.44 8199.33 8056.16 8239.06 8168.83 8271.73 8724.16 8838.01 8778.32 8456.01 8545.84 8463.35 8270.36 8416.09 8309.80 8520.94 8610.12 8672.40 8524.33 8690.65 8655.95 8452.27 8276.49
8066.38 8147.10 8146.98 7990.76 8190.33 8113.70 8225.97 8719.63 8843.84 8778.72 8427.05 8525.06 8435.05 8224.48 8383.49 8267.52 8497.89 8595.19 8663.15 8501.58 8683.07 8645.20 8422.96 8231.16
8305.70 8279.79 8216.84 8096.74 8194.41 8252.64 8260.75 8704.71 8538.22 8546.43 8016.77 8190.98 8245.23 8661.24 8698.17 8893.82 8822.50 8483.22 8442.60 8739.63 8654.31 8830.41 8413.25 8286.67
8384.41 8361.33 8305.28 8198.31 8285.30 8337.15 8344.38 8739.77 8591.49 8598.81 8127.09 8282.24 8330.56 8701.05 8733.94 8908.18 8844.67 8542.51 8506.33 8770.87 8694.88 8851.71 8480.20 8367.47
8372.81 8352.40 8302.82 8208.24 8285.16 8331.01 8337.41 8687.04 8555.93 8562.39 8145.25 8282.46 8325.18 8652.81 8681.89 8835.98 8779.81 8512.61 8480.62 8714.55 8647.35 8786.04 8457.51 8357.82
8300.35 8280.01 8230.60 8136.33 8213.00 8258.70 8265.07 8613.52 8482.85 8489.29 8073.56 8210.30 8252.88 8579.40 8608.39 8761.95 8705.98 8439.68 8407.80 8640.93 8573.97 8712.18 8384.76 8285.41
8258.31 8237.91 8188.35 8093.80 8170.69 8216.53 8222.92 8572.42 8441.36 8447.82 8030.85 8167.99 8210.70 8538.20 8567.27 8721.29 8665.15 8398.06 8366.08 8599.92 8532.75 8671.38 8342.98 8243.33
8067.81 8135.64 8135.54 8004.26 8171.98 8107.57 8201.93 8616.79 8721.18 8666.45 8370.91 8453.28 8377.64 8200.67 8334.30 8236.84 8430.44 8512.22 8569.33 8433.55 8586.07 8554.24 8367.48 8206.29
8018.04 8096.53 8096.41 7944.50 8138.58 8064.05 8173.23 8653.29 8774.08 8710.75 8368.77 8464.08 8376.55 8171.78 8326.41 8213.63 8437.65 8532.28 8598.37 8441.25 8617.73 8580.90 8364.79 8178.28
8285.40 8261.32 8202.85 8091.27 8182.01 8236.10 8243.64 8656.08 8501.42 8509.04 8016.97 8178.82 8229.22 8615.70 8650.01 8831.77 8765.52 8450.32 8412.58 8688.53 8609.26 8772.86 8385.32 8267.72
8361.60 8340.25 8288.39 8189.45 8269.92 8317.88 8324.57 8690.30 8553.15 8559.91 8123.57 8267.09 8311.78 8654.49 8684.91 8846.09 8787.34 8507.84 8474.38 8719.08 8648.78 8793.86 8450.20 8345.92
8368.26 8346.91 8295.06 8196.12 8276.58 8324.54 8331.23 8696.94 8559.80 8566.56 8130.24 8273.76 8318.44 8661.14 8691.55 8852.72 8793.98 8514.49 8481.03 8725.71 8655.43 8800.49 8456.85 8352.58
8307.58 8284.99 8230.13 8125.43 8210.57 8261.33 8268.40 8655.39 8510.27 8517.42 8055.72 8207.58 8254.87 8617.50 8649.69 8820.24 8758.07 8462.33 8426.92 8685.84 8611.46 8764.96 8401.33 8290.99
8256.73 8235.84 8185.10 8088.27 8167.01 8213.95 8220.49 8578.39 8444.18 8450.80 8023.80 8164.25 8207.98 8543.35 8573.12 8730.84 8673.36 8399.84 8367.09 8606.55 8537.76 8679.73 8343.43 8241.39
8066.30 8129.62 8129.53 8006.96 8163.55 8103.42 8191.51 8578.83 8676.28 8625.19 8349.27 8426.17 8355.55 8190.34 8315.09 8224.10 8404.85 8481.19 8534.51 8407.75 8550.14 8520.43 8346.06 8195.58
8062.93 8126.13 8126.04 8003.70 8159.99 8099.98 8187.90 8574.50 8671.77 8620.77 8345.37 8422.13 8351.64 8186.74 8311.26 8220.44 8400.85 8477.05 8530.27 8403.74 8545.87 8516.21 8342.17 8191.97
8219.41 8199.39 8150.75 8057.94 8133.42 8178.41 8184.68 8527.74 8399.09 8405.43 7996.14 8130.76 8172.68 8494.15 8522.69 8673.87 8618.77 8356.59 8325.20 8554.73 8488.80 8624.87 8302.52 8204.71
8239.39 8216.47 8160.81 8054.60 8140.98 8192.46 8199.64 8592.23 8445.01 8452.27 7983.88 8137.94 8185.91 8553.79 8586.45 8759.46 8696.40 8396.37 8360.45 8623.12 8547.67 8703.39 8334.50 8222.56
8243.37 8220.09 8163.54 8055.63 8143.39 8195.69 8202.99 8601.84 8452.27 8459.64 7983.79 8140.30 8189.04 8562.79 8595.96 8771.73 8707.67 8402.85 8366.36 8633.22 8556.56 8714.77 8339.99 8226.27
8205.29 8181.72 8124.48 8015.25 8104.08 8157.03 8164.41 8568.15 8416.75 8424.21 7942.53 8100.96 8150.29 8528.62 8562.20 8740.13 8675.28 8366.73 8329.79 8599.91 8522.32 8682.46 8303.10 8187.98
8142.33 8118.38 8060.23 7949.27 8039.51 8093.30 8100.80 8510.96 8357.15 8364.73 7875.39 8036.34 8086.46 8470.80 8504.92 8685.67 8619.79 8306.33 8268.80 8543.23 8464.40 8627.09 8241.69 8124.74
8007.76 8079.66 8079.56 7940.40 8118.18 8049.91 8149.93 8589.69 8700.34 8642.32 8329.05 8416.36 8336.18 8148.60 8290.24 8186.94 8392.15 8478.83 8539.38 8395.45 8557.11 8523.38 8325.41 8154.55
8030.36 8100.75 8100.64 7964.41 8138.45 8071.62 8169.53 8600.03 8708.35 8651.56 8344.88 8430.36 8351.86 8168.23 8306.89 8205.76 8406.66 8491.51 8550.78 8409.88 8568.15 8535.12 8341.32 8174.06
8235.86 8215.00 8164.33 8067.65 8146.28 8193.14 8199.68 8557.04 8423.03 8429.64 8003.28 8143.51 8187.18 8522.05 8551.78 8709.27 8651.86 8378.76 8346.06 8585.16 8516.48 8658.23 8322.43 8220.54
8256.21 8234.78 8182.74 8083.43 8164.19 8212.33 8219.04 8586.12 8448.46 8455.25 8017.31 8161.35 8206.21 8550.18 8580.71 8742.48 8683.52 8402.99 8369.40 8615.00 8544.45 8690.05 8345.13 8240.47
8314.07 8290.91 8234.68 8127.38 8214.64 8266.66 8273.91 8670.52 8521.79 8529.13 8055.94 8211.58 8260.04 8631.69 8664.68 8839.47 8775.76 8472.66 8436.37 8701.73 8625.50 8782.82 8410.15 8297.07
8133.61 8209.03 8208.92 8062.93 8249.44 8177.82 8282.74 8744.08 8860.16 8799.30 8470.65 8562.25 8478.14 8281.35 8429.94 8321.57 8536.85 8627.79 8691.30 8540.31 8709.91 8674.52 8466.84 8287.60
8152.62 8222.98 8222.87 8086.70 8260.66 8193.86 8291.73 8722.03 8830.30 8773.53 8467.00 8552.43 8473.98 8290.43 8429.03 8327.94 8528.74 8613.56 8672.80 8531.97 8690.16 8657.15 8463.43 8296.25
8184.49 8250.18 8250.08 8122.93 8285.37 8222.99 8314.38 8716.18 8817.28 8764.28 8478.04 8557.82 8484.56 8313.16 8442.58 8348.19 8535.70 8614.90 8670.21 8538.71 8686.42 8655.60 8474.71 8318.61
8296.28 8277.66 8232.43 8146.13 8216.31 8258.15 8263.98 8582.98 8463.36 8469.26 8088.67 8213.85 8252.83 8551.75 8578.29 8718.87 8667.63 8423.84 8394.65 8608.08 8546.77 8673.31 8373.56 8282.61
8192.66 8170.18 8115.57 8011.38 8096.11 8146.62 8153.66 8538.80 8394.37 8401.49 7942.00 8093.14 8140.20 8501.09 8533.13 8702.85 8640.99 8346.66 8311.42 8569.10 8495.08 8647.85 8285.96 8176.15
8150.58 8126.68 8068.63 7957.87 8047.94 8101.64 8109.12 8518.54 8365.01 8372.58 7884.11 8044.78 8094.81 8478.46 8512.51 8692.94 8627.18 8314.29 8276.83 8550.75 8472.07 8634.47 8249.76 8133.03
8113.95 8089.42 8029.82 7916.09 8008.58 8063.71 8071.39 8491.75 8334.12 8341.89 7840.37 8005.33 8056.69 8450.60 8485.56 8670.81 8603.29 8282.04 8243.58 8524.82 8444.04 8610.77 8215.79 8095.94
8113.97 8087.87 8024.48 7903.53 8001.89 8060.53 8068.70 8515.78 8348.12 8356.39 7822.99 7998.44 8053.07 8472.01 8509.20 8706.23 8634.41 8292.74 8251.83 8550.96 8465.03 8642.37 8222.27 8094.80
8160.23 8134.13 8070.75 7949.81 8048.16 8106.80 8114.97 8562.01 8394.37 8402.64 7869.28 8044.71 8099.34 8518.25 8555.43 8752.44 8680.63 8338.99 8298.08 8597.19 8511.27 8688.59 8268.53 8141.07
8059.83 8134.03 8133.92 7990.31 8173.78 8103.33 8206.54 8660.38 8774.57 8714.70 8391.40 8481.51 8398.76 8205.17 8351.35 8244.74 8456.53 8545.98 8608.46 8459.93 8626.77 8591.95 8387.64 8211.32
8110.64 8179.50 8179.40 8046.12 8216.39 8151.01 8246.79 8667.96 8773.93 8718.37 8418.34 8501.96 8425.17 8245.52 8381.18 8282.24 8478.78 8561.79 8619.78 8481.93 8636.76 8604.45 8414.86 8251.23
8243.61 8222.12 8169.90 8070.27 8151.29 8199.59 8206.33 8574.59 8436.49 8443.30 8003.93 8148.45 8193.45 8538.54 8569.17 8731.46 8672.31 8390.87 8357.17 8603.57 8532.79 8678.87 8332.83 8227.83
8199.04 8177.69 8125.84 8026.89 8107.36 8155.32 8162.01 8527.74 8390.59 8397.35 7961.01 8104.53 8149.22 8491.93 8522.35 8683.52 8624.78 8345.28 8311.81 8556.51 8486.22 8631.29 8287.64 8183.36
8171.20 8150.30 8099.53 8002.66 8081.44 8128.40 8134.95 8493.02 8358.74 8365.36 7938.16 8078.67 8122.43 8457.96 8487.74 8645.54 8588.02 8314.38 8281.62 8521.19 8452.37 8594.40 8257.94 8155.85
8200.54 8178.93 8126.46 8026.32 8107.75 8156.30 8163.06 8533.20 8394.40 8401.24 7959.64 8104.89 8150.12 8496.96 8527.75 8690.87 8631.42 8348.55 8314.68 8562.32 8491.19 8638.01 8290.21 8184.67
8256.00 8233.86 8180.08 8077.46 8160.91 8210.66 8217.60 8596.93 8454.68 8461.69 8009.13 8157.98 8204.33 8559.79 8591.34 8758.51 8697.58 8407.68 8372.97 8626.77 8553.87 8704.33 8347.90 8239.74
8128.40 8197.15 8197.05 8063.99 8233.98 8168.70 8264.34 8684.83 8790.63 8735.16 8435.61 8519.10 8442.43 8263.07 8398.50 8299.73 8495.95 8578.83 8636.72 8499.10 8653.68 8621.42 8432.13 8268.76
8117.64 8188.17 8188.06 8051.56 8225.95 8158.98 8257.09 8688.45 8796.99 8740.08 8432.79 8518.44 8439.78 8255.79 8394.73 8293.39 8494.69 8579.71 8639.10 8497.92 8656.50 8623.41 8429.22 8261.63
8243.54 8219.79 8162.09 8051.99 8141.53 8194.90 8202.34 8609.29 8456.68 8464.21 7978.69 8138.38 8188.11 8569.45 8603.30 8782.64 8717.27 8406.27 8369.03 8641.31 8563.10 8724.52 8342.13 8226.10
8232.90 8208.77 8150.15 8038.31 8129.27 8183.49 8191.04 8604.46 8449.43 8457.07 7963.84 8126.07 8176.59 8563.98 8598.37 8780.56 8714.15 8398.21 8360.38 8636.98 8557.53 8721.51 8333.05 8215.18
8220.04 8196.86 8140.55 8033.10 8120.48 8172.57 8179.83 8577.00 8428.06 8435.41 7961.55 8117.41 8165.94 8538.12 8571.15 8746.19 8682.39 8378.86 8342.52 8608.25 8531.92 8689.46 8316.26 8203.02
8185.46 8163.84 8111.31 8011.09 8092.59 8141.18 8147.95 8518.43 8379.50 8386.35 7944.35 8089.73 8135.00 8482.15 8512.97 8676.23 8616.73 8333.60 8299.70 8547.57 8476.37 8623.32 8275.21 8169.58
8113.01 8091.36 8038.77 7938.43 8020.03 8068.68 8075.46 8446.36 8307.27 8314.13 7871.61 8017.16 8062.49 8410.05 8440.90 8604.36 8544.78 8261.32 8227.38 8475.54 8404.26 8551.38 8202.86 8097.11
8126.04 8103.88 8050.04 7947.31 8030.85 8080.66 8087.60 8467.32 8324.92 8331.95 7878.91 8027.92 8074.32 8430.14 8461.73 8629.07 8568.08 8277.88 8243.14 8497.20 8424.22 8574.84 8218.03 8109.77
8010.86 8076.55 8076.45 7949.31 8111.74 8049.37 8140.75 8542.54 8643.63 8590.63 8304.40 8384.18 8310.92 8139.53 8268.95 8174.56 8362.06 8441.25 8496.57 8365.07 8512.78 8481.95 8301.08 8144.98
7941.94 8009.02 8008.92 7879.10 8044.95 7981.26 8074.56 8484.81 8588.03 8533.91 8241.66 8323.12 8248.32 8073.33 8205.46 8109.09 8300.53 8381.39 8437.87 8303.60 8454.42 8422.95 8238.27 8078.88
7869.95 7938.67 7938.56 7805.56 7975.47 7910.23 8005.82 8426.12 8531.87 8476.42 8177.01 8260.46 8183.83 8004.55 8139.93 8041.19 8237.33 8320.17 8378.03 8240.47 8394.99 8362.74 8173.53 8010.24
8034.85 8014.03 7963.46 7866.98 7945.44 7992.22 7998.74 8355.39 8221.64 8228.24 7802.73 7942.69 7986.27 8320.47 8350.13 8507.31 8450.02 8177.46 8144.82 8383.44 8314.90 8456.37 8121.25 8019.56
8036.92 8016.35 7966.39 7871.06 7948.59 7994.80 8001.24 8353.62 8221.48 8227.99 7807.58 7945.86 7988.92 8319.12 8348.43 8503.72 8447.12 8177.82 8145.58 8381.34 8313.62 8453.39 8122.28 8021.81
8105.22 8084.40 8033.83 7937.33 8015.81 8062.59 8069.11 8425.80 8292.04 8298.64 7873.08 8013.05 8056.63 8390.88 8420.55 8577.74 8520.45 8247.85 8215.21 8453.86 8385.31 8526.80 8191.63 8089.93
7986.42 8053.36 8053.26 7923.71 8089.21 8025.66 8118.77 8528.15 8631.16 8577.15 8285.52 8366.80 8292.16 8117.53 8249.39 8153.22 8344.26 8424.96 8481.32 8347.33 8497.83 8466.42 8282.13 8123.07
8046.39 8111.49 8111.40 7985.40 8146.37 8084.55 8175.11 8573.28 8673.47 8620.94 8337.29 8416.35 8343.75 8173.91 8302.16 8208.62 8394.43 8472.91 8527.73 8397.41 8543.79 8513.24 8334.00 8179.30
8192.55 8172.62 8124.23 8031.90 8106.99 8151.75 8157.99 8499.29 8371.30 8377.61 7970.42 8104.35 8146.06 8465.87 8494.26 8644.67 8589.85 8329.02 8297.79 8526.14 8460.55 8595.92 8275.23 8177.92
8195.24 8173.21 8119.70 8017.61 8100.64 8150.13 8157.03 8534.40 8392.88 8399.86 7949.63 8097.72 8143.83 8497.45 8528.84 8695.15 8634.53 8346.13 8311.60 8564.09 8491.56 8641.25 8286.66 8179.06
8178.70 8156.13 8101.32 7996.74 8081.79 8132.49 8139.55 8526.14 8381.17 8388.32 7927.10 8078.80 8126.04 8488.29 8520.44 8690.81 8628.71 8333.28 8297.90 8556.55 8482.25 8635.59 8272.35 8162.13
8189.42 8167.29 8113.52 8010.93 8094.36 8144.10 8151.03 8530.26 8388.05 8395.06 7942.61 8091.43 8137.77 8493.13 8524.67 8691.80 8630.88 8341.07 8306.36 8560.09 8487.21 8637.63 8281.30 8173.17
8157.35 8135.99 8084.12 7985.14 8065.63 8113.62 8120.31 8486.18 8348.98 8355.74 7919.23 8062.81 8107.51 8450.36 8480.79 8642.03 8583.26 8303.65 8270.17 8514.96 8444.65 8589.77 8245.99 8141.67
7898.05 7962.15 7962.05 7837.99 7996.48 7935.62 8024.78 8416.83 8515.48 8463.76 8184.47 8262.31 8190.83 8023.60 8149.88 8057.78 8240.73 8318.01 8371.98 8243.67 8387.80 8357.72 8181.23 8028.91
7881.91 7940.45 7940.36 7827.06 7971.80 7916.22 7997.65 8355.69 8445.78 8398.55 8143.49 8214.58 8149.30 7996.57 8111.89 8027.78 8194.87 8265.44 8314.73 8197.55 8329.18 8301.71 8140.53 8001.42
8094.92 8076.45 8031.57 7945.95 8015.58 8057.09 8062.88 8379.36 8260.68 8266.53 7888.94 8013.14 8051.81 8348.37 8374.70 8514.17 8463.34 8221.47 8192.51 8404.26 8343.43 8468.97 8171.59 8081.35
8110.13 8093.34 8052.56 7974.75 8038.03 8075.75 8081.01 8368.64 8260.78 8266.09 7922.94 8035.81 8070.95 8340.48 8364.40 8491.16 8444.96 8225.14 8198.83 8391.27 8335.99 8450.08 8179.81 8097.80
8084.64 8067.42 8025.59 7945.78 8010.69 8049.38 8054.77 8349.78 8239.15 8244.61 7892.64 8008.41 8044.46 8320.90 8345.44 8475.45 8428.06 8202.61 8175.61 8372.99 8316.30 8433.31 8156.11 8072.00
8056.37 8040.12 8000.64 7925.32 7986.57 8023.09 8028.18 8306.60 8202.19 8207.34 7875.17 7984.42 8018.44 8279.34 8302.50 8425.19 8380.47 8167.70 8142.22 8328.50 8274.99 8385.43 8123.82 8044.43
8034.24 8016.55 7973.57 7891.57 7958.26 7998.01 8003.55 8306.65 8192.98 8198.59 7836.98 7955.92 7992.95 8276.97 8302.18 8435.76 8387.07 8155.44 8127.70 8330.49 8272.24 8392.47 8107.67 8021.25
7861.31 7924.60 7924.50 7802.01 7958.50 7898.41 7986.44 8373.53 8470.93 8419.86 8144.11 8220.97 8150.39 7985.27 8109.95 8019.02 8199.66 8275.95 8329.24 8202.56 8344.86 8315.16 8140.91 7990.52
7895.70 7956.86 7956.77 7838.40 7989.62 7931.55 8016.63 8390.69 8484.81 8435.46 8168.99 8243.26 8175.06 8015.50 8135.98 8048.11 8222.67 8296.40 8347.90 8225.47 8362.98 8334.29 8165.89 8020.56
8129.05 8108.14 8057.35 7960.44 8039.25 8086.23 8092.78 8450.99 8316.66 8323.29 7895.92 8036.48 8080.26 8415.92 8445.72 8603.58 8546.04 8272.29 8239.51 8479.18 8410.33 8552.42 8215.83 8113.69
8138.89 8118.15 8067.78 7971.66 8049.83 8096.42 8102.92 8458.20 8324.96 8331.53 7907.67 8047.08 8090.49 8423.41 8452.96 8609.53 8552.46 8280.95 8248.44 8486.15 8417.87 8558.79 8224.96 8123.66
8089.55 8068.34 8016.81 7918.49 7998.45 8046.11 8052.75 8416.19 8279.90 8286.62 7853.02 7995.64 8040.05 8380.60 8410.83 8571.00 8512.62 8234.87 8201.62 8444.78 8374.93 8519.09 8177.59 8073.97
8014.70 7997.42 7955.45 7875.36 7940.49 7979.31 7984.73 8280.77 8169.75 8175.22 7822.03 7938.20 7974.37 8251.78 8276.41 8406.87 8359.32 8133.08 8105.99 8304.06 8247.16 8364.59 8086.42 8002.01
8025.76 8008.84 7967.73 7889.29 7953.08 7991.11 7996.41 8286.34 8177.61 8182.98 7837.07 7950.84 7986.27 8257.95 8282.07 8409.84 8363.27 8141.70 8115.17 8309.15 8253.43 8368.43 8096.00 8013.33
7896.18 7945.90 7945.83 7849.60 7972.53 7925.33 7994.49 8298.58 8375.09 8334.97 8118.35 8178.73 8123.28 7993.57 8091.52 8020.08 8161.99 8221.92 8263.79 8164.26 8276.05 8252.73 8115.83 7997.69
7873.31 7921.64 7921.57 7828.03 7947.53 7901.64 7968.87 8264.47 8338.84 8299.85 8089.27 8147.96 8094.07 7967.98 8063.19 7993.75 8131.69 8189.95 8230.65 8133.90 8242.57 8219.90 8086.83 7971.98
7948.37 7932.84 7895.12 7823.14 7881.67 7916.57 7921.43 8187.49 8087.72 8092.63 7775.21 7879.62 7912.13 8161.44 8183.57 8300.82 8258.08 8054.76 8030.41 8208.42 8157.29 8262.82 8012.82 7936.96
7920.40 7902.50 7859.01 7776.04 7843.52 7883.74 7889.35 8196.06 8081.04 8086.71 7720.79 7841.15 7878.62 8166.03 8191.54 8326.71 8277.44 8043.05 8014.98 8220.19 8161.24 8282.90 7994.70 7907.25
7966.73 7948.64 7904.69 7820.84 7889.03 7929.68 7935.35 8245.31 8129.07 8134.80 7765.01 7886.64 7924.51 8214.96 8240.74 8377.34 8327.55 8090.67 8062.31 8269.69 8210.12 8333.07 8041.82 7953.45
8062.36 8045.66 8005.09 7927.67 7990.63 8028.16 8033.39 8319.55 8212.24 8217.53 7876.12 7988.42 8023.38 8291.54 8315.34 8441.45 8395.48 8176.79 8150.60 8342.07 8287.07 8400.58 8131.69 8050.10
8074.79 8056.87 8013.36 7930.34 7997.86 8038.11 8043.72 8350.61 8235.52 8241.20 7875.05 7995.48 8032.98 8320.56 8346.09 8481.34 8432.04 8197.50 8169.42 8374.75 8315.77 8437.50 8149.13 8061.63
7863.75 7935.43 7935.33 7796.58 7973.83 7905.77 8005.49 8443.93 8554.25 8496.41 8184.07 8271.12 8191.18 8004.16 8145.38 8042.39 8246.99 8333.41 8393.77 8250.27 8411.45 8377.82 8180.44 8010.10
7796.02 7876.28 7876.16 7720.82 7919.27 7843.07 7954.71 8445.58 8569.09 8504.33 8154.65 8252.11 8162.61 7953.22 8111.33 7996.02 8225.09 8321.84 8389.42 8228.76 8409.22 8371.56 8150.58 7959.87
8034.06 8009.99 7951.52 7839.97 7930.69 7984.77 7992.31 8404.66 8250.03 8257.65 7765.69 7927.50 7977.89 8364.29 8398.59 8580.31 8514.08 8198.94 8161.21 8437.11 8357.85 8521.42 8133.95 8016.38
7997.52 7973.79 7916.15 7806.16 7895.61 7948.93 7956.36 8362.90 8210.44 8217.96 7732.93 7892.47 7942.14 8323.09 8356.91 8536.07 8470.77 8160.08 8122.88 8394.88 8316.75 8478.00 8096.00 7980.09
8062.94 8039.86 7983.79 7876.80 7963.81 8015.67 8022.90 8418.38 8270.08 8277.39 7805.56 7960.75 8009.07 8379.66 8412.56 8586.84 8523.32 8221.08 8184.89 8449.49 8373.49 8530.36 8158.75 8045.99
8111.32 8087.52 8029.71 7919.40 8009.11 8062.59 8070.04 8477.78 8324.87 8332.41 7845.96 8005.96 8055.78 8437.86 8471.77 8651.46 8585.97 8274.36 8237.05 8509.86 8431.49 8593.23 8210.10 8093.84
8141.71 8116.71 8055.97 7940.07 8034.32 8090.51 8098.34 8526.73 8366.08 8374.00 7862.91 8031.01 8083.36 8484.79 8520.42 8709.21 8640.40 8313.01 8273.81 8560.43 8478.10 8648.03 8245.49 8123.35
7885.68 7967.67 7967.54 7808.85 8011.59 7933.74 8047.79 8549.27 8675.45 8609.30 8252.05 8351.62 8260.18 8046.28 8207.80 8090.00 8324.01 8422.86 8491.90 8327.77 8512.13 8473.66 8247.90 8053.07
7880.09 7957.77 7957.65 7807.31 7999.37 7925.62 8033.67 8508.76 8628.30 8565.62 8227.18 8321.51 8234.89 8032.24 8185.26 8073.66 8295.36 8389.00 8454.41 8298.92 8473.57 8437.12 8223.25 8038.67
8071.02 8046.13 7985.68 7870.32 7964.13 8020.06 8027.85 8454.26 8294.35 8302.24 7793.51 7960.84 8012.94 8412.51 8447.98 8635.90 8567.40 8241.53 8202.51 8487.81 8405.86 8574.99 8174.32 8052.75
8061.15 8037.87 7981.33 7873.44 7961.18 8013.48 8020.77 8419.59 8270.03 8277.41 7801.60 7958.10 8006.83 8380.54 8413.71 8589.47 8525.41 8220.63 8184.13 8450.97 8374.32 8532.51 8157.77 8044.06
8072.99 8049.23 7991.52 7881.40 7970.95 8024.34 8031.78 8438.82 8286.18 8293.71 7808.08 7967.81 8017.55 8398.97 8432.83 8612.21 8546.83 8235.75 8198.51 8470.85 8392.62 8554.07 8171.60 8055.54
8027.60 8003.48 7944.90 7833.12 7924.03 7978.22 7985.77 8398.94 8244.00 8251.64 7758.70 7920.84 7971.32 8358.49 8392.86 8574.94 8508.58 8192.82 8155.01 8431.45 8352.04 8515.93 8127.70 8009.89
8026.69 8002.89 7945.10 7834.82 7924.51 7977.97 7985.42 8393.04 8240.18 8247.72 7761.40 7921.36 7971.16 8353.13 8387.04 8566.68 8501.20 8189.68 8152.38 8425.11 8346.77 8508.46 8125.44 8009.22
7839.58 7920.05 7919.93 7764.17 7963.16 7886.75 7998.69 8490.91 8614.75 8549.82 8199.18 8296.91 8207.16 7997.21 8155.75 8040.12 8269.81 8366.83 8434.59 8273.50 8454.45 8416.69 8195.11 8003.87
7871.66 7946.22 7946.11 7801.80 7986.16 7915.37 8019.09 8475.14 8589.89 8529.72 8204.84 8295.39 8212.24 8017.71 8164.60 8057.47 8270.29 8360.18 8422.96 8273.70 8441.36 8406.37 8201.07 8023.89
7816.53 7887.74 7887.63 7749.80 7925.89 7858.27 7957.33 8392.89 8502.48 8445.02 8134.74 8221.22 8141.80 7956.02 8096.31 7993.99 8197.24 8283.09 8343.06 8200.51 8360.63 8327.21 8131.14 7961.91
7970.40 7946.84 7889.61 7780.41 7869.22 7922.16 7929.53 8333.18 8181.81 8189.28 7707.70 7866.10 7915.42 8293.66 8327.24 8505.13 8440.29 8131.81 8094.87 8364.94 8287.36 8447.47 8068.19 7953.10
7945.00 7918.92 7855.56 7734.67 7832.98 7891.59 7899.76 8346.62 8179.05 8187.31 7654.18 7829.53 7884.13 8302.87 8340.04 8536.97 8465.19 8123.69 8082.80 8381.78 8295.89 8473.15 8053.26 7925.85
7936.45 7907.85 7838.38 7705.83 7813.63 7877.89 7886.84 8376.79 8193.06 8202.12 7617.58 7809.84 7869.71 8328.82 8369.57 8585.49 8506.79 8132.36 8087.53 8415.34 8321.17 8515.52 8055.14 7915.45
7958.46 7931.52 7866.10 7741.25 7842.78 7903.30 7911.74 8373.20 8200.15 8208.68 7658.13 7839.22 7895.60 8328.02 8366.40 8569.77 8495.64 8142.98 8100.76 8409.50 8320.81 8503.86 8070.25 7938.68
7791.40 7873.90 7873.78 7714.10 7918.10 7839.76 7954.53 8459.14 8586.11 8519.54 8160.06 8260.26 8168.25 7953.00 8115.54 7997.00 8232.48 8331.94 8401.41 8236.26 8421.76 8383.05 8155.89 7959.84
7839.04 7918.56 7918.44 7764.54 7961.15 7885.65 7996.26 8482.62 8604.99 8540.83 8194.36 8290.93 8202.25 7994.80 8151.45 8037.20 8264.16 8360.02 8426.98 8267.80 8446.60 8409.28 8190.34 8001.38
8067.25 8039.60 7972.44 7844.28 7948.50 8010.63 8019.29 8493.01 8315.36 8324.12 7758.94 7944.84 8002.72 8446.63 8486.04 8694.80 8618.71 8256.68 8213.33 8530.28 8439.24 8627.14 8182.01 8046.95
8104.32 8077.51 8012.41 7888.18 7989.20 8049.43 8057.82 8517.03 8344.82 8353.32 7805.46 7985.66 8041.77 8472.07 8510.26 8712.63 8638.87 8287.94 8245.92 8553.15 8464.90 8647.05 8215.56 8084.63
8127.90 8102.19 8039.76 7920.62 8017.51 8075.26 8083.31 8523.70 8358.55 8366.70 7841.29 8014.10 8067.91 8480.58 8517.21 8711.29 8640.55 8304.00 8263.70 8558.35 8473.71 8648.39 8234.59 8109.02
8143.78 8118.22 8056.14 7937.69 8034.02 8091.44 8099.45 8537.30 8373.10 8381.20 7858.82 8030.64 8084.14 8494.43 8530.85 8723.81 8653.48 8318.86 8278.80 8571.75 8487.60 8661.27 8249.85 8125.01
8141.48 8114.55 8049.16 7924.38 8025.85 8086.34 8094.78 8556.01 8383.05 8391.58 7841.29 8022.29 8078.65 8510.85 8549.22 8752.48 8678.40 8325.91 8283.70 8592.30 8503.65 8686.61 8253.21 8121.70
7900.27 7988.05 7987.91 7818.03 8035.06 7951.72 8073.82 8610.69 8745.77 8674.95 8292.50 8399.09 8301.21 8072.20 8245.12 8119.01 8369.54 8475.36 8549.27 8373.56 8570.93 8529.74 8288.06 8079.47
7942.90 8024.48 8024.36 7866.47 8068.18 7990.72 8104.20 8603.17 8728.72 8662.89 8307.44 8406.51 8315.53 8102.70 8263.41 8146.20 8379.04 8477.39 8546.08 8382.78 8566.21 8527.93 8303.31 8109.45
8192.25 8171.37 8120.65 8023.87 8102.58 8149.49 8156.03 8513.75 8379.60 8386.22 7959.44 8099.81 8143.52 8478.72 8508.48 8666.12 8608.66 8335.29 8302.55 8541.89 8473.14 8615.03 8278.91 8176.91
8157.63 8136.59 8085.49 7987.98 8067.28 8114.55 8121.14 8481.57 8346.41 8353.07 7923.05 8064.49 8108.53 8446.28 8476.26 8635.10 8577.20 8301.75 8268.77 8509.92 8440.65 8583.62 8244.95 8142.18
8103.40 8082.48 8031.67 7934.71 8013.56 8060.56 8067.11 8425.52 8291.11 8297.74 7870.15 8010.79 8054.58 8390.43 8420.24 8578.18 8520.61 8246.71 8213.92 8453.71 8384.83 8527.00 8190.23 8088.04
8105.27 8087.90 8045.71 7965.21 8030.68 8069.70 8075.14 8372.69 8261.11 8266.61 7911.61 8028.38 8064.74 8343.56 8368.31 8499.44 8451.64 8224.25 8197.02 8396.10 8338.92 8456.94 8177.35 8092.51
8116.77 8099.45 8057.37 7977.07 8042.37 8081.30 8086.72 8383.53 8272.23 8277.71 7923.61 8040.08 8076.34 8354.47 8379.16 8509.96 8462.28 8235.46 8208.30 8406.88 8349.84 8467.57 8188.68 8104.05
8016.58 8074.79 8074.70 7962.04 8105.97 8050.70 8131.67 8487.69 8577.27 8530.31 8276.68 8347.37 8282.46 8130.60 8245.27 8161.64 8327.77 8397.95 8446.96 8330.44 8461.32 8434.01 8273.74 8135.42
8079.05 8142.51 8142.42 8019.58 8176.51 8116.25 8204.53 8592.70 8690.37 8639.16 8362.64 8439.71 8368.93 8203.36 8328.39 8237.20 8418.34 8494.85 8548.29 8421.25 8563.95 8534.17 8359.43 8208.61
8254.63 8233.34 8181.64 8082.97 8163.21 8211.04 8217.71 8582.41 8445.65 8452.39 8017.28 8160.39 8204.96 8546.71 8577.04 8737.76 8679.18 8400.47 8367.09 8611.10 8541.01 8685.67 8342.98 8239.00
8239.53 8216.12 8159.26 8050.76 8138.99 8191.59 8198.92 8599.95 8449.56 8456.98 7978.52 8135.90 8184.90 8560.69 8594.05 8770.78 8706.36 8399.88 8363.19 8631.50 8554.43 8713.50 8336.68 8222.34
8229.79 8207.68 8153.96 8051.45 8134.81 8184.50 8191.43 8570.33 8428.24 8435.25 7983.20 8131.88 8178.18 8533.23 8564.75 8731.73 8670.87 8381.30 8346.63 8600.14 8527.32 8677.61 8321.58 8213.55
8291.35 8271.19 8222.21 8128.76 8204.76 8250.06 8256.38 8601.82 8472.28 8478.66 8066.53 8202.09 8244.30 8568.00 8596.73 8748.96 8693.47 8429.48 8397.87 8628.99 8562.60 8699.62 8375.04 8276.55
8290.68 8272.18 8227.26 8141.54 8211.25 8252.80 8258.60 8575.44 8456.62 8462.48 8084.46 8208.80 8247.52 8544.42 8570.77 8710.41 8659.51 8417.37 8388.38 8600.37 8539.47 8665.15 8367.43 8277.09
8058.83 8119.91 8119.82 8001.59 8152.63 8094.63 8179.60 8553.21 8647.21 8597.92 8331.78 8405.96 8337.84 8178.47 8298.81 8211.05 8385.39 8459.03 8510.46 8388.19 8525.53 8496.87 8328.69 8183.53
8026.60 8091.36 8091.27 7965.92 8126.06 8064.56 8154.65 8550.76 8650.43 8598.18 8315.99 8394.64 8322.42 8153.46 8281.04 8187.99 8372.84 8450.91 8505.45 8375.80 8521.42 8491.04 8312.72 8158.82
8216.36 8197.23 8150.76 8062.09 8134.20 8177.18 8183.17 8510.92 8388.01 8394.08 8003.05 8131.66 8171.71 8478.83 8506.09 8650.53 8597.89 8347.41 8317.42 8536.71 8473.72 8603.72 8295.76 8202.31
8217.28 8198.27 8152.09 8063.97 8135.63 8178.35 8184.30 8510.02 8387.87 8393.90 8005.30 8133.12 8172.92 8478.13 8505.22 8648.76 8596.44 8347.52 8317.72 8535.64 8473.04 8602.24 8296.19 8203.32
8247.87 8228.89 8182.77 8094.78 8166.34 8209.00 8214.94 8540.19 8418.22 8424.24 8036.19 8163.83 8203.57 8508.35 8535.40 8678.74 8626.49 8377.93 8348.17 8565.78 8503.27 8632.28 8326.67 8233.93
8292.52 8273.14 8226.09 8136.31 8209.33 8252.85 8258.91 8590.77 8466.32 8472.46 8076.53 8206.76 8247.31 8558.28 8585.88 8732.13 8678.83 8425.21 8394.85 8616.88 8553.10 8684.74 8372.91 8278.29
8262.37 8244.48 8201.05 8118.16 8185.57 8225.75 8231.35 8537.72 8422.83 8428.49 8062.97 8183.20 8220.63 8507.72 8533.21 8668.22 8619.01 8384.87 8356.84 8561.82 8502.94 8624.47 8336.59 8249.23
8136.81 8188.22 8188.15 8088.63 8215.77 8166.95 8238.47 8552.94 8632.07 8590.58 8366.56 8429.00 8371.66 8237.52 8338.81 8264.94 8411.69 8473.67 8516.97 8414.04 8529.65 8505.53 8363.96 8241.78
8051.86 8112.36 8112.27 7995.18 8144.77 8087.33 8171.48 8541.50 8634.60 8585.79 8322.20 8395.66 8328.20 8170.36 8289.55 8202.62 8375.29 8448.23 8499.17 8378.07 8514.09 8485.71 8319.13 8175.37
8142.74 8123.52 8076.83 7987.73 8060.19 8103.38 8109.40 8438.73 8315.23 8321.32 7928.41 8057.64 8097.88 8406.48 8433.87 8579.01 8526.11 8274.43 8244.29 8464.63 8401.34 8531.97 8222.52 8128.63
8144.67 8126.72 8083.11 7999.90 8067.57 8107.91 8113.53 8421.12 8305.77 8311.46 7944.49 8065.19 8102.78 8391.00 8416.59 8552.14 8502.73 8267.67 8239.52 8445.32 8386.20 8508.21 8219.19 8131.49
8163.61 8145.73 8102.30 8019.42 8086.82 8126.99 8132.59 8438.95 8324.06 8329.73 7964.23 8084.45 8121.88 8408.95 8434.43 8569.44 8520.23 8286.11 8258.08 8463.05 8404.17 8525.69 8237.83 8150.48
8145.06 8125.63 8078.45 7988.41 8061.63 8105.28 8111.37 8444.18 8319.38 8325.53 7928.46 8059.06 8099.73 8411.60 8439.28 8585.95 8532.49 8278.14 8247.69 8470.37 8406.40 8538.42 8225.69 8130.80
8110.95 8088.73 8034.74 7931.74 8015.51 8065.44 8072.40 8453.15 8310.37 8317.41 7863.15 8012.56 8059.09 8415.87 8447.54 8615.33 8554.18 8263.20 8228.36 8483.10 8409.93 8560.95 8203.19 8094.63
7911.55 7978.85 7978.74 7848.50 8014.89 7951.00 8044.60 8456.18 8559.74 8505.44 8212.24 8293.96 8218.92 8043.36 8175.93 8079.24 8271.31 8352.43 8409.09 8274.39 8425.69 8394.12 8208.84 8048.93
7962.89 8021.91 8021.82 7907.58 8053.52 7997.48 8079.58 8440.58 8531.41 8483.79 8226.62 8298.30 8232.48 8078.49 8194.77 8109.97 8278.43 8349.58 8399.28 8281.13 8413.84 8386.15 8223.64 8083.38
8156.38 8139.06 8096.99 8016.71 8082.00 8120.91 8126.34 8423.07 8311.80 8317.28 7963.26 8079.70 8115.96 8394.02 8418.70 8549.47 8501.81 8275.04 8247.88 8446.42 8389.39 8507.09 8228.27 8143.66
8163.79 8145.84 8102.23 8019.02 8086.69 8127.03 8132.65 8440.24 8324.89 8330.58 7963.61 8084.31 8121.90 8410.12 8435.71 8571.26 8521.85 8286.79 8258.64 8464.43 8405.32 8527.33 8238.31 8150.61
8177.48 8159.64 8116.30 8033.60 8100.85 8140.94 8146.53 8452.22 8337.58 8343.24 7978.53 8098.49 8135.84 8422.29 8447.71 8582.43 8533.33 8299.71 8271.74 8476.27 8417.52 8538.77 8251.53 8164.38
8179.54 8161.14 8116.46 8031.20 8100.54 8141.87 8147.63 8462.78 8344.60 8350.43 7974.43 8098.10 8136.61 8431.93 8458.14 8597.03 8546.40 8305.56 8276.72 8487.58 8427.01 8552.01 8255.88 8166.03
8203.91 8185.85 8141.96 8058.23 8126.33 8166.92 8172.58 8482.08 8366.02 8371.74 8002.48 8123.93 8161.75 8451.78 8477.52 8613.92 8564.21 8327.67 8299.35 8506.43 8446.95 8569.72 8278.89 8190.65
8064.23 8127.22 8127.12 8005.21 8160.96 8101.15 8188.77 8574.03 8670.97 8620.14 8345.69 8422.19 8351.94 8187.61 8311.70 8221.19 8400.98 8476.91 8529.95 8403.86 8545.49 8515.94 8342.50 8192.82
7959.50 8029.76 8029.66 7893.67 8067.40 8000.69 8098.42 8528.14 8636.27 8579.58 8273.45 8358.77 8280.42 8097.12 8235.53 8134.59 8335.12 8419.82 8478.98 8338.34 8496.31 8463.35 8269.90 8102.94
8094.32 8071.18 8014.97 7907.71 7994.93 8046.93 8054.18 8450.64 8301.97 8309.30 7836.29 7991.87 8040.32 8411.82 8444.80 8619.52 8555.84 8252.85 8216.57 8481.83 8405.64 8562.90 8190.36 8077.33
8122.84 8100.43 8046.00 7942.15 8026.61 8076.95 8083.97 8467.86 8323.90 8331.00 7872.99 8023.64 8070.55 8430.28 8462.21 8631.39 8569.72 8276.34 8241.22 8498.07 8424.29 8576.56 8215.84 8106.38
8111.65 8090.88 8040.44 7944.19 8022.47 8069.13 8075.63 8431.40 8297.98 8304.56 7880.11 8019.72 8063.19 8396.56 8426.16 8582.94 8525.79 8253.91 8221.35 8459.38 8391.01 8532.13 8197.84 8096.40
8036.45 8015.52 7964.68 7867.66 7946.56 7993.59 8000.14 8358.73 8224.26 8230.89 7803.07 7943.79 7987.60 8323.63 8353.45 8511.48 8453.88 8179.84 8147.03 8386.95 8318.03 8460.27 8123.32 8021.08
7987.45 7967.00 7917.33 7822.54 7899.62 7945.57 7951.98 8302.34 8170.95 8177.43 7759.43 7896.92 7939.73 8268.04 8297.18 8451.58 8395.31 8127.55 8095.49 8329.91 8262.57 8401.54 8072.33 7972.43
7765.77 7836.73 7836.63 7699.28 7874.75 7807.37 7906.08 8340.12 8449.33 8392.08 8082.87 8169.05 8089.91 7904.77 8044.57 7942.61 8145.16 8230.71 8290.47 8148.41 8307.97 8274.68 8079.28 7910.65
7770.46 7841.41 7841.30 7703.98 7879.41 7812.05 7910.74 8344.69 8453.88 8396.64 8087.50 8173.66 8094.54 7909.43 8049.21 7947.26 8149.77 8235.30 8295.05 8153.02 8312.55 8279.26 8083.91 7915.31
7954.66 7931.95 7876.78 7771.51 7857.12 7908.15 7915.26 8304.38 8158.46 8165.66 7701.42 7854.11 7901.66 8266.28 8298.65 8470.13 8407.63 8110.26 8074.65 8334.99 8260.21 8414.56 8048.93 7937.98
7992.70 7969.81 7914.21 7808.12 7894.39 7945.82 7952.99 8345.14 8198.09 8205.34 7737.48 7891.36 7939.28 8306.75 8339.37 8512.19 8449.20 8149.50 8113.62 8376.00 8300.63 8456.18 8087.70 7975.89
7996.84 7974.62 7920.66 7817.70 7901.43 7951.35 7958.31 8338.90 8196.18 8203.21 7749.14 7898.49 7945.00 8301.64 8333.29 8501.02 8439.88 8149.03 8114.20 8368.84 8295.70 8446.66 8089.04 7980.53
7995.02 7972.40 7917.45 7812.60 7897.87 7948.70 7955.78 8343.35 8198.01 8205.18 7742.78 7894.87 7942.23 8305.41 8337.64 8508.45 8446.19 8150.00 8114.53 8373.84 8299.36 8453.09 8088.91 7978.41
7999.53 7977.06 7922.49 7818.34 7903.04 7953.52 7960.56 8345.50 8201.15 8208.27 7749.00 7900.06 7947.10 8307.81 8339.83 8509.48 8447.64 8153.46 8118.24 8375.79 8301.81 8454.50 8092.79 7983.03
7846.12 7914.98 7914.87 7781.60 7951.86 7886.48 7982.26 8403.42 8509.39 8453.83 8153.81 8237.43 8160.64 7980.99 8116.64 8017.71 8214.24 8297.25 8355.24 8217.40 8372.22 8339.91 8150.32 7986.70
7866.59 7940.68 7940.57 7797.16 7980.37 7910.02 8013.09 8466.27 8580.30 8520.52 8197.68 8287.66 8205.03 8011.72 8157.69 8051.23 8262.71 8352.03 8414.43 8266.10 8432.71 8397.94 8193.93 8017.86
8185.88 8164.71 8113.29 8015.17 8094.96 8142.53 8149.16 8511.85 8375.84 8382.55 7949.83 8092.16 8136.48 8476.34 8506.51 8666.35 8608.09 8330.91 8297.72 8540.39 8470.68 8614.55 8273.75 8170.34
8249.85 8229.73 8180.85 8087.60 8163.44 8208.65 8214.95 8559.66 8430.39 8436.77 8025.50 8160.77 8202.89 8525.91 8554.58 8706.49 8651.12 8387.69 8356.14 8586.78 8520.53 8657.26 8333.36 8235.07
8160.28 8135.50 8075.31 7960.46 8053.86 8109.54 8117.30 8541.82 8382.62 8390.47 7883.99 8050.58 8102.45 8500.26 8535.57 8722.65 8654.46 8330.03 8291.19 8575.22 8493.63 8662.02 8263.12 8142.08
8094.64 8070.12 8010.56 7896.91 7989.33 8044.43 8052.10 8472.18 8314.65 8322.42 7821.24 7986.09 8037.42 8431.05 8465.99 8651.11 8583.64 8262.61 8224.17 8505.23 8424.49 8591.12 8196.40 8076.63
8112.67 8089.85 8034.44 7928.70 8014.69 8065.95 8073.10 8463.95 8317.38 8324.60 7858.29 8011.67 8059.43 8425.68 8458.19 8630.44 8567.66 8268.96 8233.19 8494.70 8419.58 8574.62 8207.36 8095.92
7914.35 7984.30 7984.20 7848.81 8021.78 7955.35 8052.66 8480.52 8588.18 8531.73 8226.94 8311.89 8233.88 8051.37 8189.18 8088.67 8288.34 8372.67 8431.57 8291.54 8448.83 8416.01 8223.40 8057.17
7840.76 7909.90 7909.80 7775.98 7946.94 7881.29 7977.47 8400.34 8506.74 8450.96 8149.71 8233.67 8156.57 7976.19 8112.40 8013.06 8210.39 8293.74 8351.96 8213.56 8369.02 8336.58 8146.21 7981.92
7939.96 7916.71 7860.26 7752.53 7840.14 7892.36 7899.64 8297.84 8148.52 8155.88 7680.80 7837.06 7885.72 8258.86 8291.98 8467.47 8403.50 8099.19 8062.75 8329.17 8252.64 8410.59 8036.42 7922.89
7919.79 7896.47 7839.84 7731.76 7819.65 7872.04 7879.35 8278.83 8129.02 8136.41 7659.80 7816.57 7865.38 8239.71 8272.94 8448.99 8384.82 8079.53 8042.98 8310.26 8233.48 8391.94 8016.57 7902.67
7914.16 7891.57 7836.69 7731.99 7817.14 7867.90 7874.97 8262.00 8116.86 8124.02 7662.27 7814.15 7861.44 8224.11 8256.30 8426.86 8364.70 8068.92 8033.50 8292.45 8218.07 8371.59 8007.92 7897.57
7899.33 7876.03 7819.44 7711.46 7799.28 7851.62 7858.92 8258.06 8108.38 8115.76 7639.56 7796.19 7844.96 8218.99 8252.19 8428.09 8363.97 8058.94 8022.41 8289.47 8212.76 8371.08 7996.03 7882.22
7881.89 7857.82 7799.35 7687.78 7778.51 7832.60 7840.14 8252.54 8097.89 8105.51 7613.49 7775.33 7825.72 8212.16 8246.47 8428.21 8361.97 8046.80 8009.06 8284.99 8205.73 8369.31 7981.80 7864.22
7653.58 7733.99 7733.87 7578.24 7777.07 7700.72 7812.57 8304.41 8428.16 8363.28 8012.91 8110.56 8020.88 7811.09 7969.51 7853.97 8083.48 8180.43 8248.14 8087.17 8267.98 8230.25 8008.84 7817.75
7685.03 7762.34 7762.22 7612.60 7803.75 7730.35 7837.88 8310.69 8429.66 8367.29 8030.47 8124.34 8038.13 7836.45 7988.74 7877.67 8098.31 8191.51 8256.60 8101.86 8275.67 8239.40 8026.55 7842.86
7942.61 7921.80 7871.27 7774.84 7853.26 7900.00 7906.52 8262.94 8129.28 8135.87 7710.64 7850.50 7894.06 8228.04 8257.69 8414.76 8357.51 8085.13 8052.51 8290.98 8222.48 8363.86 8028.95 7927.33
8004.80 7982.62 7928.76 7825.97 7909.56 7959.39 7966.33 8346.25 8203.78 8210.81 7757.54 7906.62 7953.05 8309.06 8340.66 8508.09 8447.06 8156.72 8121.95 8376.14 8303.13 8453.83 8096.84 7988.51
8075.38 8053.65 8000.86 7900.13 7982.05 8030.88 8037.68 8410.01 8270.39 8277.27 7833.06 7979.17 8024.66 8373.56 8404.53 8568.61 8508.80 8224.26 8190.19 8439.30 8367.75 8515.43 8165.58 8059.42
8019.73 7996.39 7939.69 7831.51 7919.49 7971.93 7979.24 8379.12 8229.17 8236.56 7759.48 7916.40 7965.26 8339.97 8373.23 8549.46 8485.22 8179.63 8143.04 8410.58 8333.73 8492.34 8116.60 8002.59
7994.28 7968.34 7905.33 7785.11 7882.88 7941.16 7949.29 8393.69 8227.03 8235.25 7705.05 7879.45 7933.75 8350.18 8387.14 8582.99 8511.60 8171.98 8131.32 8428.65 8343.24 8519.52 8101.94 7975.23
7806.51 7891.54 7891.42 7726.84 7937.09 7856.36 7974.64 8494.71 8625.57 8556.96 8186.47 8289.73 8194.91 7973.07 8140.58 8018.41 8261.10 8363.61 8435.21 8265.00 8456.19 8416.29 8182.17 7980.11
7793.75 7877.73 7877.61 7715.06 7922.72 7842.98 7959.80 8473.46 8602.70 8534.94 8169.02 8271.01 8177.35 7958.25 8123.70 8003.03 8242.73 8343.98 8414.69 8246.58 8435.41 8396.01 8164.77 7965.20
8008.09 7984.50 7927.21 7817.89 7906.79 7959.79 7967.18 8371.28 8219.74 8227.21 7745.10 7903.67 7953.05 8331.71 8365.33 8543.41 8478.50 8169.68 8132.70 8403.07 8325.41 8485.69 8105.99 7990.77
7974.37 7949.93 7890.56 7777.28 7869.40 7924.32 7931.97 8350.71 8193.68 8201.42 7701.85 7866.17 7917.33 8309.71 8344.54 8529.07 8461.81 8141.81 8103.49 8383.65 8303.17 8469.27 8075.81 7956.42
7926.84 7899.41 7832.78 7705.64 7809.03 7870.67 7879.26 8349.21 8172.97 8181.66 7620.99 7805.40 7862.83 8303.19 8342.28 8549.39 8473.90 8114.75 8071.75 8386.18 8295.86 8482.27 8040.69 7906.69
7864.79 7835.68 7764.98 7630.09 7739.79 7805.19 7814.30 8312.94 8125.95 8135.17 7540.26 7735.94 7796.87 8264.12 8305.60 8525.34 8445.25 8064.18 8018.55 8352.17 8256.34 8454.13 7985.59 7843.42
7850.91 7820.28 7745.87 7603.88 7719.35 7788.18 7797.78 8322.62 8125.80 8135.50 7509.34 7715.29 7779.42 8271.23 8314.89 8546.18 8461.88 8060.78 8012.76 8363.91 8263.04 8471.22 7978.06 7828.42
7740.46 7826.56 7826.43 7659.79 7872.69 7790.93 7910.70 8437.33 8569.84 8500.36 8125.21 8229.77 8133.75 7909.11 8078.74 7955.03 8200.78 8304.58 8377.08 8204.72 8398.32 8357.92 8120.85 7916.24
7760.78 7842.70 7842.58 7684.02 7886.59 7808.80 7922.76 8423.84 8549.92 8483.82 8126.86 8226.35 8134.99 7921.25 8082.64 7964.93 8198.76 8297.53 8366.51 8202.52 8386.73 8348.29 8122.71 7928.03
7984.99 7958.47 7894.05 7771.13 7871.09 7930.68 7938.99 8393.36 8222.97 8231.37 7689.28 7867.58 7923.10 8348.87 8386.66 8586.90 8513.92 8166.68 8125.10 8429.10 8341.78 8522.01 8095.06 7965.52
8059.47 8035.93 7978.75 7869.63 7958.37 8011.26 8018.64 8421.97 8270.72 8278.17 7796.98 7955.25 8004.53 8382.48 8416.03 8593.77 8528.98 8220.75 8183.84 8453.70 8376.18 8536.17 8157.18 8042.18
8057.39 8035.88 7983.62 7883.91 7965.00 8013.34 8020.07 8388.64 8250.43 8257.24 7817.52 7962.15 8007.19 8352.56 8383.21 8545.64 8486.44 8204.77 8171.04 8417.64 8346.80 8493.00 8146.68 8041.59
7906.76 7878.37 7809.43 7677.88 7784.86 7848.64 7857.52 8343.78 8161.43 8170.42 7590.29 7781.11 7840.52 8296.17 8336.61 8550.90 8472.80 8101.19 8056.70 8382.03 8288.58 8481.45 8024.55 7885.91
7854.69 7823.20 7746.71 7600.77 7719.46 7790.21 7800.07 8339.54 8137.24 8147.21 7503.59 7715.29 7781.21 8286.72 8331.59 8569.33 8482.68 8070.40 8021.04 8381.98 8278.30 8492.28 7985.38 7831.57
7605.31 7709.16 7709.00 7508.00 7764.79 7666.18 7810.64 8445.82 8605.65 8521.85 8069.36 8195.48 8079.67 7808.73 8013.31 7864.10 8160.51 8285.71 8373.16 8165.27 8398.78 8350.05 8064.11 7817.33
7683.33 7779.36 7779.22 7593.35 7830.80 7739.62 7873.21 8460.58 8608.37 8530.88 8112.45 8229.08 8121.98 7871.43 8060.62 7922.64 8196.74 8312.51 8393.38 8201.14 8417.07 8372.01 8107.59 7879.39
7717.94 7813.38 7813.23 7628.51 7864.50 7773.88 7906.64 8490.38 8637.26 8560.25 8144.41 8260.31 8153.88 7904.88 8092.90 7955.77 8228.18 8343.24 8423.60 8232.55 8447.15 8402.37 8139.58 7912.79
8083.56 8058.54 7997.78 7881.84 7976.13 8032.34 8040.17 8468.73 8308.02 8315.94 7804.64 7972.82 8025.18 8426.77 8462.42 8651.28 8582.44 8254.93 8215.71 8502.45 8420.08 8590.07 8187.38 8065.19
8183.88 8159.12 8098.97 7984.19 8077.53 8133.17 8140.93 8565.18 8406.08 8413.93 7907.77 8074.25 8126.09 8523.64 8558.93 8745.89 8677.74 8353.52 8314.70 8598.55 8517.02 8685.30 8286.66 8165.70
8246.19 8223.28 8167.64 8061.46 8147.81 8199.28 8206.46 8598.94 8451.75 8459.01 7990.76 8144.77 8192.73 8560.51 8593.16 8766.12 8703.08 8403.13 8367.22 8629.81 8554.38 8710.06 8341.27 8229.37
8249.08 8226.92 8173.09 8070.38 8153.91 8203.70 8210.64 8590.28 8447.92 8454.94 8002.00 8150.98 8197.37 8553.11 8584.69 8752.00 8691.02 8400.88 8366.15 8620.15 8547.19 8697.78 8341.05 8232.80
8299.37 8275.55 8217.68 8107.27 8197.06 8250.59 8258.05 8666.18 8513.13 8520.67 8033.75 8193.91 8243.78 8626.22 8660.17 8840.03 8774.47 8462.57 8425.22 8698.29 8619.85 8781.74 8398.24 8281.88
8385.06 8363.56 8311.34 8211.70 8292.73 8341.04 8347.77 8716.07 8577.95 8584.77 8145.36 8289.89 8334.89 8680.01 8710.64 8872.95 8813.79 8532.33 8498.63 8745.04 8674.26 8820.35 8474.28 8369.27
8209.42 8275.12 8275.02 8147.86 8310.31 8247.93 8339.32 8741.17 8842.28 8789.27 8503.00 8582.79 8509.52 8338.11 8467.54 8373.14 8560.67 8639.88 8695.20 8563.68 8711.41 8680.58 8499.68 8343.55
8150.41 8215.49 8215.40 8089.44 8250.36 8188.56 8279.09 8677.14 8777.29 8724.78 8441.22 8520.26 8447.68 8277.89 8406.10 8312.59 8498.34 8576.80 8631.60 8501.32 8647.66 8617.12 8437.93 8283.28
8149.82 8214.41 8214.31 8089.30 8249.01 8187.68 8277.52 8672.58 8771.98 8719.86 8438.44 8516.88 8444.84 8276.33 8403.58 8310.77 8495.13 8572.99 8627.38 8498.09 8643.32 8613.01 8435.17 8281.68
8177.21 8238.81 8238.72 8119.49 8271.81 8213.32 8299.01 8675.79 8770.59 8720.89 8452.48 8527.29 8458.59 8297.87 8419.23 8330.72 8506.55 8580.81 8632.68 8509.37 8647.88 8618.98 8449.36 8302.97
8184.60 8249.60 8249.50 8123.69 8284.42 8222.70 8313.12 8710.71 8810.74 8758.30 8475.07 8554.01 8481.51 8311.92 8439.98 8346.59 8532.12 8610.48 8665.22 8535.10 8681.26 8650.76 8471.78 8317.31
8215.40 8282.58 8282.48 8152.45 8318.57 8254.78 8348.23 8759.15 8862.54 8808.34 8515.61 8597.20 8522.27 8346.99 8479.35 8382.82 8574.57 8655.57 8712.14 8577.65 8728.72 8697.19 8512.21 8352.56
8280.13 8343.89 8343.79 8220.38 8378.04 8317.50 8406.20 8796.19 8894.32 8842.87 8565.05 8642.48 8571.37 8405.02 8530.63 8439.02 8621.01 8697.88 8751.57 8623.93 8767.30 8737.38 8561.82 8410.30
8451.90 8432.33 8384.78 8294.06 8367.84 8411.82 8417.95 8753.30 8627.54 8633.74 8233.65 8365.25 8406.22 8720.47 8748.36 8896.15 8842.28 8586.00 8555.31 8779.68 8715.23 8848.25 8533.14 8437.53
8466.45 8444.93 8392.66 8292.92 8374.03 8422.38 8429.12 8797.80 8659.54 8666.36 8226.50 8371.18 8416.23 8761.70 8792.37 8954.84 8895.62 8613.87 8580.13 8826.80 8755.95 8902.19 8555.76 8450.65
8491.49 8469.44 8415.90 8313.72 8396.81 8446.35 8453.25 8830.95 8689.31 8696.29 8245.68 8393.89 8440.04 8793.97 8825.38 8991.83 8931.16 8642.52 8607.96 8860.66 8788.07 8937.89 8582.99 8475.30
8514.05 8491.60 8437.08 8333.05 8417.65 8468.08 8475.11 8859.66 8715.45 8722.56 8263.78 8414.68 8461.67 8822.01 8853.99 9023.46 8961.69 8667.81 8632.63 8889.91 8816.00 8968.54 8607.20 8497.56
8552.38 8530.73 8478.15 8377.81 8459.41 8508.05 8514.83 8885.71 8746.63 8753.48 8311.00 8456.54 8501.86 8849.39 8880.24 9043.69 8984.11 8700.68 8666.74 8914.88 8843.60 8990.72 8642.23 8536.48
8371.94 8443.21 8443.10 8305.17 8481.39 8413.72 8512.86 8948.75 9058.43 9000.93 8690.41 8776.95 8697.48 8511.54 8651.94 8549.54 8752.96 8838.88 8898.89 8756.22 8916.47 8883.03 8686.80 8517.44
8416.18 8486.89 8486.79 8349.93 8524.77 8457.63 8555.99 8988.49 9097.31 9040.26 8732.16 8818.03 8739.17 8554.69 8693.99 8592.39 8794.22 8879.47 8939.01 8797.46 8956.46 8923.28 8728.58 8560.55
8632.98 8609.27 8551.66 8441.74 8531.13 8584.42 8591.85 8998.15 8845.78 8853.30 8368.55 8527.99 8577.64 8958.37 8992.16 9171.22 9105.95 8795.45 8758.27 9030.11 8952.03 9113.19 8731.41 8615.57
8605.87 8580.17 8517.75 8398.64 8495.50 8553.24 8561.29 9001.55 8836.45 8844.59 8319.34 8492.10 8545.90 8958.44 8995.06 9189.08 9118.36 8781.91 8741.62 9036.18 8951.57 9126.20 8712.52 8587.00
8536.85 8512.27 8452.58 8338.69 8431.31 8486.52 8494.22 8915.22 8757.34 8765.13 8262.85 8428.06 8479.50 8874.00 8909.01 9094.54 9026.92 8705.19 8666.66 8948.34 8867.43 9034.42 8638.83 8518.80
8468.64 8442.74 8379.82 8259.76 8357.40 8415.60 8423.71 8867.48 8701.07 8709.27 8179.83 8353.97 8408.19 8824.03 8860.95 9056.51 8985.23 8646.09 8605.48 8902.39 8817.11 8993.13 8576.15 8449.62
8472.17 8444.71 8378.01 8250.73 8354.23 8415.94 8424.54 8894.99 8718.57 8727.27 8165.98 8350.60 8408.09 8848.93 8888.06 9095.39 9019.82 8660.29 8617.24 8932.01 8841.59 9028.20 8586.14 8452.00
8315.65 8396.74 8396.62 8239.67 8440.18 8363.19 8475.99 8971.96 9096.76 9031.33 8678.01 8776.48 8686.05 8474.49 8634.24 8517.73 8749.18 8846.94 8915.22 8752.89 8935.23 8897.18 8673.90 8481.21
8393.16 8463.74 8463.63 8327.03 8501.55 8434.53 8532.71 8964.41 9073.03 9016.08 8708.55 8794.26 8715.55 8531.41 8670.46 8569.05 8770.50 8855.59 8915.02 8773.73 8932.43 8899.32 8704.98 8537.25
8583.60 8562.07 8509.78 8410.01 8491.15 8539.52 8546.26 8915.04 8776.74 8783.56 8343.58 8488.30 8533.36 8878.93 8909.61 9072.13 9012.89 8731.06 8697.31 8944.05 8873.18 9019.46 8672.93 8567.79
8535.39 8510.95 8451.59 8338.31 8430.43 8485.35 8493.00 8911.71 8754.69 8762.44 8262.89 8427.20 8478.36 8870.72 8905.55 9090.07 9022.81 8702.82 8664.51 8944.65 8864.18 9030.27 8636.83 8517.45
8519.27 8494.81 8435.38 8321.99 8414.20 8469.17 8476.84 8895.98 8738.80 8746.55 8246.49 8410.97 8462.18 8854.94 8889.80 9074.51 9007.19 8686.87 8648.52 8928.95 8848.40 9014.65 8620.81 8501.31
8546.79 8522.91 8464.91 8354.25 8444.25 8497.89 8505.37 8914.43 8761.03 8768.59 8280.56 8441.08 8491.07 8874.38 8908.40 9088.67 9022.97 8710.35 8672.93 8946.61 8867.99 9030.25 8645.88 8529.25
8594.70 8571.79 8516.16 8410.00 8496.33 8547.79 8554.97 8947.36 8800.21 8807.47 8339.32 8493.30 8541.25 8908.94 8941.58 9114.51 9051.48 8751.60 8715.70 8978.23 8902.82 9058.46 8689.76 8577.88
8431.52 8504.73 8504.62 8362.92 8543.95 8474.43 8576.28 9024.07 9136.74 9077.67 8758.67 8847.58 8765.93 8574.92 8719.16 8613.96 8822.93 8911.19 8972.84 8826.28 8990.91 8956.55 8754.97 8580.99
8419.25 8496.05 8495.94 8347.30 8537.19 8464.27 8571.10 9040.83 9159.02 9097.06 8762.43 8855.70 8770.05 8569.69 8720.98 8610.64 8829.84 8922.42 8987.09 8833.36 9006.04 8970.00 8758.54 8576.05
8639.32 8614.85 8555.43 8442.03 8534.25 8589.22 8596.88 9016.05 8858.86 8866.61 8366.52 8531.01 8582.23 8975.01 9009.87 9194.60 9127.27 8806.93 8768.58 9049.02 8968.46 9134.73 8740.87 8621.35
8647.33 8622.21 8561.19 8444.74 8539.44 8595.89 8603.76 9034.17 8872.76 8880.72 8367.21 8536.11 8588.71 8992.03 9027.83 9217.51 9148.37 8819.44 8780.06 9068.03 8985.31 9156.03 8751.60 8628.88
8646.88 8621.76 8560.73 8444.28 8538.98 8595.43 8603.30 9033.75 8872.33 8880.29 8366.74 8535.65 8588.25 8991.60 9027.41 9217.10 9147.96 8819.00 8779.62 9067.61 8984.88 9155.62 8751.16 8628.43
8643.21 8617.74 8555.86 8437.80 8533.81 8591.05 8599.03 9035.45 8871.79 8879.86 8359.18 8530.44 8583.77 8992.72 9029.02 9221.35 9151.24 8817.72 8777.79 9069.78 8985.91 9159.01 8748.94 8624.51
8597.38 8569.31 8501.13 8371.02 8476.83 8539.90 8548.69 9029.60 8849.26 8858.15 8284.39 8473.11 8531.87 8982.52 9022.52 9234.45 9157.21 8789.68 8745.68 9067.44 8975.01 9165.77 8713.89 8576.77
8420.33 8506.80 8506.67 8339.31 8553.12 8471.02 8591.30 9120.16 9253.24 9183.47 8806.71 8911.72 8815.29 8589.70 8760.05 8635.81 8882.61 8986.85 9059.66 8886.57 9080.99 9040.42 8802.34 8596.86
8506.26 8586.59 8586.47 8431.00 8629.61 8553.34 8665.08 9156.38 9280.00 9215.19 8865.20 8962.74 8873.16 8663.60 8821.84 8706.43 8935.70 9032.54 9100.17 8939.38 9119.99 9082.30 8861.13 8670.25
8788.47 8763.99 8704.51 8591.02 8683.31 8738.33 8746.00 9165.50 9008.18 9015.94 8515.45 8680.07 8731.33 9124.43 9159.32 9344.19 9276.81 8956.21 8917.83 9198.50 9117.88 9284.27 8890.10 8770.49
8777.01 8748.48 8679.17 8546.92 8654.47 8718.58 8727.52 9216.37 9033.05 9042.09 8458.86 8650.69 8710.43 9168.50 9209.17 9424.60 9346.08 8972.49 8927.76 9254.83 9160.87 9354.78 8895.44 8756.06
8746.93 8718.29 8648.74 8516.03 8623.95 8688.29 8697.26 9187.82 9003.86 9012.93 8427.66 8620.16 8680.11 9139.79 9180.60 9396.78 9317.99 8943.09 8898.20 9226.42 9132.13 9326.72 8865.77 8725.90
8659.80 8632.25 8565.33 8437.65 8541.48 8603.38 8612.01 9083.98 8906.99 8915.71 8352.63 8537.84 8595.51 9037.77 9077.02 9285.02 9209.21 8848.52 8805.33 9121.11 9030.40 9217.61 8774.13 8639.56
8625.58 8597.74 8530.13 8401.11 8506.03 8568.58 8577.29 9054.19 8875.35 8884.17 8315.20 8502.35 8560.62 9007.50 9047.17 9257.34 9180.73 8816.27 8772.64 9091.71 9000.06 9189.22 8741.11 8605.14
8418.62 8507.18 8507.05 8335.64 8554.62 8470.53 8593.72 9135.38 9271.67 9200.21 8814.35 8921.90 8823.13 8592.09 8766.55 8639.31 8892.08 8998.84 9073.41 8896.13 9095.26 9053.71 8809.87 8599.42
8538.72 8620.09 8619.97 8462.49 8663.67 8586.42 8699.60 9197.26 9322.47 9256.82 8902.30 9001.11 8910.38 8698.10 8858.39 8741.48 8973.72 9071.81 9140.32 8977.44 9160.40 9122.22 8898.19 8704.84
8781.90 8757.42 8697.95 8584.49 8676.76 8731.77 8739.43 9158.83 9001.56 9009.31 8508.95 8673.52 8724.77 9117.77 9152.65 9337.48 9270.11 8949.60 8911.22 9191.83 9111.22 9277.58 8883.50 8763.92
8819.98 8794.59 8732.91 8615.23 8710.93 8767.99 8775.94 9210.94 9047.81 9055.86 8536.87 8707.57 8760.73 9168.35 9204.54 9396.24 9326.37 8993.92 8954.12 9245.17 9161.56 9334.11 8925.36 8801.33
8823.80 8795.04 8725.17 8591.85 8700.27 8764.90 8773.91 9266.69 9081.90 9091.01 8503.09 8696.46 8756.68 9218.45 9259.44 9476.60 9397.45 9020.85 8975.76 9305.46 9210.75 9406.22 8943.18 8802.68
8721.95 8688.65 8607.77 8453.43 8578.94 8653.76 8664.19 9234.68 9020.75 9031.30 8350.66 8574.53 8644.24 9178.83 9226.28 9477.69 9386.06 8950.07 8897.87 9279.57 9169.92 9396.21 8860.16 8697.50
8702.12 8668.26 8586.00 8429.04 8556.69 8632.78 8643.38 9223.56 9005.99 9016.72 8324.53 8552.20 8623.10 9166.75 9215.01 9470.69 9377.50 8934.11 8881.03 9269.20 9157.70 9387.83 8842.67 8677.26
8542.35 8627.12 8626.99 8462.92 8672.52 8592.04 8709.95 9228.42 9358.88 9290.48 8921.14 9024.08 8929.54 8708.39 8875.39 8753.59 8995.54 9097.73 9169.11 8999.42 9190.02 9150.25 8916.85 8715.41
8569.18 8644.25 8644.14 8498.84 8684.46 8613.18 8717.61 9176.77 9292.30 9231.73 8904.63 8995.80 8912.08 8716.22 8864.12 8756.25 8970.52 9061.03 9124.24 8973.96 9142.76 9107.54 8900.83 8722.44
8678.74 8653.30 8591.50 8473.59 8569.48 8626.65 8634.61 9070.48 8907.03 8915.09 8395.07 8566.11 8619.37 9027.81 9064.06 9256.15 9186.13 8853.03 8813.15 9104.77 9021.00 9193.89 8784.34 8660.06
8631.20 8603.75 8537.07 8409.83 8513.31 8574.99 8583.58 9053.90 8877.53 8886.23 8325.11 8509.67 8567.14 9007.85 9046.97 9254.24 9178.69 8819.27 8776.23 9090.90 9000.51 9187.07 8745.14 8611.04
8650.17 8621.53 8551.97 8419.24 8527.18 8591.53 8600.50 9091.12 8907.13 8916.21 8330.86 8523.39 8583.34 9043.08 9083.89 9300.11 9221.30 8846.35 8801.46 9129.72 9035.43 9230.04 8769.03 8629.14
8680.59 8650.77 8578.34 8440.12 8552.52 8619.53 8628.86 9139.75 8948.16 8957.61 8348.10 8548.58 8611.00 9089.73 9132.22 9357.37 9275.30 8884.87 8838.13 9179.94 9081.75 9284.40 8804.35 8658.69
8660.10 8631.47 8561.92 8429.21 8537.13 8601.47 8610.43 9100.99 8917.03 8926.10 8340.84 8533.34 8593.28 9052.96 9093.76 9309.94 9231.15 8856.26 8811.37 9139.58 9045.30 9239.88 8778.94 8639.08
8353.46 8439.01 8438.88 8273.31 8484.83 8403.61 8522.60 9045.83 9177.48 9108.45 8735.72 8839.61 8744.21 8521.02 8689.55 8566.64 8810.80 8913.93 8985.97 8814.72 9007.07 8966.93 8731.39 8528.11
8235.89 8320.51 8320.38 8156.60 8365.83 8285.49 8403.20 8920.75 9050.98 8982.70 8614.01 8716.77 8622.40 8401.63 8568.34 8446.76 8688.28 8790.29 8861.54 8692.15 8882.42 8842.72 8609.72 8408.64
8460.32 8434.17 8370.67 8249.49 8348.04 8406.78 8414.97 8862.90 8694.92 8703.21 8168.80 8344.57 8399.31 8819.04 8856.30 9053.70 8981.75 8639.43 8598.45 8898.14 8812.05 8989.72 8568.83 8441.12
8499.30 8474.79 8415.26 8301.67 8394.05 8449.12 8456.79 8876.66 8719.21 8726.97 8226.04 8390.80 8442.11 8835.55 8870.48 9055.51 8988.07 8667.19 8628.77 8909.70 8829.00 8995.55 8601.02 8481.30
8510.86 8486.25 8426.49 8312.47 8405.20 8460.48 8468.18 8889.66 8731.61 8739.40 8236.54 8401.94 8453.44 8848.40 8883.46 9069.20 9001.50 8679.39 8640.82 8922.82 8841.82 9009.00 8612.96 8492.79
8473.33 8448.61 8388.55 8273.96 8367.15 8422.70 8430.45 8854.02 8695.18 8703.01 8197.66 8363.88 8415.64 8812.55 8847.78 9034.45 8966.41 8642.70 8603.95 8887.34 8805.94 8973.95 8575.95 8455.18
8441.31 8416.28 8355.47 8239.44 8333.80 8390.05 8397.89 8826.77 8665.94 8673.87 8162.19 8330.49 8382.89 8784.78 8820.45 9009.46 8940.57 8612.81 8573.56 8860.51 8778.08 8948.20 8545.21 8422.93
8279.65 8358.05 8357.94 8206.19 8400.05 8325.61 8434.67 8914.19 9034.84 8971.59 8629.98 8725.19 8637.76 8433.22 8587.67 8475.03 8698.80 8793.31 8859.33 8702.39 8878.67 8841.89 8626.02 8439.71
8280.08 8361.67 8361.55 8203.63 8405.38 8327.91 8441.40 8940.44 9066.01 9000.17 8644.67 8743.75 8652.76 8439.90 8600.63 8483.40 8716.28 8814.64 8883.35 8720.02 8903.48 8865.19 8640.54 8446.65
8511.82 8486.18 8423.91 8305.09 8401.72 8459.32 8467.35 8906.54 8741.84 8749.96 8225.98 8398.33 8451.99 8863.54 8900.07 9093.62 9023.07 8687.43 8647.24 8941.09 8856.68 9030.89 8618.21 8492.99
8537.44 8511.96 8450.06 8331.95 8428.00 8485.26 8493.24 8929.81 8766.09 8774.17 8253.31 8424.63 8477.97 8887.07 8923.38 9115.77 9045.65 8712.01 8672.06 8964.16 8880.25 9053.42 8643.20 8518.73
8563.07 8537.83 8476.53 8359.56 8454.69 8511.39 8519.29 8951.65 8789.51 8797.51 8281.68 8451.35 8504.18 8909.32 8945.28 9135.82 9066.37 8735.95 8696.39 8985.66 8902.57 9074.06 8667.81 8544.54
8565.49 8538.62 8473.35 8348.82 8450.09 8510.46 8518.88 8979.21 8806.58 8815.10 8265.89 8446.54 8502.78 8934.14 8972.43 9175.29 9101.35 8749.56 8707.43 9015.42 8926.95 9109.55 8677.00 8545.76
8588.20 8560.86 8494.46 8367.76 8470.80 8532.22 8540.78 9009.12 8833.49 8842.15 8283.39 8467.18 8524.40 8963.27 9002.22 9208.61 9133.39 8775.47 8732.62 9045.96 8955.95 9141.72 8701.66 8568.12
8331.00 8418.79 8418.65 8248.74 8465.81 8382.46 8504.57 9041.51 9176.61 9105.78 8723.28 8829.89 8731.98 8502.95 8675.90 8549.76 8800.33 8906.16 8980.08 8804.35 9001.74 8960.55 8718.83 8510.22
8206.27 8297.20 8297.06 8121.07 8345.90 8259.57 8386.05 8942.19 9082.13 9008.76 8612.58 8723.00 8621.60 8384.37 8563.50 8432.86 8692.38 8802.00 8878.57 8696.55 8901.00 8858.34 8607.98 8391.90
8406.37 8375.93 8301.98 8160.89 8275.63 8344.03 8353.57 8875.10 8679.52 8689.16 8066.95 8271.60 8335.33 8824.03 8867.41 9097.25 9013.48 8614.91 8567.19 8916.13 8815.89 9022.76 8532.71 8384.01
8480.83 8450.42 8376.55 8235.61 8350.23 8418.56 8428.08 8949.07 8753.70 8763.33 8141.76 8346.20 8409.86 8898.06 8941.39 9170.99 9087.31 8689.15 8641.48 8990.06 8889.93 9096.58 8607.04 8458.50
8539.25 8508.67 8434.42 8292.73 8407.96 8476.65 8486.22 9009.94 8813.54 8823.23 8198.39 8403.91 8467.91 8958.67 9002.23 9233.03 9148.91 8748.66 8700.74 9051.15 8950.49 9158.23 8666.12 8516.80
8574.11 8544.91 8473.99 8338.67 8448.72 8514.32 8523.46 9023.66 8836.09 8845.33 8248.57 8444.85 8505.97 8974.69 9016.29 9236.73 9156.38 8774.12 8728.35 9063.01 8966.88 9165.29 8695.28 8552.67
8563.97 8534.18 8461.84 8323.78 8436.05 8502.98 8512.31 9022.60 8831.24 8840.67 8231.86 8432.11 8494.46 8972.64 9015.08 9239.96 9158.00 8768.02 8721.33 9062.74 8964.67 9167.08 8687.59 8542.10
8229.87 8327.67 8327.52 8138.24 8380.06 8287.20 8423.24 9021.40 9171.90 9092.99 8666.88 8785.65 8676.58 8421.43 8614.10 8473.58 8752.72 8870.62 8952.97 8757.20 8977.09 8931.21 8661.93 8429.53
8069.15 8174.59 8174.43 7970.36 8231.06 8130.95 8277.62 8922.50 9084.76 8999.69 8540.29 8668.33 8550.75 8275.67 8483.38 8331.89 8632.83 8759.94 8848.72 8637.66 8874.73 8825.26 8534.95 8284.40
8267.19 8233.93 8153.13 7998.96 8124.34 8199.08 8209.49 8779.37 8565.66 8576.20 7896.30 8119.93 8189.57 8723.57 8770.97 9022.11 8930.58 8495.06 8442.92 8824.20 8714.68 8940.72 8405.25 8242.76
8347.48 8314.15 8233.21 8078.76 8204.36 8279.24 8289.67 8860.58 8646.49 8657.05 7975.92 8199.95 8269.71 8804.69 8852.17 9103.77 9012.06 8575.76 8523.52 8905.50 8795.77 9022.23 8485.78 8323.01
8462.21 8431.38 8356.50 8213.62 8329.82 8399.08 8408.74 8936.88 8738.82 8748.59 8118.48 8325.74 8390.27 8885.17 8929.10 9161.85 9077.01 8673.39 8625.07 8978.43 8876.92 9086.41 8590.15 8439.57
8477.61 8447.72 8375.15 8236.65 8349.28 8416.42 8425.78 8937.69 8745.72 8755.18 8144.44 8345.33 8407.88 8887.57 8930.15 9155.74 9073.52 8682.30 8635.46 8977.96 8879.58 9082.63 8601.62 8455.66
8423.19 8393.20 8320.34 8181.33 8294.38 8361.77 8371.17 8885.02 8692.32 8701.83 8088.76 8290.41 8353.20 8834.71 8877.45 9103.91 9021.37 8628.67 8581.65 8925.45 8826.69 9030.52 8547.68 8401.17
8184.59 8285.36 8285.21 8090.18 8339.34 8243.66 8383.83 9000.14 9155.22 9073.92 8634.87 8757.24 8644.86 8381.97 8580.48 8435.70 8723.31 8844.79 8929.64 8727.92 8954.50 8907.22 8629.77 8390.31
8222.58 8324.68 8324.53 8126.91 8379.38 8282.43 8424.46 9048.95 9206.09 9123.70 8678.83 8802.82 8688.96 8422.57 8623.72 8477.02 8768.44 8891.53 8977.51 8773.12 9002.70 8954.79 8673.66 8431.03
8503.02 8472.68 8399.00 8258.40 8372.74 8440.90 8450.40 8970.11 8775.22 8784.83 8164.78 8368.73 8432.23 8919.23 8962.46 9191.49 9108.01 8710.83 8663.28 9011.00 8911.12 9117.26 8628.92 8480.74
8478.62 8448.75 8376.21 8237.79 8350.36 8417.46 8426.82 8938.47 8746.60 8756.06 8145.63 8346.41 8408.93 8888.37 8930.93 9156.41 9074.23 8683.21 8636.39 8978.72 8880.39 9083.34 8602.57 8456.69
8410.20 8380.58 8308.62 8171.32 8282.98 8349.54 8358.82 8866.34 8676.02 8685.40 8079.90 8279.06 8341.07 8816.65 8858.86 9082.52 9001.00 8613.14 8566.70 8906.27 8808.73 9010.04 8533.15 8388.45
8370.67 8341.03 8269.04 8131.67 8243.39 8309.98 8319.26 8827.04 8636.62 8646.01 8040.20 8239.46 8301.51 8777.32 8819.56 9043.33 8961.77 8573.72 8527.25 8866.99 8769.40 8970.81 8493.69 8348.91
8367.21 8339.25 8271.34 8141.77 8247.14 8309.96 8318.71 8797.67 8618.06 8626.91 8055.49 8243.44 8301.96 8750.77 8790.61 9001.68 8924.75 8558.72 8514.90 8835.35 8743.30 8933.28 8483.23 8346.68
8246.96 8217.00 8144.23 8005.37 8118.30 8185.61 8195.00 8708.26 8515.78 8525.28 7912.92 8114.33 8177.05 8658.01 8700.70 8926.90 8844.45 8452.20 8405.23 8748.64 8650.00 8853.59 8371.30 8224.96
7828.80 7939.25 7939.08 7725.31 7998.42 7893.54 8047.18 8722.73 8892.71 8803.59 8322.35 8456.48 8333.30 8045.15 8262.74 8104.04 8419.29 8552.44 8645.45 8424.35 8672.70 8620.87 8316.76 8054.29
7794.71 7908.70 7908.53 7687.90 7969.77 7861.53 8020.10 8717.33 8892.77 8800.79 8304.10 8442.53 8315.41 8018.00 8242.57 8078.78 8404.15 8541.58 8637.57 8409.37 8665.69 8612.21 8298.33 8027.44
