   5.9729846e-01   9.5201932e-01   8.1992622e-01   5.4764832e-01   9.7307284e-01   1.0000000e+00   9.9907609e-01   8.0409397e-01   3.2385079e-01   1.0405437e-02   1.3450745e-02   5.3975437e-01   5.2914057e-01   7.3066937e-01   8.8988575e-01   1.0000000e+00   9.4033180e-01   1.4099779e-02   0.0000000e+00   1.2444402e-01   1.9936172e-02   7.5217505e-02   3.0993857e-01   1.5552077e+04   7.6561594e+02   1.0000000e+00   1.8384139e-06
   5.6811881e-01   3.7678742e-01   4.9342855e-01   7.2339883e-01   8.0277877e-01   8.4063322e-01   9.7931439e-01   8.5559198e-01   6.7939162e-01   3.6657354e-01   1.0513204e-01   8.8350800e-01   8.4592976e-01   9.5005004e-01   9.3854725e-01   9.9442268e-01   9.1801092e-01   9.5977002e-03   2.1276210e-02   7.2252172e-02   4.6172064e-02   4.2240061e-02   4.9186865e-01   1.3857637e+04   7.6859125e+02   1.0000000e+00   1.1544448e-01
   4.4559046e-01   3.7356593e-01   6.7195976e-01   6.2583053e-01   6.6334596e-01   7.7308689e-01   9.4380539e-01   8.1425789e-01   5.5742132e-01   1.8942506e-01   4.3798432e-02   7.5845755e-01   4.3928064e-01   7.3303361e-01   9.7347860e-01   9.9363250e-01   9.6377031e-01   1.0282694e-02   3.4992864e-02   4.5296518e-02   6.8837848e-02   3.7956585e-02   6.6107209e-01   1.2964053e+04   7.7064944e+02   1.0000000e+00   2.5057938e-04
   3.7890753e-01   4.2082464e-01   5.4406502e-01   8.0496027e-01   8.4773425e-01   8.9788532e-01   9.3505970e-01   8.0768176e-01   4.4920633e-01   2.5387746e-01   1.8011603e-02   8.7368614e-01   6.9410651e-01   9.6313588e-01   8.9566711e-01   9.9635622e-01   9.4874398e-01   3.0291224e-03   3.5043867e-02   9.0031069e-02   7.2817520e-02   3.2582373e-02   4.2652893e-01   1.1879870e+04   7.7391375e+02   1.0000000e+00   2.2457007e-01
   6.7262387e-01   5.1373791e-01   4.5415911e-01   6.5587026e-01   7.7914296e-01   8.2553457e-01   9.7241709e-01   6.6711214e-01   4.1654572e-01   2.2213372e-01   9.4188041e-02   7.2753675e-01   5.8920287e-01   8.9849086e-01   9.6070676e-01   9.9703140e-01   9.7357699e-01   8.3758658e-03   7.0685156e-03   7.9771740e-02   6.3490585e-02   2.0506344e-02   6.7053933e-01   1.3598074e+04   7.6916769e+02   1.0000000e+00   1.1812114e-01
   8.0759339e-01   4.5247706e-01   3.1518801e-01   4.5945652e-01   5.4669044e-01   9.6414547e-01   9.6623451e-01   5.8266477e-01   5.2704874e-01   1.8957384e-01   9.0253212e-02   7.8518082e-01   5.9422945e-01   8.0309116e-01   9.4337365e-01   9.9954641e-01   9.5757847e-01   1.3808182e-03   7.8939285e-03   7.1885849e-02   6.0359955e-02   1.7490572e-02   3.2541380e-01   1.4210186e+04   7.6834236e+02   1.0000000e+00   1.1486247e-01
   2.7579667e-01   7.3819651e-01   5.0977163e-01   6.2568266e-01   6.7142315e-01   9.1328182e-01   9.9000016e-01   8.2708600e-01   4.8623835e-01   1.5318469e-01   1.5191677e-02   8.6719043e-01   4.6480807e-01   7.4685915e-01   9.5643408e-01   9.9594910e-01   9.8036853e-01   1.0786654e-02   9.9667217e-03   1.4003146e-01   5.2050539e-02   2.3597889e-03   6.8138243e-01   1.2620724e+04   7.7116983e+02   1.0000000e+00   1.2746278e-01
   4.3953730e-01   3.5983184e-01   7.5662379e-01   6.1307648e-01   9.5333408e-01   8.9868318e-01   9.9946039e-01   7.9275102e-01   3.9218247e-01   8.3546847e-02   2.2301266e-02   4.9774748e-01   5.8492739e-01   8.5568160e-01   9.0858282e-01   9.9745021e-01   9.5897654e-01   1.3724413e-02   2.0682223e-02   7.6743553e-02   7.9430177e-02   3.1970832e-02   4.3492199e-01   1.2964630e+04   7.6988285e+02   1.0000000e+00   7.4365649e-02
   2.7579667e-01   7.3818120e-01   5.1061131e-01   6.2568271e-01   6.7142315e-01   9.1321713e-01   9.9000016e-01   8.2188686e-01   4.8623835e-01   1.5318469e-01   1.5191677e-02   8.7400604e-01   4.6499665e-01   7.4685915e-01   9.5631101e-01   9.9594910e-01   9.8059144e-01   1.0786654e-02   1.0307832e-02   1.3838624e-01   5.1657151e-02   2.3597889e-03   6.8138243e-01   1.2620724e+04   7.7116977e+02   1.0000000e+00   3.2788908e-05
   5.9226523e-01   7.3307203e-01   7.7188946e-01   5.3473990e-01   9.4531257e-01   1.0000000e+00   9.6611655e-01   7.3692357e-01   2.6913434e-01   1.8236618e-02   3.0811258e-02   6.6997273e-01   4.2155958e-01   8.9754505e-01   9.1587262e-01   9.9966774e-01   9.3514376e-01   0.0000000e+00   0.0000000e+00   9.1601397e-02   9.5598588e-02   7.5269089e-02   5.3088366e-01   1.5552072e+04   7.6563808e+02   1.0000000e+00   3.7009729e-01
   4.4559046e-01   3.7356593e-01   6.7195976e-01   6.2583053e-01   6.6334596e-01   7.7308689e-01   9.4380539e-01   8.1425789e-01   5.5742132e-01   8.8632093e-02   4.3798432e-02   6.8920172e-01   4.8787122e-01   7.3303361e-01   9.7347860e-01   9.9363250e-01   9.6371600e-01   1.5948226e-02   2.4687176e-02   3.0328407e-02   6.8837848e-02   3.7956585e-02   6.9319017e-01   1.2964053e+04   7.7064944e+02   1.0000000e+00   1.8967853e-04
   2.7579667e-01   7.3818120e-01   5.1159094e-01   6.2568276e-01   6.7142315e-01   9.1227945e-01   9.9000016e-01   8.0987871e-01   4.8964794e-01   1.6079398e-01   1.5280022e-02   8.8069083e-01   4.6516793e-01   7.5375321e-01   9.5631101e-01   9.9567289e-01   9.8059144e-01   1.0756715e-02   1.1103755e-02   1.3337239e-01   5.1514131e-02   2.3597889e-03   6.8138243e-01   1.2620725e+04   7.7116950e+02   1.0000000e+00   1.0979391e-01
   5.9729846e-01   9.5201932e-01   8.1992622e-01   5.4764832e-01   9.7307284e-01   1.0000000e+00   9.9907609e-01   8.0409397e-01   3.2385079e-01   0.0000000e+00   1.3450745e-02   5.1897762e-01   5.4371775e-01   7.3066937e-01   8.8988575e-01   1.0000000e+00   9.4033180e-01   1.5799438e-02   0.0000000e+00   1.1995359e-01   1.9936172e-02   7.5217505e-02   3.1957400e-01   1.5552077e+04   7.6561594e+02   1.0000000e+00   2.1744320e-03
   5.1179770e-01   6.5818345e-01   8.5288935e-01   6.0796472e-01   8.7186950e-01   1.0000000e+00   8.6827771e-01   6.0924742e-01   4.2557026e-01   7.4905449e-02   6.1883546e-02   9.9970330e-01   5.9973520e-01   7.0079428e-01   8.5498138e-01   9.9846090e-01   9.5002338e-01   1.8126129e-02   1.9080055e-02   3.3813425e-02   1.2252245e-01   8.4120805e-02   4.7796304e-01   1.5556625e+04   7.6436292e+02   1.0000000e+00   1.2542522e-05
   3.1537054e-01   3.5642620e-01   4.5683117e-01   6.0139853e-01   6.9315460e-01   8.5834298e-01   9.9674872e-01   9.0053839e-01   4.9443857e-01   5.5142402e-01   1.3251217e-01   8.5938225e-01   6.8031836e-01   8.2901449e-01   9.9916083e-01   9.9124746e-01   9.3863664e-01   9.9802611e-03   3.1530912e-02   1.0328020e-01   5.9304220e-02   2.9794855e-02   3.1199715e-01   1.2129891e+04   7.7242822e+02   1.0000000e+00   1.0096964e-01
   4.5657044e-01   6.5884645e-01   9.3651702e-01   6.0861466e-01   9.9418138e-01   1.0000000e+00   8.8051145e-01   5.9978740e-01   4.0186167e-01   8.8020129e-03   5.9500585e-02   8.0813258e-01   6.3597593e-01   6.9196193e-01   8.5158941e-01   9.9914689e-01   9.4786058e-01   1.9329699e-02   1.4667923e-02   3.6518576e-03   1.2515851e-01   9.2836461e-02   3.7949389e-01   1.5556730e+04   7.6436288e+02   1.0000000e+00             Inf
   4.5657044e-01   6.5884645e-01   9.3677446e-01   6.0861466e-01   9.9287820e-01   9.9997477e-01   8.8095284e-01   5.9629408e-01   4.0297447e-01   1.0574803e-02   5.9500585e-02   8.0813258e-01   6.3349452e-01   6.9196193e-01   8.5123463e-01   9.9920285e-01   9.4786058e-01   1.9359637e-02   1.5527648e-02   5.2890273e-03   1.2515851e-01   9.2836461e-02   3.7949389e-01   1.5556730e+04   7.6436288e+02   1.0000000e+00             Inf
   5.7716317e-01   9.1077257e-01   8.3550564e-01   7.3512577e-01   8.0345826e-01   9.9671141e-01   9.8846238e-01   5.6988695e-01   2.5779536e-03   1.5284327e-01   3.1121742e-02   9.9434720e-01   4.4727265e-01   8.7635335e-01   8.6188592e-01   9.9853432e-01   9.6447416e-01   3.2272871e-03   8.8187205e-03   1.3779562e-01   6.1068100e-02   2.4445241e-02   3.1915185e-01   1.4457914e+04   7.6653019e+02   1.0000000e+00   1.6751489e-01
   5.9729918e-01   9.9999959e-01   7.9380329e-01   5.4764406e-01   1.0000000e+00   9.9839152e-01   9.8369043e-01   7.2625673e-01   1.4067026e-01   0.0000000e+00   0.0000000e+00   5.8611433e-01   4.8393603e-01   5.1710030e-01   8.6597517e-01   9.9998172e-01   9.5454134e-01   1.5633689e-02   1.3093716e-03   1.3195889e-01   5.1146766e-02   9.8463970e-02   2.9046190e-01   1.5552116e+04   7.6561528e+02   1.0000000e+00   1.2409471e-01
   4.5600112e-01   6.5842358e-01   9.1709629e-01   6.0820499e-01   9.8504608e-01   9.9998059e-01   8.6972967e-01   5.6653945e-01   3.9079242e-01   3.2282133e-02   5.2843749e-02   7.8938358e-01   5.9507518e-01   6.7707687e-01   8.4299049e-01   9.9932299e-01   9.4576397e-01   2.3308736e-02   2.8493417e-02   8.5768824e-03   1.2003156e-01   8.2457781e-02   3.5403347e-01   1.5556624e+04   7.6436296e+02   1.0000000e+00   1.2402696e-01
   8.2673234e-01   4.5247423e-01   3.1518505e-01   4.5399511e-01   5.4671244e-01   9.5692668e-01   9.4449232e-01   5.3185812e-01   4.9480660e-01   1.9686562e-01   9.1930822e-02   7.8715453e-01   5.9422945e-01   8.0309116e-01   9.0880751e-01   1.0000000e+00   9.5587403e-01   3.6407216e-03   4.4984113e-03   7.4507084e-02   7.6450757e-02   2.9904100e-02   3.2541380e-01   1.4210187e+04   7.6834146e+02   1.0000000e+00   7.2124498e-02
   5.6149798e-01   3.2594970e-01   4.1914486e-01   5.5904430e-01   6.4766383e-01   9.3193374e-01   9.8610359e-01   8.0032608e-01   5.7220849e-01   2.0699119e-01   1.1188106e-02   7.1870043e-01   7.5745610e-01   6.5740866e-01   9.5263627e-01   9.9776382e-01   9.4856817e-01   2.1766905e-02   2.2662695e-02   2.4719242e-02   6.3881764e-02   3.5845557e-02   5.2243990e-01   1.4211372e+04   7.6759332e+02   1.0000000e+00   1.6915931e-01
   5.7719644e-01   9.1077257e-01   8.3550564e-01   7.3511765e-01   8.0336098e-01   9.9671316e-01   9.8846238e-01   5.6795337e-01   5.1849893e-03   1.5158338e-01   3.2600544e-02   9.9036686e-01   4.5146489e-01   8.7884717e-01   8.6137320e-01   9.9853432e-01   9.6613343e-01   3.0818614e-03   7.4635972e-03   1.3779562e-01   6.1157460e-02   2.4445241e-02   3.2427742e-01   1.4457979e+04   7.6653013e+02   1.0000000e+00   3.6794679e-01
   4.4549034e-01   3.7361487e-01   5.7245844e-01   6.2589722e-01   6.6356203e-01   8.1635246e-01   9.6783485e-01   8.1778682e-01   4.4793642e-01   2.4161882e-01   3.6848727e-02   8.4046603e-01   4.0649909e-01   7.3699867e-01   9.6522840e-01   9.9303312e-01   9.6499356e-01   7.7281607e-03   2.7471237e-02   8.0115091e-02   6.2466066e-02   7.4597199e-03   6.8719342e-01   1.2963864e+04   7.7067904e+02   1.0000000e+00   1.7807388e-03
   4.3999308e-01   3.7528034e-01   6.0498973e-01   6.2756371e-01   6.6546784e-01   8.3822458e-01   9.9089807e-01   8.0869800e-01   4.2615723e-01   2.6286813e-01   4.4899380e-02   9.8043512e-01   4.8001443e-01   7.0638989e-01   1.0000000e+00   9.9108861e-01   9.5170239e-01   7.5759236e-03   1.4583355e-02   6.0564798e-02   3.8170554e-02   3.0943532e-03   7.5073046e-01   1.2963853e+04   7.7069558e+02   1.0000000e+00   2.5523541e-02
   5.6145479e-01   3.2595993e-01   4.2040338e-01   5.5899218e-01   6.7455039e-01   9.7516785e-01   9.9912416e-01   7.9742324e-01   5.6836014e-01   1.7910503e-01   0.0000000e+00   7.8612952e-01   8.0782607e-01   6.3442846e-01   9.4090261e-01   9.9819462e-01   9.5833775e-01   2.1500201e-02   1.6576533e-02   7.2726663e-02   6.3249970e-02   2.6341467e-02   5.3019995e-01   1.4210945e+04   7.6760922e+02   1.0000000e+00   7.2038405e-02
   5.6145479e-01   3.2595985e-01   4.1950346e-01   5.5899218e-01   6.7455099e-01   9.7421584e-01   9.9912416e-01   7.9742324e-01   5.6836014e-01   1.7886665e-01   0.0000000e+00   7.8612952e-01   8.0782607e-01   6.3466789e-01   9.4090261e-01   9.9819462e-01   9.5833365e-01   2.1500201e-02   1.6576533e-02   7.2550444e-02   6.4000155e-02   2.6548444e-02   5.2921261e-01   1.4210946e+04   7.6760919e+02   1.0000000e+00   1.6692207e-03
   4.4552300e-01   3.7355623e-01   5.7465919e-01   6.2583769e-01   6.6352907e-01   8.0295488e-01   9.6062601e-01   8.1850067e-01   4.8078189e-01   2.2932163e-01   3.6687856e-02   8.4093888e-01   4.1339047e-01   7.1597086e-01   9.6851958e-01   9.9303312e-01   9.6523249e-01   8.5724187e-03   2.7410721e-02   8.0526268e-02   6.4729340e-02   1.4595466e-02   7.1019319e-01   1.2963873e+04   7.7067139e+02   1.0000000e+00   1.3255355e-03
   3.7011867e-01   4.3527029e-01   5.7825425e-01   7.8840322e-01   9.0887518e-01   9.5838174e-01   9.9632234e-01   9.9064448e-01   7.4362892e-01   2.1096042e-01   7.5066981e-02   7.9923259e-01   6.3444145e-01   1.0000000e+00   9.7518285e-01   9.9602027e-01   9.0635156e-01   2.1535722e-03   1.8872290e-02   1.3240757e-01   3.2714441e-02   3.1213750e-02   6.3389613e-01   1.1654875e+04   7.7455528e+02   1.0000000e+00             Inf
   4.4743001e-01   3.7341856e-01   6.6196068e-01   6.2563942e-01   6.6335243e-01   7.6081475e-01   9.4380539e-01   8.1065545e-01   5.6491843e-01   1.8089635e-01   4.1848676e-02   7.4773644e-01   4.1699586e-01   7.4573021e-01   9.8079624e-01   9.9354964e-01   9.6627411e-01   1.0581643e-02   3.4727219e-02   4.4398382e-02   7.7130332e-02   3.9406864e-02   6.5010159e-01   1.2964520e+04   7.7063976e+02   1.0000000e+00   7.5120847e-02
   4.3966620e-01   3.6049457e-01   7.1287171e-01   6.1325035e-01   9.2706007e-01   9.0037649e-01   9.9378361e-01   8.1927090e-01   3.3516341e-01   7.7359264e-02   3.3155919e-02   4.9454864e-01   5.4497451e-01   9.2341149e-01   9.1269558e-01   9.9729536e-01   9.4447095e-01   6.0323819e-03   8.4150153e-03   5.4941112e-02   7.4018649e-02   4.0871206e-02   4.7698508e-01   1.2960359e+04   7.7093359e+02   1.0000000e+00   6.8661872e-04
   4.4560026e-01   3.7354834e-01   6.7261998e-01   6.2581267e-01   6.6333607e-01   7.6906761e-01   9.4380539e-01   8.1447205e-01   5.6727496e-01   8.4942934e-02   4.3750171e-02   6.8934358e-01   4.8787122e-01   7.3303361e-01   9.7347860e-01   9.9363250e-01   9.6378767e-01   1.6201504e-02   2.4669021e-02   3.0451760e-02   6.8837848e-02   4.0097309e-02   7.0009011e-01   1.2964056e+04   7.7064702e+02   1.0000000e+00   1.0686134e-03
   4.6218817e-01   6.5833645e-01   8.5288935e-01   6.0811471e-01   9.0037360e-01   1.0000000e+00   8.7247641e-01   6.0924742e-01   4.2557026e-01   1.3514193e-01   6.1455598e-02   9.1320664e-01   6.6629241e-01   6.9928702e-01   8.5419862e-01   9.9846090e-01   9.4969930e-01   1.8750309e-02   1.5126082e-02   2.7917195e-02   1.2349954e-01   8.6303491e-02   4.7397683e-01   1.5556649e+04   7.6436290e+02   1.0000000e+00   1.5119359e-05
   6.7277384e-01   5.1394611e-01   4.5423746e-01   7.4286874e-01   7.7963469e-01   8.2695190e-01   9.7557979e-01   4.7352940e-01   3.4642677e-01   1.8297706e-01   1.5232800e-01   6.1596019e-01   4.6191940e-01   8.0536380e-01   9.6448594e-01   9.9778872e-01   9.6708536e-01   1.3527875e-02   4.4347091e-03   3.2027039e-02   8.0193091e-02   7.0370854e-02   5.9595721e-01   1.3597608e+04   7.6916799e+02   1.0000000e+00   3.0151420e-04
   5.6805277e-01   3.7820593e-01   4.9894754e-01   6.9295124e-01   8.0937042e-01   8.9359652e-01   9.8159114e-01   8.5941639e-01   6.6118475e-01   3.3761663e-01   8.1648436e-02   9.5878443e-01   8.9434615e-01   9.6572863e-01   9.1988953e-01   9.9784687e-01   9.2040249e-01   8.0898235e-03   7.1994307e-03   8.7771027e-02   5.0919052e-02   4.6973822e-02   6.4170477e-01   1.3845761e+04   7.6861228e+02   1.0000000e+00   1.1887231e-01
   6.3103261e-01   5.3302590e-01   5.3051487e-01   5.8401914e-01   8.5690669e-01   8.5698330e-01   9.6652211e-01   7.9052653e-01   4.6948070e-01   2.0846388e-01   8.8558013e-03   7.0885653e-01   4.4248845e-01   7.4639525e-01   9.7539003e-01   9.9698775e-01   9.5683398e-01   1.4900360e-02   1.3414490e-02   5.0312115e-02   6.3753423e-02   3.3047648e-02   5.8635429e-01   1.3111874e+04   7.6962319e+02   1.0000000e+00   2.3213389e-01
   4.3973713e-01   3.6058819e-01   7.3612639e-01   6.1325035e-01   9.6725280e-01   9.0283237e-01   1.0000000e+00   7.8972342e-01   3.4330128e-01   2.0664311e-01   5.4810315e-02   4.5263662e-01   6.4811380e-01   9.2810837e-01   9.4256287e-01   9.9460027e-01   9.5140501e-01   1.1442004e-02   2.8251202e-02   3.7281417e-02   9.6129568e-02   4.4323571e-02   5.1204745e-01   1.2960178e+04   7.7093679e+02   1.0000000e+00   8.4625754e-05
   4.3953730e-01   3.5980376e-01   7.6113202e-01   6.1307648e-01   9.5333408e-01   8.9794642e-01   9.9946039e-01   7.9275102e-01   3.9218247e-01   8.3546847e-02   1.4950361e-02   4.8797358e-01   5.8492739e-01   8.5568160e-01   9.0858282e-01   9.9852787e-01   9.5689632e-01   1.2158215e-02   1.4731367e-02   8.0531726e-02   7.9430177e-02   3.3267633e-02   4.3492199e-01   1.2964854e+04   7.6988267e+02   1.0000000e+00   6.3213165e-02
   6.7277384e-01   5.1397742e-01   4.5423746e-01   7.8298277e-01   7.7963469e-01   8.2828862e-01   9.8364783e-01   5.7823030e-01   3.1046449e-01   2.9010708e-01   1.2968024e-01   5.1130382e-01   4.6381891e-01   9.0247925e-01   9.5528252e-01   9.9664546e-01   9.7469472e-01   1.3319170e-02   5.3184662e-03   7.3458543e-02   6.5473303e-02   5.0904577e-02   5.4531083e-01   1.3597357e+04   7.6916889e+02   1.0000000e+00   1.6914833e-01
   4.4550264e-01   3.7356582e-01   6.6501179e-01   6.2583514e-01   6.6335321e-01   7.7608802e-01   9.4380539e-01   8.1425789e-01   5.5742132e-01   1.8942506e-01   4.3317299e-02   7.5845755e-01   4.3672664e-01   7.3349518e-01   9.7324188e-01   9.9357809e-01   9.6343755e-01   1.0282694e-02   3.4992864e-02   4.7459741e-02   6.8381175e-02   3.7956585e-02   6.6107437e-01   1.2964003e+04   7.7065136e+02   1.0000000e+00   1.4726089e-03
   5.9729868e-01   9.5201472e-01   8.1980803e-01   5.4764706e-01   9.5288761e-01   9.9998059e-01   9.8801713e-01   7.8283706e-01   3.1758807e-01   1.0405437e-02   1.3450745e-02   5.3975437e-01   5.2919715e-01   6.5779290e-01   8.7550136e-01   1.0000000e+00   9.4039868e-01   1.5777473e-02   1.0233303e-04   1.2484422e-01   2.6147657e-02   7.9762776e-02   3.2489947e-01   1.5552088e+04   7.6561594e+02   1.0000000e+00   7.5818949e-05
   4.4391124e-01   3.7408026e-01   6.7195976e-01   6.2635048e-01   6.6398252e-01   7.9262819e-01   9.5793320e-01   8.1258992e-01   5.5742132e-01   1.4090290e-01   4.3798432e-02   7.7657174e-01   4.8787122e-01   7.2504049e-01   9.7347860e-01   9.9363250e-01   9.6011191e-01   1.3436536e-02   2.1656030e-02   3.9399325e-02   5.9637660e-02   3.7956585e-02   7.1045226e-01   1.2963993e+04   7.7066429e+02   1.0000000e+00   1.9980972e-03
   4.3973713e-01   3.6058860e-01   7.1310916e-01   6.1325035e-01   9.6725280e-01   9.0283237e-01   9.9953257e-01   7.8972342e-01   3.6642491e-01   1.9944288e-01   5.5051108e-02   4.5263662e-01   6.2073937e-01   9.1575143e-01   9.4256287e-01   9.9482685e-01   9.5140501e-01   9.8882634e-03   2.8251202e-02   4.5476684e-02   8.9030075e-02   3.6987838e-02   5.1204745e-01   1.2960174e+04   7.7093741e+02   1.0000000e+00   1.0982929e-01
   3.7003745e-01   4.3504293e-01   5.7850829e-01   7.7051044e-01   9.1004669e-01   9.5704502e-01   1.0000000e+00   1.0000000e+00   6.5866308e-01   1.7418162e-01   6.1590907e-02   7.4092586e-01   5.0721524e-01   9.7503991e-01   9.8161293e-01   9.9601353e-01   9.2268386e-01   3.5766723e-03   1.8144501e-02   1.1558700e-01   3.2741567e-02   4.8168689e-02   5.8913354e-01   1.1655020e+04   7.7450476e+02   1.0000000e+00   1.2060568e-01
   2.7471580e-01   7.7881601e-01   5.3653765e-01   6.5397564e-01   7.2666040e-01   8.7692301e-01   9.9631607e-01   9.1604800e-01   7.5222825e-01   4.8666784e-01   9.9544377e-02   9.2656263e-01   6.6998636e-01   6.8394032e-01   9.5802202e-01   9.9458277e-01   9.3363400e-01   9.6655056e-03   1.0545213e-02   8.0017265e-02   3.5412070e-02   9.5538864e-03   8.1032518e-01   1.2417593e+04   7.7195320e+02   1.0000000e+00   1.2170018e-01
   3.1537054e-01   3.5642620e-01   4.5738540e-01   6.0139856e-01   6.9315460e-01   8.5804227e-01   9.9674872e-01   8.9537620e-01   4.9565500e-01   5.5370681e-01   1.3253868e-01   8.6343237e-01   6.8031836e-01   8.2901449e-01   9.9912391e-01   9.9116459e-01   9.3863664e-01   9.9802611e-03   3.1872023e-02   1.0145870e-01   5.9143297e-02   2.9794855e-02   3.1199715e-01   1.2129891e+04   7.7242719e+02   1.0000000e+00   1.2033980e-01
   4.5657044e-01   6.5884641e-01   9.3611423e-01   6.0861466e-01   9.9286818e-01   1.0000000e+00   8.8095284e-01   5.9629408e-01   4.0303399e-01   1.0574803e-02   5.9548846e-02   8.0124769e-01   6.3366949e-01   6.9883684e-01   8.5123463e-01   9.9920285e-01   9.4786058e-01   1.9106360e-02   1.5545803e-02   5.2890273e-03   1.2492015e-01   9.2836461e-02   3.7949389e-01   1.5556730e+04   7.6436288e+02   1.0000000e+00   1.6105818e-05
   5.6811591e-01   3.7680213e-01   4.9342855e-01   7.2341884e-01   8.0285362e-01   8.5271429e-01   9.8652323e-01   8.5665066e-01   6.4648663e-01   3.8400862e-01   1.0299887e-01   9.1499543e-01   8.4592976e-01   9.5005004e-01   9.3574498e-01   9.9424287e-01   9.1844957e-01   9.5977002e-03   1.9001567e-02   8.2821097e-02   4.4498898e-02   3.3091001e-02   5.0878301e-01   1.3857496e+04   7.6859772e+02   1.0000000e+00   4.2064153e-03
   4.3966620e-01   3.6049320e-01   7.1366085e-01   6.1322327e-01   9.8207429e-01   8.9851047e-01   1.0000000e+00   8.0856703e-01   2.5841017e-01   1.0136003e-01   1.9228225e-02   4.9943076e-01   7.3220905e-01   9.3509157e-01   9.1763128e-01   9.9790873e-01   9.5890371e-01   1.2801126e-02   2.6363328e-02   4.0253160e-02   9.6232319e-02   6.1258988e-02   4.0817732e-01   1.2960370e+04   7.7093006e+02   1.0000000e+00   2.4246456e-02
   5.6810408e-01   3.7820594e-01   4.9916912e-01   6.9295124e-01   8.0749619e-01   8.7769996e-01   9.8157228e-01   8.3960388e-01   6.6664681e-01   3.3761663e-01   8.8679039e-02   9.6084989e-01   8.5303921e-01   9.5369108e-01   9.2548685e-01   9.9681961e-01   9.2074552e-01   8.6181697e-03   1.1422464e-02   8.4608121e-02   4.9379415e-02   5.0751437e-02   5.7045595e-01   1.3846171e+04   7.6860418e+02   1.0000000e+00   4.4356880e-03
   4.4558078e-01   3.7361496e-01   5.7438922e-01   6.2589722e-01   6.6359561e-01   8.1335715e-01   9.6783485e-01   8.1778682e-01   4.4773802e-01   2.4747048e-01   3.6687856e-02   8.6341564e-01   4.0573184e-01   7.1405426e-01   9.6413770e-01   9.9303312e-01   9.6523126e-01   8.5724187e-03   2.7410721e-02   8.0473403e-02   6.3485684e-02   7.5218129e-03   7.1745327e-01   1.2963865e+04   7.7067747e+02   1.0000000e+00   7.5329285e-04
   2.7620923e-01   8.1924549e-01   5.3027871e-01   6.5753653e-01   7.2231500e-01   8.6656195e-01   9.9523300e-01   8.3401749e-01   6.6037277e-01   4.6738690e-01   1.0636390e-01   8.0699324e-01   6.3175971e-01   6.5393817e-01   9.5837221e-01   9.9573043e-01   9.5182017e-01   1.0756947e-02   1.4993254e-02   7.6400118e-02   5.0908529e-02   8.0463099e-03   7.9046475e-01   1.2417652e+04   7.7193846e+02   1.0000000e+00   1.2891806e-01
   4.3973713e-01   3.6058359e-01   7.3667218e-01   6.1325038e-01   9.6725280e-01   9.0253166e-01   1.0000000e+00   7.8456124e-01   3.4432415e-01   2.0892589e-01   5.4810315e-02   4.5263662e-01   6.4811380e-01   9.2810837e-01   9.4252595e-01   9.9451741e-01   9.5147188e-01   1.1433022e-02   2.8592312e-02   3.5283696e-02   9.5968646e-02   4.4323571e-02   5.1204745e-01   1.2960214e+04   7.7093666e+02   1.0000000e+00   3.6079223e-04
   3.7896672e-01   4.2144347e-01   5.2820655e-01   6.8624448e-01   7.9497656e-01   8.4283197e-01   1.0000000e+00   9.4821033e-01   4.1071385e-01   2.6112198e-01   2.1361387e-02   7.4993113e-01   5.9964707e-01   8.8672143e-01   9.1401566e-01   9.9773800e-01   9.8683040e-01   1.4932761e-02   3.2145962e-02   1.2765746e-01   6.6466153e-02   9.1252926e-03   2.1221030e-01   1.1973067e+04   7.7304665e+02   1.0000000e+00   2.0982629e-01
   4.6218817e-01   6.5848945e-01   8.7797765e-01   6.0826469e-01   9.2851594e-01   1.0000000e+00   8.7247641e-01   6.0635730e-01   4.1822487e-01   1.3514193e-01   6.1455598e-02   8.7925354e-01   6.5738064e-01   6.9708949e-01   8.5346127e-01   9.9866669e-01   9.4969930e-01   1.8924126e-02   1.4626905e-02   2.0662032e-02   1.2393333e-01   8.8230034e-02   4.7397683e-01   1.5556674e+04   7.6436289e+02   1.0000000e+00   2.2942901e-05
   3.7009740e-01   4.3524179e-01   5.7825425e-01   7.8840322e-01   9.0887518e-01   9.5838174e-01   9.9632234e-01   1.0000000e+00   7.4362892e-01   2.1096042e-01   7.5066981e-02   7.9092332e-01   6.3444145e-01   1.0000000e+00   9.7518285e-01   9.9704863e-01   9.0860117e-01   2.0964456e-03   1.8872290e-02   1.3240757e-01   3.2714441e-02   3.6769296e-02   6.3389613e-01   1.1654875e+04   7.7455529e+02   2.0000000e+00             Inf
   4.5657044e-01   6.5884645e-01   9.3651702e-01   6.0861466e-01   9.9418138e-01   1.0000000e+00   8.8051145e-01   5.9961368e-01   4.0108564e-01   8.8020129e-03   5.9500585e-02   8.0002964e-01   6.3658649e-01   6.9196193e-01   8.5174078e-01   9.9914689e-01   9.4785569e-01   1.9329699e-02   1.3462158e-02   3.7333203e-03   1.2494553e-01   9.2725301e-02   3.7949389e-01   1.5556730e+04   7.6436288e+02   2.0000000e+00             Inf
   5.8546997e-01   7.3307203e-01   7.7188946e-01   5.3473990e-01   9.4531257e-01   9.6938392e-01   1.0000000e+00   7.3692357e-01   2.5911800e-01   2.7580939e-03   1.6859687e-02   5.4240281e-01   3.9715007e-01   9.4446343e-01   9.3218788e-01   9.9968783e-01   9.3730286e-01   0.0000000e+00   0.0000000e+00   1.0738576e-01   8.2377781e-02   5.9358332e-02   5.3088366e-01   1.5552072e+04   7.6563814e+02   2.0000000e+00   3.7009707e-01
   5.7719644e-01   8.3501478e-01   8.3550564e-01   7.3511765e-01   8.0336098e-01   9.9760195e-01   9.8846238e-01   5.7432685e-01   1.2607733e-01   1.0890284e-01   4.1114197e-02   9.9036686e-01   4.5146489e-01   8.2352974e-01   8.5753976e-01   9.9853432e-01   9.6168260e-01   7.4465043e-03   7.4635972e-03   9.7444325e-02   6.1157460e-02   4.5174988e-02   3.4238003e-01   1.4457979e+04   7.6653013e+02   2.0000000e+00   3.6795546e-01
   3.1537054e-01   3.5643080e-01   4.5657927e-01   6.0139853e-01   6.9315460e-01   8.5836238e-01   9.9674872e-01   9.0209813e-01   4.9443857e-01   5.5142402e-01   1.3251217e-01   8.5733757e-01   6.8026179e-01   8.2901449e-01   9.9919775e-01   9.9124746e-01   9.3856976e-01   9.9802611e-03   3.1530912e-02   1.0377377e-01   5.9304220e-02   2.9794855e-02   3.1199715e-01   1.2129891e+04   7.7242823e+02   2.0000000e+00   2.2078629e-01
   3.7896672e-01   4.2144347e-01   5.2804028e-01   6.8624448e-01   7.9497656e-01   8.4283197e-01   1.0000000e+00   9.4821033e-01   4.1034892e-01   2.6112198e-01   2.1353436e-02   7.4871609e-01   5.9964707e-01   8.8672143e-01   9.1401566e-01   9.9776285e-01   9.8683040e-01   1.4932761e-02   3.2145962e-02   1.2765746e-01   6.6514430e-02   9.1252926e-03   2.1221030e-01   1.1974841e+04   7.7305063e+02   2.0000000e+00   2.0982281e-01
   6.7277384e-01   5.1397742e-01   4.5423746e-01   7.3684463e-01   7.7963469e-01   8.2828862e-01   9.7538309e-01   5.7823030e-01   3.6803009e-01   2.9010708e-01   1.4680943e-01   5.9849347e-01   4.6381891e-01   8.6638315e-01   9.6448594e-01   9.9732078e-01   9.7862698e-01   1.1923701e-02   5.1621402e-03   7.3458543e-02   6.5473303e-02   4.3890386e-02   5.4531083e-01   1.3597357e+04   7.6916944e+02   2.0000000e+00   1.6922448e-01
   5.6151926e-01   3.2594970e-01   4.1914486e-01   5.5904430e-01   6.4766383e-01   9.3193374e-01   9.8610359e-01   8.0032608e-01   5.7220849e-01   2.0699119e-01   1.1188106e-02   7.2620172e-01   7.5745610e-01   6.5612522e-01   9.5263627e-01   9.9776382e-01   9.4856817e-01   2.1766905e-02   2.2662695e-02   2.4719242e-02   6.3881764e-02   3.4478440e-02   5.2243990e-01   1.4211543e+04   7.6759341e+02   2.0000000e+00   1.6758572e-01
   5.7716317e-01   9.0955247e-01   8.3550564e-01   7.3512577e-01   8.0345826e-01   9.8381093e-01   9.8915022e-01   5.9404828e-01   2.5779536e-03   1.5284327e-01   6.4983513e-02   9.9434720e-01   4.7104029e-01   8.5136928e-01   8.8510745e-01   9.9853432e-01   9.5839404e-01   2.9025796e-03   1.1912266e-02   1.5229735e-01   6.1068100e-02   1.6863590e-02   3.1915185e-01   1.4457914e+04   7.6653034e+02   2.0000000e+00   1.6747989e-01
   6.3103261e-01   5.3295386e-01   5.3051487e-01   5.8401914e-01   8.2295372e-01   8.5698913e-01   9.6608652e-01   8.0333892e-01   4.8036568e-01   2.1753525e-01   1.1567740e-02   7.7195244e-01   4.3811530e-01   7.4639525e-01   9.7898730e-01   9.9672912e-01   9.5811180e-01   1.2841967e-02   1.3414490e-02   5.0312115e-02   6.3753423e-02   3.3546555e-02   6.2064254e-01   1.3111874e+04   7.6962324e+02   2.0000000e+00   1.4989705e-01
   2.7447224e-01   8.1974502e-01   5.3309013e-01   6.5804109e-01   7.2289400e-01   8.7612472e-01   9.9523300e-01   8.3323739e-01   6.5403741e-01   4.6738690e-01   1.0829796e-01   8.5432608e-01   6.5126031e-01   6.4521711e-01   9.6856697e-01   9.9509267e-01   9.4750006e-01   1.0702294e-02   1.1126890e-02   7.2698254e-02   4.3163202e-02   8.0463099e-03   7.9046475e-01   1.2419542e+04   7.7194555e+02   2.0000000e+00   1.2927427e-01
   2.7646791e-01   7.4018069e-01   5.1141436e-01   6.2568266e-01   6.7142315e-01   9.1328182e-01   9.8892996e-01   8.2708600e-01   4.8105476e-01   1.3021024e-01   9.9839604e-03   8.9953350e-01   4.6480807e-01   7.4588844e-01   9.6340041e-01   9.9594910e-01   9.7472079e-01   1.0369651e-02   9.9667217e-03   1.4003146e-01   4.8560565e-02   0.0000000e+00   6.8138243e-01   1.2620724e+04   7.7116984e+02   2.0000000e+00   1.2770093e-01
   5.9729918e-01   9.9999959e-01   8.0353117e-01   5.4764406e-01   1.0000000e+00   9.8740983e-01   9.7659175e-01   7.1711915e-01   9.6337702e-02   0.0000000e+00   0.0000000e+00   5.2332171e-01   4.8393603e-01   4.5566767e-01   8.6597517e-01   9.9964640e-01   9.6591171e-01   1.7439516e-02   1.3093716e-03   1.1996310e-01   5.5123408e-02   9.4552566e-02   2.9046190e-01   1.5552116e+04   7.6561544e+02   2.0000000e+00   1.2409825e-01
   4.5600112e-01   6.5842358e-01   9.1709629e-01   6.0820499e-01   9.8504608e-01   9.9998059e-01   8.6972967e-01   5.6648733e-01   3.9069510e-01   3.5003543e-02   5.2843749e-02   7.8695270e-01   5.9394641e-01   6.7707687e-01   8.4303590e-01   9.9932299e-01   9.4576250e-01   2.3157653e-02   2.8131688e-02   8.6013212e-03   1.1996766e-01   8.2457781e-02   3.5316628e-01   1.5556624e+04   7.6436296e+02   2.0000000e+00   1.2290425e-01
   2.7471580e-01   8.1997302e-01   5.3653765e-01   6.5800938e-01   7.2666040e-01   8.7321963e-01   9.9513669e-01   8.3283950e-01   6.5881979e-01   4.6372790e-01   1.1204759e-01   8.4105827e-01   6.6998636e-01   6.5884025e-01   9.6580362e-01   9.9545220e-01   9.5181882e-01   9.6655056e-03   5.7109926e-03   8.0017265e-02   4.1202442e-02   1.0048984e-02   8.1032518e-01   1.2417593e+04   7.7195684e+02   2.0000000e+00   1.2159111e-01
   3.7003745e-01   4.3504293e-01   5.7851534e-01   7.7051044e-01   9.1004669e-01   9.5704502e-01   1.0000000e+00   1.0000000e+00   6.5866308e-01   1.7316104e-01   6.1590907e-02   7.4092586e-01   5.0721524e-01   9.7434729e-01   9.8161293e-01   9.9598480e-01   9.2268386e-01   3.6177475e-03   1.8144501e-02   1.1558700e-01   3.2741567e-02   4.8485014e-02   5.8789142e-01   1.1655020e+04   7.7450476e+02   2.0000000e+00   1.2057736e-01
   5.6811881e-01   3.7661103e-01   4.9342855e-01   7.2322733e-01   7.9759490e-01   8.3922027e-01   9.7654506e-01   8.4161073e-01   6.7939162e-01   3.6786947e-01   1.0513204e-01   8.7936745e-01   8.1678080e-01   9.5029858e-01   9.4640958e-01   9.9413058e-01   9.1768160e-01   9.0499759e-03   2.6077937e-02   7.0048185e-02   4.4682261e-02   3.7187866e-02   4.9186865e-01   1.3859048e+04   7.6859145e+02   2.0000000e+00   1.1897975e-01
   5.6806749e-01   3.7820593e-01   4.9808861e-01   6.9295864e-01   8.0961522e-01   8.9359477e-01   9.8253995e-01   8.3468542e-01   6.6118475e-01   3.3887651e-01   8.0169634e-02   9.5878443e-01   8.5195915e-01   9.5287323e-01   9.2040226e-01   9.9784687e-01   9.2026197e-01   8.0898235e-03   8.1034189e-03   8.2197517e-02   5.0497950e-02   5.3656521e-02   5.9775803e-01   1.3845879e+04   7.6861238e+02   2.0000000e+00   1.1894966e-01
   6.7262387e-01   5.1373791e-01   4.5415911e-01   7.1650168e-01   7.7914296e-01   8.2553457e-01   9.7266032e-01   6.2296096e-01   4.1654572e-01   3.1727603e-01   1.2914679e-01   7.2753675e-01   5.8920287e-01   9.0732023e-01   9.6070676e-01   9.9582014e-01   9.7357699e-01   1.0827639e-02   9.5819170e-03   7.5699320e-02   6.3490585e-02   2.0506344e-02   6.9547632e-01   1.3598074e+04   7.6916849e+02   2.0000000e+00   1.1834762e-01
   3.7890753e-01   4.2082464e-01   5.4406502e-01   8.0496025e-01   8.4773425e-01   8.9795000e-01   9.3505970e-01   8.1288090e-01   4.4920633e-01   2.5387746e-01   1.7985099e-02   8.7027833e-01   6.9410651e-01   9.6313588e-01   8.9566711e-01   9.9635622e-01   9.4874398e-01   3.0291224e-03   3.5043867e-02   9.0853676e-02   7.2817520e-02   3.2582373e-02   4.2652893e-01   1.1879870e+04   7.7391405e+02   2.0000000e+00   1.1561395e-01
   2.7579667e-01   7.3818120e-01   5.1161905e-01   6.2568276e-01   6.7142315e-01   9.1227945e-01   9.9000016e-01   8.0987871e-01   4.9029313e-01   1.6079398e-01   1.5280022e-02   8.8069083e-01   4.6490506e-01   7.5371311e-01   9.5631101e-01   9.9567289e-01   9.8059144e-01   1.0765697e-02   1.1103755e-02   1.3395978e-01   5.1514131e-02   2.3597889e-03   6.8138243e-01   1.2620725e+04   7.7116950e+02   2.0000000e+00   1.0977580e-01
   3.7891293e-01   4.2082464e-01   5.4404153e-01   8.0657062e-01   8.4773425e-01   8.9788532e-01   9.3505970e-01   8.0768176e-01   4.4920633e-01   2.5727940e-01   1.8011603e-02   8.7368614e-01   6.9410651e-01   9.6544463e-01   8.9566711e-01   9.9645197e-01   9.4874398e-01   2.8922053e-03   3.5043867e-02   9.0031069e-02   7.2817520e-02   3.1527959e-02   4.3066935e-01   1.1879928e+04   7.7391388e+02   2.0000000e+00   1.0905176e-01
   8.0759463e-01   4.5247706e-01   3.1518801e-01   4.5945408e-01   5.4669044e-01   9.6486754e-01   9.6623451e-01   5.8196152e-01   5.2363915e-01   1.8158659e-01   9.0253212e-02   7.8518082e-01   5.9468676e-01   7.9619710e-01   9.4018806e-01   9.9983941e-01   9.5867033e-01   1.4107566e-03   7.8939285e-03   7.5774992e-02   6.0072798e-02   1.7490572e-02   3.2541380e-01   1.4210186e+04   7.6834237e+02   2.0000000e+00   9.0064324e-02
   4.3973713e-01   3.6058819e-01   6.9784428e-01   6.1325035e-01   8.7264558e-01   9.0283237e-01   9.9295281e-01   7.8881556e-01   4.3554498e-01   2.0664311e-01   5.7658935e-02   5.2712832e-01   5.8226692e-01   9.2810837e-01   9.4256287e-01   9.9370314e-01   9.5140501e-01   1.1253042e-02   2.8251202e-02   4.2313865e-02   8.9963579e-02   3.6548536e-02   5.6924575e-01   1.2960178e+04   7.7093768e+02   2.0000000e+00   8.7731441e-02
   6.3103261e-01   5.3295386e-01   5.3051487e-01   5.8401914e-01   8.2295372e-01   8.5698913e-01   9.6608652e-01   8.0333892e-01   4.7991405e-01   2.0846388e-01   1.1567740e-02   7.7195244e-01   4.4248845e-01   7.4639525e-01   9.7898730e-01   9.9672912e-01   9.5811180e-01   1.3345578e-02   1.3414490e-02   5.0312115e-02   6.3753423e-02   3.3546555e-02   6.2353316e-01   1.3111874e+04   7.6962324e+02   2.0000000e+00   8.2259827e-02
   4.4743001e-01   3.7341856e-01   6.6196068e-01   6.2563940e-01   6.6335243e-01   7.6109606e-01   9.4380539e-01   8.1425789e-01   5.6389556e-01   1.7861356e-01   4.1822173e-02   7.4773644e-01   4.1699586e-01   7.4366199e-01   9.8079624e-01   9.9363250e-01   9.6627411e-01   1.0581643e-02   3.4488442e-02   4.5902538e-02   7.7173237e-02   3.9406864e-02   6.5010159e-01   1.2964520e+04   7.7063992e+02   2.0000000e+00   7.4904352e-02
   4.3953730e-01   3.5983184e-01   7.0946195e-01   6.1307648e-01   1.0000000e+00   8.9868318e-01   9.9946039e-01   7.9275102e-01   3.6703116e-01   9.9546856e-02   1.1932634e-02   4.9774748e-01   6.5997523e-01   9.2992135e-01   9.0858282e-01   9.9852944e-01   9.5711777e-01   1.1455214e-02   2.0682223e-02   9.8021160e-02   8.0415558e-02   2.8234211e-02   3.6622599e-01   1.2964630e+04   7.6988662e+02   2.0000000e+00   7.4304332e-02
   5.6145479e-01   3.2595993e-01   4.2040338e-01   5.5899090e-01   6.8262854e-01   9.7139080e-01   9.9237886e-01   7.7133080e-01   5.0010621e-01   1.7910503e-01   0.0000000e+00   7.8743274e-01   7.8989156e-01   5.5192795e-01   9.4090261e-01   9.9819462e-01   9.6601172e-01   2.1992224e-02   1.6576533e-02   7.2729518e-02   6.3249970e-02   3.2141985e-02   5.2146632e-01   1.4210945e+04   7.6761370e+02   2.0000000e+00   7.2051094e-02
   9.3122198e-01   4.5242022e-01   3.1512860e-01   4.5651200e-01   5.4440323e-01   8.0697039e-01   9.9352330e-01   4.1659691e-01   5.9373272e-01   3.3597656e-01   1.0140033e-01   1.0000000e+00   4.7921770e-01   8.0355072e-01   9.6068372e-01   9.9357877e-01   9.5286295e-01   1.2187864e-04   4.8142806e-02   6.2882506e-02   5.3608677e-02   9.6173164e-03   2.7653052e-01   1.4210207e+04   7.6834164e+02   2.0000000e+00   7.1686321e-02
   4.3951997e-01   3.5981422e-01   7.5662379e-01   6.1305862e-01   9.5331417e-01   8.9868318e-01   9.9729774e-01   7.9296518e-01   4.0209563e-01   7.8080739e-02   2.2301266e-02   4.9100445e-01   5.8492739e-01   8.5568160e-01   9.0858282e-01   9.9745021e-01   9.5897654e-01   1.3724413e-02   2.0682223e-02   7.6743553e-02   7.9870790e-02   3.4111556e-02   4.3274397e-01   1.2964632e+04   7.6988288e+02   2.0000000e+00   6.3576922e-02
   8.0759463e-01   4.5247706e-01   3.1518801e-01   4.5945408e-01   5.4669044e-01   9.6486754e-01   9.6623451e-01   5.8196152e-01   5.2363915e-01   1.8470822e-01   9.0253212e-02   7.8518082e-01   5.9031361e-01   7.9619710e-01   9.4018806e-01   9.9983941e-01   9.5867033e-01   9.0085871e-04   7.8939285e-03   7.7122122e-02   6.0072798e-02   1.7490572e-02   3.2541380e-01   1.4210186e+04   7.6834237e+02   2.0000000e+00   2.4442865e-02
   4.3999308e-01   3.7528034e-01   6.0498973e-01   6.2756371e-01   7.2072940e-01   8.6670372e-01   9.8322817e-01   8.0869800e-01   4.1668456e-01   2.7125546e-01   4.4899380e-02   9.9025930e-01   4.8001443e-01   7.0638989e-01   9.7814426e-01   9.9211427e-01   9.4675584e-01   7.5759236e-03   1.6873299e-02   6.3416239e-02   4.0597008e-02   8.1741009e-03   6.6687331e-01   1.2963853e+04   7.7080644e+02   2.0000000e+00   2.3679234e-02
   4.3973713e-01   3.6058819e-01   6.9783585e-01   6.1325035e-01   8.7264558e-01   9.0283237e-01   9.9295281e-01   7.8881556e-01   4.3535142e-01   2.0664311e-01   5.7658935e-02   5.2712832e-01   5.8234578e-01   9.2810837e-01   9.4256287e-01   9.9370314e-01   9.5140501e-01   1.1253042e-02   2.8251202e-02   4.2313865e-02   8.9963579e-02   3.6548536e-02   5.6924575e-01   1.2960178e+04   7.7093768e+02   2.0000000e+00   2.2793784e-02
   4.3966620e-01   3.6049320e-01   7.8959581e-01   6.1322327e-01   9.7870982e-01   8.9851047e-01   9.9534172e-01   8.1368167e-01   2.5808461e-01   1.0136003e-01   3.2353276e-02   4.9943076e-01   6.3622260e-01   9.6460128e-01   9.1763128e-01   9.9654010e-01   9.5890371e-01   1.1211517e-02   2.6363328e-02   2.7623555e-02   9.7683627e-02   6.5323648e-02   4.5944057e-01   1.2960370e+04   7.7093020e+02   2.0000000e+00   1.3818549e-02
   4.3944121e-01   3.7528059e-01   6.0798946e-01   6.2756371e-01   6.6546586e-01   8.4139795e-01   9.9089807e-01   8.0869800e-01   4.2680242e-01   2.6366273e-01   4.5809120e-02   9.8043512e-01   4.7975156e-01   7.0559178e-01   1.0000000e+00   9.9108861e-01   9.5171606e-01   7.5849051e-03   1.4583355e-02   6.1152194e-02   3.5669937e-02   2.4044312e-03   7.5402161e-01   1.2963856e+04   7.7069796e+02   2.0000000e+00   1.0645074e-02
   5.6810408e-01   3.7820593e-01   4.9897105e-01   6.9295124e-01   8.0749619e-01   8.7770753e-01   9.8157228e-01   8.3960388e-01   6.6664681e-01   3.3761663e-01   8.8693517e-02   9.5878443e-01   8.5309171e-01   9.5369108e-01   9.2548685e-01   9.9681961e-01   9.2074552e-01   8.5421865e-03   1.1422464e-02   8.4608121e-02   4.9307905e-02   5.0751437e-02   5.7045595e-01   1.3846171e+04   7.6860418e+02   2.0000000e+00   5.4287921e-03
   4.4578306e-01   3.7361524e-01   5.9561834e-01   6.2588184e-01   6.6353786e-01   8.0634869e-01   9.6783485e-01   8.1129833e-01   4.4727510e-01   2.4161882e-01   3.8452505e-02   8.2265899e-01   4.1501243e-01   7.3546011e-01   9.6601746e-01   9.9321449e-01   9.6610276e-01   7.7580991e-03   2.7471237e-02   7.2904348e-02   6.3988309e-02   1.4393559e-02   6.8718580e-01   1.2964032e+04   7.7066864e+02   2.0000000e+00   2.9537359e-03
   4.4549034e-01   3.7361487e-01   5.7245844e-01   6.2589722e-01   6.6356203e-01   8.1635246e-01   9.6783485e-01   8.1778682e-01   4.4793642e-01   2.4161882e-01   3.6848727e-02   8.4046603e-01   4.0631508e-01   7.3697060e-01   9.6522840e-01   9.9303312e-01   9.6530635e-01   7.7281607e-03   2.7471237e-02   8.0526268e-02   6.2466066e-02   7.4597199e-03   6.8719342e-01   1.2963864e+04   7.7067905e+02   2.0000000e+00   2.9213755e-03
   5.9729846e-01   9.5201932e-01   8.1992622e-01   5.4764832e-01   9.7367937e-01   1.0000000e+00   9.9936639e-01   8.0203835e-01   3.2221217e-01   1.0405437e-02   1.1337221e-02   5.3975437e-01   5.2914057e-01   7.3066937e-01   8.8820656e-01   1.0000000e+00   9.4068340e-01   1.3964070e-02   0.0000000e+00   1.2444402e-01   2.0339352e-02   7.5217505e-02   3.2004265e-01   1.5552077e+04   7.6561595e+02   2.0000000e+00   2.2383876e-03
   5.6145479e-01   3.2595985e-01   4.1942789e-01   5.5899218e-01   6.7455099e-01   9.7421584e-01   9.9912416e-01   7.9789117e-01   5.6836014e-01   1.7886665e-01   0.0000000e+00   7.8551611e-01   8.0780910e-01   6.3466789e-01   9.4090261e-01   9.9819462e-01   9.5831359e-01   2.1500201e-02   1.6576533e-02   7.2550444e-02   6.4000155e-02   2.6548444e-02   5.2921261e-01   1.4210946e+04   7.6760920e+02   2.0000000e+00   2.0005107e-03
   4.4559046e-01   3.7356593e-01   6.7195976e-01   6.2583053e-01   6.6334596e-01   7.7308689e-01   9.4380539e-01   8.1425789e-01   5.5742132e-01   1.8942506e-01   4.3798432e-02   7.5845755e-01   4.3796870e-01   7.3303361e-01   9.7347860e-01   9.9363250e-01   9.6377031e-01   1.0129725e-02   3.4992864e-02   4.5700657e-02   6.8837848e-02   3.7956585e-02   6.6107209e-01   1.2964053e+04   7.7064944e+02   2.0000000e+00   1.9752106e-03
   4.3944121e-01   3.7528059e-01   6.0798946e-01   6.2756371e-01   6.6546586e-01   8.4139795e-01   9.9089807e-01   8.0869800e-01   4.2615723e-01   2.6366273e-01   4.5809120e-02   9.8043512e-01   4.8001443e-01   7.0563188e-01   1.0000000e+00   9.9108861e-01   9.5171606e-01   7.5759236e-03   1.4583355e-02   6.0564798e-02   3.5669937e-02   2.6592694e-03   7.5402161e-01   1.2963856e+04   7.7069796e+02   2.0000000e+00   1.8558975e-03
   5.6149798e-01   3.2594970e-01   4.1914397e-01   5.5904430e-01   6.5008699e-01   9.7276095e-01   1.0000000e+00   7.9976742e-01   5.5938321e-01   1.9725369e-01   0.0000000e+00   7.4525227e-01   7.6374350e-01   6.5740866e-01   9.5263627e-01   9.9768395e-01   9.5626363e-01   2.1818679e-02   1.6025764e-02   5.9175464e-02   6.3939946e-02   3.5855702e-02   5.3019995e-01   1.4211372e+04   7.6759442e+02   2.0000000e+00   1.7014601e-03
   4.5600112e-01   6.5842358e-01   9.1709629e-01   6.0820499e-01   9.8465513e-01   9.9997303e-01   8.6986208e-01   5.6648733e-01   3.9055961e-01   3.2282133e-02   5.2843749e-02   7.8695270e-01   5.9451393e-01   6.7707687e-01   8.4292946e-01   9.9933978e-01   9.4576250e-01   2.3317717e-02   2.8389605e-02   9.0924722e-03   1.1996766e-01   8.2457781e-02   3.5403347e-01   1.5556624e+04   7.6436296e+02   2.0000000e+00   1.1622404e-03
   4.4559046e-01   3.7341941e-01   6.7222449e-01   6.2568340e-01   6.6331664e-01   7.7167446e-01   9.4380539e-01   8.1367782e-01   5.5742132e-01   1.8088428e-01   4.5298279e-02   7.4773644e-01   4.4054123e-01   7.4184876e-01   9.8062372e-01   9.9363250e-01   9.6681631e-01   1.0282694e-02   3.3687444e-02   4.6632383e-02   6.8884014e-02   3.8179380e-02   6.6298555e-01   1.2964060e+04   7.7064858e+02   2.0000000e+00   1.0529636e-03
