196.5525	293.3275	289.995	250.7575	256.9	359.6925	468.475	509.005	566.0175	494.2775	310.3225	124.715	65.3	68.2825	77.5275	91.81	180.27	368.045	593.3275	772.6675	773.52	766.905	731.0575	573.54
531.09	582.685	534.97	454.515	309.63	232.7275	249.03	235.18	235.0975	189.605	88.33	44.9675	62.1575	178.5525	169.515	101.155	81.9975	128.8775	215.945	306.335	525.215	853.04	1447.1125	2499.985
3448.8175	3884.115	4084.445	4103.7025	3684.42	3186.8625	2462.085	1793.465	1415.8475	1011.07	454.8125	198.11	192.005	254.21	285.2525	288.48	374.995	650.3525	876.7125	647.315	588.18	696.2475	898.875	937.4125
977.985	1177.8125	957.4675	779.525	607.145	537.7025	512.43	626.3575	553.8675	412.8975	265.5525	257.12	154.8675	82.4475	101.985	295.2425	513.8925	507.9375	707.51	851.6775	907.0275	1318.7575	2270.9125	2397.5775
2533.3825	2759.9125	3432.6625	3901.3125	3487.7925	2727.9	2415.8175	2176.71	2304.3025	2023.455	1320.2775	549.7175	227.31	665.77	1582.7575	2447.9725	3357.1675	4032.5675	4699.8275	5106.4675	5615.9575	5868.2	5874.8075	5729.165
5684.625	5802.5625	5812.565	5964.54	5911.5825	5691.5075	5803.02	5738.81	5709.3175	5151.245	4138.0275	3911.7225	4222.2075	4193.255	4211.405	4084.2875	3300.52	1978.1425	2026.345	2097.9	2189.4775	2556.3975	3005.8775	3595.33
3945.0025	3970.25	3962.9825	4081.135	4131.035	4002.6675	3795.24	3291.4	2961.1075	2445.85	1617.8025	993.295	707.9425	720.6775	845.0125	1255.745	1449.1925	1610.8125	2356.7125	3052.2275	3138.2725	2726.6025	2734.5225	2671.855
2746.9475	2922.6825	2365.955	1909.5775	1657.3225	1502.465	1397.515	1234.855	1035.485	691.69	391.975	181.425	141.465	147.7575	115.21	71.84	123.5475	283.18	482.505	538.0875	488.325	501.9475	607.46	584.3125
647.5775	740.6975	721.1575	718.9475	541.3925	412.775	366.1625	348.73	396.9975	462.1225	497.7525	452.2475	455.395	593.67	605.405	578.885	553.215	777.765	1231.3725	1732.5525	2222.5525	2768.6225	3545.87	4204.085
4256.4425	4723.7875	5395.88	5349.2325	5424.645	5630.015	5564.1875	5513.7525	5539.3625	5120.745	4336.215	3703.465	3417.315	3314.835	3294.5	3409.29	3588.1025	4196.8675	4823.34	4921.9425	4903.83	4900.3625	4906.955	4569.87
4473.0375	4395.26	4224.125	4339.815	4316.235	4238.89	3910.385	3588.295	3558.915	3431.6425	2950.6575	2117.025	1669.615	1272.79	1453.3475	1728.085	1727.71	2166.12	2580.13	2907.5075	3231.79	3410.1375	3474.1725	3567.265
3294.4725	3386.5025	3217.5425	3004.695	2280.16	1801.8275	1481.57	1303.0175	1297.0875	1068.8975	882.64	883.8975	894.325	1067.5875	1227.7725	876.79	595.4275	687.0075	1237.395	1630.5775	2105.3125	2998.6325	3302.4425	3445.3
3583.1625	3763.66	4097.3525	4659.61	4789.9625	4717.0025	4729.0225	5759.02	6107.9025	6174.1225	6158.83	5845.59	5766.66	5958.32	6009.135	5857.6425	6222.7075	6375.875	6594.5525	6620.7775	6662.815	6621.4025	6423.5025	6412.4125
6466.06	6275.6025	6258.29	6236.925	6044.1275	5828.9475	5690.7	5529.3075	5285.335	4208.555	3528.58	2854.59	2610.4225	2810.68	3541.8125	3890.535	4091.755	4012.9675	4136.11	3799.375	3557.5375	3431.81	3287.0825	3325.7275
3320.0675	3773.2275	4049.6475	4347.11	4637.535	4705.315	4598.98	4399.445	4086.7225	3332.2	3049.5725	3136.155	2672.1325	2614.91	2939.865	3134.7075	3061.5275	2563.745	2324.52	2478.3225	2858.0875	2826.405	2521.01	2230.6475
2308.67	2709.3325	3037.01	3406.2275	3822.235	3805.7275	3552.7225	3137.1575	3350.51	3332.8175	2716.68	2389.2775	2413.4125	2526.505	2588.6875	2713.0175	3006.24	3325.8575	3984.66	4818.4175	5022.18	5062.2525	5058.5925	5236.7125
5524.755	5682.74	5568.915	5324.4925	5274.595	5321.0275	5399.3425	5258.4075	4973.9575	4333.795	3790.8975	4204.565	4122.1875	4242.8425	4608.47	4789.475	4676.15	4526.085	4252.8125	4452.0725	4889.59	4971.7675	4397.43	3772.9775
3527.9075	3407.7175	3570.2775	4370.6425	4728.5175	5024.95	5124.205	5235.9475	5225.165	4653.77	3689.855	3609.605	3780.4175	3633.515	3858.1	4364.3875	4394.6725	4488.2025	4752.9275	5064.6275	5299.4	5448.2275	5559.3125	5674.4625
5781.52	5838.5475	5867.665	6146.1975	6290.8075	6233.34	6212.5625	6097.26	5942.6275	5457.1625	5293.3	5066.3575	4989.1475	5008.7875	5091.6625	5280.95	5554.56	5174.84	4509.5	4082.14	3792.4625	2985.7725	2335.8925	1908.295
1389.72	1322.7825	1270.8075	1296.165	1318.9825	1705.1225	1789.7375	2105.765	2408.1275	2606.0925	2301.0275	2229.2	2502.47	3113.4525	3358.7775	3090.185	2972.165	2913.005	3974.9225	5094.265	5583.355	5698.47	5485.2525	5347.9675
5055.9375	4541.535	3682.7725	3109.725	2618.5125	2062.04	1593.6125	938.96	1006.0675	1067.8525	519.755	418.605	825.11	1422.4275	1892.0925	2339.56	2343.9675	2018.41	1802.4325	2063.1425	2162.8125	2377.9975	2978.33	3696.195
3983.125	3637.855	2723.15	2673.97	2943.145	3353.8025	3649.2425	3527.775	3321.3275	2997.835	2734.44	2632.2875	2089.4825	1805.2875	1607.67	1884.415	1740.1075	2056.735	3482.5275	4795.8525	4946.99	4368.3575	3505.1675	3355.3675
4012.47	4201.91	4992.5525	5656.795	5629.765	4795.785	4185.4775	4022.18	4216.4725	4707.175	5033.4275	5017.99	4983.6875	4951.9925	5049.72	5351.915	6201.905	6492.235	6402.6925	6332.6725	6424.495	6123.735	5810.6975	5737.27
5545.5575	4720.815	3591.66	2446.6025	1639.5275	1145.1475	1550.0975	2727.785	3235.915	2880.1975	2470.025	2124.335	1735.0525	1641.8575	1847.8125	2116.55	2867.0575	2953.8175	3845.1125	4970.1	5373.69	5618.76	5540.9325	5478.115
5550.5975	5669.8525	5654.28	5283.4025	4768.8675	4604.625	3966.2825	3593.89	3249.0275	2897.4875	2142.2675	2113.16	2587.53	2636.06	2749.3075	2898.1875	2879.6475	2721.66	2942.1475	3615.11	4179.16	4704.935	4916.74	4978.98
4916.015	4657.355	4276.8	4694.245	5141.7425	5413.7425	5202.5225	4518.4375	4053.58	3796.9125	3853.125	4055.985	4358.2575	4250.2575	4239.88	4777.03	5036.355	5182.0675	5280.745	5348.4775	5590.6675	5596.515	5429.825	5796.655
6015.0925	5831.25	5649.425	5355.3275	4601.4725	3896.285	3495.5025	3376.9675	3293.085	2041.1725	978.395	827.7175	985.9825	1160.975	1244.14	1569.36	1734.1925	1695.4825	1858.9975	2654.295	3672.28	4622.0675	5194.54	5337.7775
5385.85	5417.8025	5297.3875	5145.5175	4858.25	4559.7	4875.0525	4807.215	4845.18	3955.835	2699.29	1737.0125	1476.545	1657.7675	1999.3175	2613.015	2528.3825	2317.49	2664.0275	3478.2325	4090.685	4705.9725	5107.2475	5427.7875
5469.555	5498.9375	5466.9125	5372.9375	5411.085	5150.1575	5008.3025	4502.55	3611.6175	2638.625	1491.1825	922.3125	724.415	815.985	738.21	763.8875	748.4	739.5825	760.8325	953.925	1251.565	1512.2525	1555.2675	1542.0675
1493.935	1550.6175	1412.235	1530.9775	1919.475	1790.8025	1301.37	929.9075	598.83	419.5375	264.515	210.1825	266.68	386.9925	524.3625	539.9275	261.465	347.2525	617.5425	759.585	902.7675	791.1575	634.2175	659.845
593.775	601.275	556.285	623.42	778.66	652.62	831.3025	800.355	873.105	1112.5225	717.905	417.2075	433.5425	860.515	1279.1175	2260.0625	2916.5125	3711.4	4976.61	5721.06	6002.6	6229.6475	6153.0525	5862.2875
5514.8725	4730.1725	4872.6275	4247.2675	4111.785	4134.8175	4006.0875	3691.4025	3685.4575	2853.4875	2144.27	1692.7125	1235.115	975.945	948.995	854.2625	1054.115	999.5725	1157.26	1394.185	1149.4975	861.2575	641.805	555.345
578.805	516.6525	350.17	335.9175	311.9425	367.315	406.3675	621.69	921.675	1111.12	1201.79	1270.17	1631.2875	1585.035	807.9925	513.4125	424.6975	410.39	495.8725	735.17	2091.1325	2298.5925	2490.325	3027.625
3258.5425	3133.0075	3127.5025	3304.045	3695.935	3505.8	3477.9725	3190.08	2788.77	2096.9825	1216.5625	863.5675	744.0725	882.4925	920.845	650.655	594.3925	598.275	660.6475	760.985	956.49	954.71	868.285	665.16
459.2175	355.025	220.615	303.645	579.5075	957.8425	1491.5675	2099.8875	2945.665	3066.5425	2835.82	2900.9025	3100.91	3198.7025	3138.07	3004.66	2551.1075	2263.73	3225.525	4705.31	5337.32	5545.7625	5742.585	5861.4025
5849.96	5869.1875	5795.5675	5638.6525	5302.5475	4928.055	4492.86	3736.85	3204.42	2292.1575	1247.4325	1220.9775	1206.705	858.125	614.6125	488.81	508.4475	663.0975	1017.285	1729.7025	3162.61	4352.4675	4016.22	3745.9625
3217.255	2737.0625	2354.66	2147.1725	1725.4375	1537.3	1346.0275	871.3575	696.6425	449.5625	199.38	86.8325	35.7375	41.41	61.6875	116.93	155.3375	200.665	312.7725	377.0425	413.4675	353	287.3575	418.2525
463.25	540.615	500.615	389.8	315.69	345.855	409.8775	424.59	305.865	379.825	355.7925	240.8375	248.7525	214.745	152.5125	100.3575	114.6325	610.225	1495.8975	2234.28	2559.3075	2898.6925	3103.6375	3371.75
3722.57	3678.765	3563.1075	3730.045	3887.9225	3646.16	3665.4225	3644.32	3784.85	3471.935	2692.1625	2544.8475	3256.1075	3724.1775	3605.5575	3412.33	2818.485	2590.37	2931.29	3398.95	3240.6725	3260.74	3286.4025	3296.8375
3331.305	3257.2625	3105.2275	2546.97	1914.9175	1609.165	1500.8125	1444.405	1079.67	730.9425	574.3525	405.51	408.475	406.0825	358.95	188.615	120.8975	103.56	253.5625	725.3275	1485.0575	2439.795	2890.3175	3585.6775
4397.1725	4617.325	4632.7775	4858.5275	4773.93	4562.575	4441.915	4157.9775	3781.02	3484.145	3136.11	3134.1975	3296.4175	3438.735	3806.045	3904.7375	3798.93	4055.42	4838.0875	5408.245	5382.0475	4869.475	4101.87	3772.78
3561.035	3413.9175	3635.935	4109.3925	3606.9825	3251.55	2632.285	1819.075	1441.7075	1223.4925	928.725	576.13	471.2575	424.0525	416.2325	413.645	416.2125	491.9625	671.04	779.4325	745.75	726.75	746.8575	822.8875
913.115	915.1275	923.575	798.5725	735.71	725.985	723.2125	861.5	766.3	705.32	704.8375	686.4775	737.33	827.8025	1062.7775	1260.4475	1420.125	1502.9025	1603.6525	1596.73	1505.96	1451.3525	1470.0125	1532.795
1571.8575	1604.5475	1489.395	1474.815	1648.945	1691.4225	1671.94	1693.7425	1520.75	1127.97	803.175	630.63	631.54	622.7325	661.595	727.335	799.325	847.4025	941.5675	953.305	765.85	723.9775	685.105	685.11
686.155	620.0725	623.4675	589.815	438.4825	446.0325	385.1725	209.3225	135.825	114.465	95.5775	163.565	190.9525	152.585	64.4175	47.81	48.775	54.4475	182.705	390.9325	497.0825	499.5725	535.685	754.7575
943.015	986.255	1274.7625	1268.2975	1229.015	1001.4	751.9475	463.99	607.4875	544.12	294.5675	396.26	491.05	627.9325	613.765	563.165	615.9225	585.4125	494.4525	645.425	587.5925	713.75	942.7925	1270.82
1145.99	1050.5775	842.5125	664.425	679.34	593.7425	603.7275	744.66	740.03	630.0875	611.925	897.3975	829.205	684.57	492.415	550.2425	869.0275	992.0025	1703.88	2480.2375	3094.6925	3160.3475	3174.55	3299.7225
3282.335	2289.065	2569.79	2743.6625	2378.475	2883.16	2843.6375	2554.08	2025.995	977.9575	515.35	526.3775	469.6975	250.24	87.345	54.4075	61.54	82.485	94.9825	126.395	433.4675	446.52	783.865	1077.595
1701.71	2834.0975	4138.0975	4933.6725	5332.345	5565.65	6138.8175	6503.525	6426.4425	6440.495	6274.29	5958.2675	5855.2625	5879.8125	6143.7525	6284.15	6463.735	6510.2175	5803.17	4184.3525	3201.675	2771.84	2429.2375	2403.5725
2287.8825	2043.475	1832.0375	1980.925	2150.265	2043.0575	1761.225	1555.64	1259.1	670.7825	440.3425	348.695	354.8275	433.19	562.785	573.7575	569.55	578.4875	645.6625	677.14	605.9725	574.0875	536.6875	460.095
529.47	591.23	666.07	781.53	889.2925	1274.725	1716.9675	2207.4475	2785.3425	2678.085	2281.17	2083.9025	1691.7875	1358.54	1112.8875	1190.575	1458.8625	1716.51	1916.19	2464.41	2986.585	3639.32	4000.79	4016.3175
4612.91	4880.42	5256.4275	5658.505	5894.3975	5938.49	6253.6725	6299.345	6082.9225	5993.92	5737.9925	5671.115	5448.3925	4910.8325	4363.7675	3462.64	2726.8625	2593.9925	2933.605	3163.3425	3175.8725	3346.95	3124.835	2792.4675
1819.2475	1479.6175	1211.135	972.8175	589.325	438.1875	318.8	196.125	100.7025	43.6375	10.1075	9.63	9.4225	13.0475	12.2725	18.155	72.54	198.3675	449.7025	751.6475	979.4775	1051.4425	1179.605	1218.51
1209.0675	1060.0175	782.335	431.41	227.77	228.19	364.3375	550.335	711.1975	647.59	405.25	255.0275	107.2175	52.4975	120.8925	259.0175	352.7125	342.3475	360.51	518.9775	900.3475	1281.07	1594.1275	1381.445
1050.0175	1065.3175	1378.56	1797.51	2399.615	2943.4425	3334.8775	3396.36	2721.57	1612.935	1082.975	1169.1875	1084.905	1210.5175	1305.68	1274.3525	1149.0225	912.0625	772.7875	1050.78	976.86	780.18	816.7675	850.6975
842.1075	919.675	1121.37	1696.74	2394.43	2711.75	3084.45	3608.4525	4110.58	3754.81	3429.7625	3580.1725	3534.015	3397.7325	3341.5775	3517.385	3649.98	3696.6325	4237.8575	5361.3425	6039.555	6268.22	6561.9275	6722.75
6668.16	6696.39	6634.1525	6558.88	6465.07	6322.2475	6149.7975	6307.4525	6220.16	5661.555	5174.4	4901.6175	4696.8325	4577.35	4615.4475	4772.7925	4942.845	4929.8025	5306.0275	6057.35	6422.5275	6570.75	6582.8775	6648.775
6704.595	6761.76	6637.86	6507.7175	6157.1175	5415.635	4887.35	4521.9175	4152.2575	3442.6775	2224.485	1118.28	659.1575	472.2975	416.1725	475.9125	671.245	855.41	1095.72	1796.115	2001.05	2964.6575	4145.275	4755.5925
4801.235	5330.4125	5713.61	5787.7625	5769.355	5481.8575	4885.855	4543.455	3782.71	2633.4825	1983.4325	1722.455	2237.6225	2540.64	2716.14	2894.4175	3110.6825	3576.9925	3732.88	4033.4	4226.3375	4107.1575	4177.93	3905.0075
3472.3875	3267.6	3059.65	3221.8	3334.6475	3395.59	3207.0225	3070.2925	2263.7825	1212.68	695.305	354.98	227.26	270.0575	284.1675	289.305	274.64	227.5275	320.0575	460.1025	447.4775	368.72	362.9275	547.445
794.0775	1291.4175	1937.66	2042.4825	2343.7125	2432.23	2557.235	2546.555	2494.59	1983.965	1369.495	1212.065	930.4325	703.84	938.8425	1441.2025	1596.9975	1864.795	1870.55	2099.675	2263.12	2437.41	2663.6325	2838.515
2716.0825	2889.455	3421.4325	4298.28	4819.5525	4308.295	3345.985	3155.545	2952.02	2029.33	1725.5575	2351.69	2502.6825	2444.3125	2520.82	2662.84	2435.955	1743.9425	1066.04	821.175	693.8575	681.5775	596.165	456.72
397.8525	402.3275	432.095	503.7725	548.915	601.145	664.62	632.785	430.155	237.6475	180.5175	174.1875	181.2325	290.95	419.205	508.56	544.92	437.355	314.77	396.9425	566.99	716.0725	939.82	1399.6025
2065.1875	2491.97	2850.2575	2824.705	2410.0675	2208.2025	2022.7325	1672.825	1241.535	664.98	255.1775	217.1375	261.23	319.7975	427.2225	635.865	837.6625	980.3325	1108.33	1399.955	1459.2625	1718.4425	1955.575	1940.2325
1634.1475	1270.7825	1402.975	1675.015	1820.1925	2174.915	2331.49	2755.6675	2507.5075	1320.475	719.5325	720.855	653.875	639.575	631.1925	683.4775	708.7025	513.2675	247.79	199.2425	257.705	354.5025	477.2575	770.49
1154.925	1604.5425	2070.98	2434.8975	2750.235	2834.545	2627.2925	2295.355	1963.355	1582.535	1703.28	2355.2	2763.475	3189.1575	3744.48	4590.59	5253.6625	5239.2825	5078.9575	5075.1675	5625.0625	5523.8775	4759.38	4340.5225
4002.195	3158.57	2445.835	1689.73	1271.2575	1110.7525	1197.55	1403.2575	1820.51	1985.9125	2194.01	2855.18	3217.175	3737.33	4233.205	4778.11	5471.6225	5695.64	5219.49	4216.5725	3621.7775	3116.61	3665.995	4528.0075
5132.0475	5363.465	5089.255	5112.345	5274.72	5381.445	5295.0625	5210.3975	4268.3825	2690.8275	2020.425	2212.0825	2412.3725	2351.805	2370.7225	2810.71	2645.3275	2264.3075	1895.335	2661.2075	3348.465	3771.525	3770.8125	3578.7375
3485.6525	3816.5125	3994.855	3562.345	3689.4675	2944.4275	2386.4825	2879.235	3373.65	3157.0275	2396.96	1949.4275	1286.205	1545.3225	1905.7975	2247.5475	2336.12	2523.2925	3188.2225	4010.815	4297.335	4432.3625	3841.51	3677.7
4936.83	5436.9025	5966.8	6033.05	6079.7825	5897.8975	5854.3975	5432.775	5100.165	4440.5025	4303.8	4716.0775	5249.89	5701.565	6015.8125	6171.76	6194.8925	6143.995	6301.9775	6469.71	6604.3025	6832.185	7042.42	6858.365
6090.18	4576.995	3369.0875	2503.5125	2091.13	1756.67	1676.6275	1676.465	1269.8775	837.4475	468.7325	423.415	471.135	572.24	907.5625	1142.8325	1349.9075	1484.86	1399.3825	2315.1925	4175.8475	5502.245	5969.435	6165.9475
6308.1925	6344.9075	6339.6325	6378.245	6377.2125	6350.275	6328.0125	6278.1925	5650.975	4667.935	3409.8325	2430.1025	1876.4975	1655.945	2117.0675	2869.84	3337.9025	3445.5475	3010.315	3022.175	3549.6425	3880.735	4080.435	3943.0325
3538.8325	3587.1825	3888.9175	4377.0525	4756.6775	5643.8625	5959.2875	6098.1575	6036.47	5710.4925	5257.49	4967.9425	4411.1975	4355.465	4815.335	5289.5425	5572.55	5997.265	6284.8125	6126.8925	5425.4125	5296.715	5204.5675	5246.5825
5170.405	5182.3475	4192.57	2758.2275	2004.5	1576.3125	1376.8525	1196.99	896.24	589.7125	507.85	375.67	328.965	358.9225	369.48	367.36	374.585	439.14	692.735	1515.3875	2495.9175	3673.8325	4239.41	4311.09
4557.14	4614.77	4215.4425	4052.5725	4381.425	4451.325	4473.1225	4436.73	4434.5275	3678.86	3265.9475	3135.6025	2917.315	2839.7825	3293.0875	3769.8575	4446.92	5117.5025	5582.29	5783.62	5664.825	5589.1	5424.3675	5257.96
5016.1825	4595.415	3796.45	3078.4	2270.2375	1844.1	1477.5825	1227.715	674.14	251.4725	134.185	62.5575	57.34	48.8925	88.145	205.75	300.4875	392.3425	775.8025	1286.3575	1879.6825	2058.9675	1511.1325	1093.1325
938.5675	997.945	946.175	1082.57	1031.405	834.1875	718.76	739.0575	620.53	436.525	325.9675	348.5175	622.0425	759.6925	863.635	807.8675	898.45	1211.7275	1845.5	2222.1075	2537.865	2959.2525	3171.6475	3773.615
4343.1375	4271.3775	4261.1325	4168.7725	3753.89	3398.245	3256.745	3264.6075	2521.5975	1890.68	1544.8725	1568.285	1486.1125	1521.555	1585.055	1562.7025	1641.8625	1667.245	2178.7	3259.7525	4325.655	4979.065	5620.8175	5768.255
5823.2	5711.6475	5236.0125	4411.8075	3328.7175	2176.8875	1900.5925	1384.595	1172.1525	1016.4225	489.755	338.83	390.29	553.7175	608.8875	811.7025	1208.645	1763.0325	2026.33	3186.015	3846.55	4414.9525	4859.41	5046.8225
4797.3725	4496.3325	3412.4125	2431.2125	2061.995	2117.2825	2115.7575	2323.8125	1954.93	1756.635	1780.89	2120.2925	3446.4225	4386.54	4983.8275	4542.505	3739.305	2470.2125	1789.6225	2065.875	2310.1175	2553.9825	2873.7625	3172.045
3365.0025	3480.55	3980.27	3954.37	3406.7425	2809.6525	2351.3025	2171.975	1569.18	970.19	681.7275	518.4375	481.22	500.8175	484.4625	533.1075	601.42	722.8175	759.5525	819.2	967.2125	1200.93	1233.425	1091.4775
1082.7425	1240.325	1401.9575	1699.5175	1914.6575	1771.0325	1247.5675	994.0725	735.25	692.7375	918.0875	1252.225	1842.415	2211.055	2099.9175	2127.0675	2296.32	2799.55	3427.2775	4058.045	4455.935	4854.4375	5095.2175	5228.665
5167.3775	4717.59	4349.7275	4075.095	3083.1775	2536.745	2638.775	2777.3	3046.655	3556.085	3577.08	3589.3875	3288.7	2742.4375	1812.2025	1421.55	1188.135	1480.7175	1701.1	2529.2675	3248.125	3081.33	3225.8875	2860.2375
2844.145	2484.2875	2082.33	1788.4775	1687.365	1699.06	1565.735	1438.65	994.805	603.835	628.64	631.535	552.4475	505.8775	452.6925	418.325	415.5625	499.6625	778.5475	1321.8575	1604.3775	1839.2425	1961.8725	2102.1875
2148.355	1935.4875	1559.6075	1114.825	777.6225	643.4725	637.345	655.2775	522.7275	339.565	312.56	417.7275	968.13	1809.0525	2108.6175	2320.385	2495.4175	2728.1975	2595.645	2183.6825	2029.4175	1870.215	1477.5175	1007.915
644.435	465.26	357.065	269.785	291.6925	469.6725	637.13	615.7675	314.2875	119.885	102.05	140.2	192.215	243.1	284.0525	307.1175	314.35	319.885	498.15	1023.635	1652.0525	2155.895	2445.6775	2724.54
3249.895	3837.2475	4251.345	3988.6475	3644.1325	3668.44	3708.6325	3494.285	2779.7975	1424.3925	740.025	458.1225	438.4925	634.84	762.21	842.8275	882.3875	868.4525	745.5775	820.6725	1018.8825	1099.76	1518.21	1507.26
1298.8775	1143.36	1124.965	899.58	614.4375	393.89	327.2775	280.2775	217.9675	149.645	133.52	205.74	299.87	316.7075	346.36	401.0475	361.2175	354.0625	399.1325	812.6975	1678.38	2434.2175	3390.8025	4253.055
4806.9475	4880.0125	4626.21	4325.4625	4405.84	4530.68	4583.165	4446.1125	3562.6675	2464.605	2311.1575	2629.5875	3064.2625	3186.99	3061.1975	2866.1825	2791.6425	2999.435	3104.985	3410.01	4207.0975	5073.37	5406.73	5335.1375
5477.1525	5145	4735.845	4481.785	4486.2025	4588.8125	4980.695	5090.4975	4289.655	4023.765	3746.82	2934.0475	2343.4225	2631.7325	2820.805	2926.765	3552.7875	3307.2325	2156.5075	2113.8425	3234.12	4674.565	5814.5725	6359.725
6487.8275	6415.7725	6384.1475	6345.7225	6224.195	6156.0825	6195.6375	6073.145	5417.9075	4929.48	4665.74	4650.215	4960.48	5182.0125	5278.765	5517.735	5893.5925	6283.605	6728.3775	7032.2125	7104.7425	7011.5625	6960.9975	7026.37
7004.1	6901.46	6745.8125	6644.385	6548.15	6401.2825	5963.3275	6273.5125	6279.285	6114.01	5918.87	5780.6175	5944.0025	5929.8625	5796.33	5868.2275	5663.0125	5644.435	5479.5025	5102.53	4755.6075	4191.0675	3859.2175	3744.8075
3615.235	3481.05	3283.14	3266.48	3434.6025	3142.7825	2679.0875	2155.1575	1803.675	1732.0475	1708.5725	1861.0725	2005.115	2119.96	2323.525	2397.1925	2377.1275	2250.87	2122.6275	1932.1	1642.28	1409.3925	1121.72	948.1775
884.425	753.01	715.815	752.4975	784.17	800.8525	730.3975	720.43	551.82	418.8225	395.5825	440.2575	353.7975	187.0975	214.3625	339.76	515.6625	720.7125	1006.815	1078.3175	943.12	953.37	1393.265	2008.9875
2440.5725	2780.67	2919.39	2715.3175	2286.005	2628.265	3252.825	3505.32	3356.4725	3167.6275	3360.0025	3694.995	4019.2625	4256.115	4721.22	5072.9775	5486.165	5797.6775	5936.36	5667.5825	5125.635	4752.7375	4851.0625	5279.215
5138.9925	4749.2575	4699.83	4915.025	5164.27	5044.93	4492.275	3734.895	3101.9025	3037.9425	2673.76	1951.1975	1614.27	1466.485	1445.03	1394.085	1140.0175	1014.03	780.8175	624.405	572.5325	572.0625	597.9375	677.505
582.25	492.2725	576.7375	677.9575	1069.88	1438.2875	1599.655	1242.8125	947.97	1293.7475	2548.515	2915.4875	2907.27	2711.5275	2456.3975	1960.89	1367.1725	860.9025	497.5125	490.49	557.87	392.97	403.555	458.26
592.6225	883.24	1984.305	3507.9475	4487.925	5171.1175	5644.7075	5662.135	5006.14	4574.2975	4459.545	4348.0575	4064.315	3753.1675	3547.7625	3457.4125	3422.435	3330.785	3328.5325	3943.7525	4893.845	5159.8525	5063.6775	4836.625
4214.0825	3905.8775	3958.5175	3986.08	4385.3875	4559.14	4992.5875	4933.795	4067.2025	2530.0825	2133.7225	3143.63	3559.375	3545.9625	3752.8675	4417.6725	4555.625	3531.7975	1904.19	1382.8825	1456.1275	1409.93	1421.76	1778.045
2733.0725	3395.495	3873.465	4493.2325	4232.335	3070.2925	2641.365	3411.1125	3378.9	3086.2625	3716.3125	4054.205	4341.1325	5023.24	5377.66	5700.705	5874.205	6124.9075	6443.09	6118.6725	5490.3525	5232.3725	4665.055	4099.9625
3819.51	3672.7925	2993.7575	2641.005	2447.875	1894.005	1817.7425	1333.0125	822.21	454.68	261.85	250.9425	363.27	375.4875	372.235	413.2	515.4825	677.105	884.1175	1259.79	1741.8575	2112.0525	2934.8	4445.8875
4773.9075	5020.0275	4978.7275	5061.7975	5273.6225	5679.6875	5877.5475	5751.555	5130.6975	4701.315	4155.21	3590.6125	3105.5475	2253.98	1636.9925	1415.3625	1422.975	1786.1275	2149.2575	2658.105	3208.345	3530.225	3475.0075	3011.5525
2927.13	3061.815	2897.075	2166.75	2312.245	2089.4675	2739.2675	3114.4625	3073.9325	3379.865	3842.7	4259.645	4069.68	4018.755	4258.48	4417.6575	4649.5625	4960.8325	5084.3825	4439.8725	3826.3175	3835.965	3801.3525	3895.5325
4150.725	4412.51	5044.5975	4945.9	4261.4525	3746.7875	2697.71	1837.5875	1379.9325	1191.2025	1514.7875	2152.47	2265.63	2745.0975	3344.985	3997.9	4342.8075	4608.995	4594.98	2690.3425	1645.8175	1718.075	1729.67	2312.6175
3488.96	4522.88	5070.7625	5255.225	5314.43	5628.6625	5798.0725	5579.62	4979.9325	4888.0775	5100.5575	5138.2125	5413.8025	5569.4975	5985.59	6165.5625	6138.0775	5904.55	5291.69	3226.3575	1942.2375	1017.7725	665.7275	693.185
1075	2081.69	3138.5875	3566.2825	3928.2225	3968.2975	3925.3725	3609.395	3092.22	1889.145	1486.9875	1293.8325	1350.095	1494.3525	1658.68	2161.905	2352.205	2207.5025	1974.6175	2272.87	3110.155	4004.0075	4674.43	5111.7325
5377.27	4994.9975	4457.47	3883.12	3774.3575	3152.2875	2417.62	1899.6125	1187.91	891.0075	1352.73	1974.04	2950.0175	3405.505	3952.295	4427.2725	4586.38	5073.165	5269.54	5009.585	4347.6875	3933.325	4055.2875	4236.2625
4151.9025	3647.455	3155.5225	2866.205	2421.41	2204.9475	2220.14	2019.215	1245.9225	1051.7625	1046.7825	700.18	894.665	1223.5275	1393.91	1402.9475	1485.0125	1588.755	2362.11	4494.11	5507.36	5976.2325	6162.0475	6334.1725
6358.8275	6382.4225	6449.8875	6439.4225	6428.8375	6532.8925	6450.1275	6129.205	5505.5775	5238.91	4999.065	4891.515	4819.0325	4782.835	4908.6725	4935.1375	5062.5725	5340.0475	5462.0175	5865.255	5980.9125	5945.7325	5878.6075	5895.53
5999.945	6099.37	6180.2475	6274.725	6199.015	5925.5425	5552.8975	5741.6925	5487.6025	5084.335	4424.73	4384.2725	4400.0675	4335.455	4556.9275	4796.9475	4838.975	5140.6375	5540.6375	5834.8175	5964.515	6135.9225	6229.88	6144.07
5590.9425	4535.15	3174.88	2434.8825	2163.53	1777.8475	1441.9075	1163.3625	998.8025	893.5125	812.765	747.635	698.66	690.825	704.85	754.4025	743.085	796.7725	847.14	825.0375	805.0075	748.67	691.385	617.0975
551.6275	524.565	480.2725	484.4	435.4425	408.7075	362.625	278.9125	258.8875	231.6125	233.2125	458.29	563.35	504.97	609.165	749.675	883.1125	862.49	797.345	792.2625	654.925	546.5075	416.735	278.41
193.95	188.97	199.315	247.39	458.65	991.535	1014.5	931.595	1078.37	1103.87	1074.97	1066.0375	1083.62	1070.1675	813.7225	633.16	630.2925	758.5925	952.3675	1198.7575	1527.65	1747.93	1761.735	1753.8925
1724.195	1686.52	1605.495	1258.6975	1035.7775	1130.655	1224.195	1039.9825	1098.405	1038.465	998.645	961.4075	976.9425	979.965	957.615	894.7125	701.0275	533.295	504.835	617.6775	828.3625	1099.0675	1635.425	1954.41
2144.6625	2481.53	3029.46	3602.4025	3997.145	4110.25	3778.56	3200.3875	2689.37	2416.3275	2128.555	2298.3975	2874.17	2883.805	2896.595	2435.285	1688.115	846.4825	356.5425	217.85	652.635	2040.595	3501.72	4653.0375
5189.795	5572.69	5837.06	6065.7325	6196.7125	6335.815	6310.59	5931.805	5199.335	4686.84	4336.445	3836.655	3418.7925	3605.205	3946.2825	4349.1875	4457.4325	4543.27	5235.9425	5181.05	5067.7525	4198.5625	3224.2425	2770.355
2326.785	1848.8775	1619.5725	1448.535	1461.215	1855.95	2958.8475	3697.9875	4359.8725	4261.03	3863.9525	3602.3075	3847.385	4242.07	4217.1625	4424.355	4659.9175	4748.7625	3308.53	2308.3025	2188.2475	2304.6025	2512.4425	2826.7375
3104.7925	3122.73	3998.005	4755.26	5203.755	5327.55	5509.775	5667.1575	5674.065	5876.02	5869.095	5575.4	5727.6475	5491.03	6040.7775	6147.76	6233.74	6194.9	6266.64	5975.535	5115.835	4660.6225	4208.49	3617.89
3010.505	2571.2725	2534.5475	2870.8825	3292.835	3394.225	3213.3	2595.245	1634.4675	1204.8875	1415.425	1768.2525	1883.2	2147.8725	2492.9725	2892.42	3436.6125	4150.85	4321.225	2885.1475	1983.5075	1524.055	1262.97	1239.3825
1393.13	1986.85	2416.4875	2476.5775	2383.755	2092.025	1602.66	984.8875	387.0425	159.2	241.955	307.5175	263.93	260.115	286.96	358.0225	611.285	967.0525	1684.925	2997.155	4473.2275	5683.5325	6096.7475	6339.3925
6484.6925	6479.86	6404.42	6252.395	6236.2325	6228.82	6318.775	6068.37	5345.2025	5195.6075	4832.4775	4907.4725	4828.325	4769.36	5145.6775	5449.76	5262.2525	4834.2725	3621.2	2450.72	2043.82	2729.2575	4291.775	4942.4975
4987.9775	4895.485	4709.3275	4388.32	3991.93	3536.4525	3126.7325	2908.455	2515.1775	2162.2725	2085.2275	2165.5375	2291.3475	2376.0575	2594.645	3017.515	3956.265	4512.275	4951.615	5187.3	5530.5275	5961.475	6196.8625	6117.8175
6127.3125	6104.795	5908.0375	5722.0425	5585.1625	5426.92	5151.6125	4086.7225	3600.82	3548.5	3498.6875	3692.93	3701.785	3748.065	3602.6725	3620.15	4159.9625	4375.9	4505.5525	4493.1175	4480.5275	4373.7075	4244.57	4187.4675
3602.7325	2593.55	1572.9375	1123.4675	929.115	811.7525	1019.325	939.27	1030.76	1635.305	1886.685	1909.7575	2199.5275	2691.4575	3263.975	3583.0875	4086.4	4781.865	5139.5975	5517.3	5958.9225	5991.04	5859.3225	5313.2775
5265.21	5496.9975	5547.5875	5455.6325	5220.26	4518.2125	4506.8375	4474.495	3348.8925	3139.85	3202.6575	2973.9325	2933.96	2876.435	3084.1375	3350.345	3111.35	2630.2875	2506.2875	2346.865	2457.5775	2904.1075	3074.955	3302.0275
3042.65	3115.9825	3146.065	3308.1625	3674.4425	4320.4625	4758.6175	4581.32	4219.27	4075.2125	4216.14	4306.6375	4197.105	4219.4075	4176.865	3994.3975	4048.455	4074.785	4186.945	4469.3725	4586.16	4219.9675	3509.845	2755.665
2537.8325	2954.4675	2854.945	3024.165	2666.8225	2461.2775	2263.5525	1930.065	1478.105	1490.935	1678.61	1716.8825	1483.4475	1470.085	1418.7525	1482.7025	1614.82	1496.905	1474.5575	1921.1775	2519.5475	2884.925	3339.1325	3398.315
3323.1025	3197.63	3221.3875	3233.225	3243.7075	3171.53	3355.1525	3112.2675	2658.0425	2892.005	3264.7275	3531.58	3436.605	3014.5375	2812.83	2535.7025	2027.0225	1828.6275	1673.19	1703.1625	2130.855	2627.5325	3040.3525	2891.7975
2832.62	2363	2102.3775	1731.2325	1565.265	1592.4225	1428.6525	1059.7075	770.555	557.4275	486.6775	540.765	736.82	681.29	883.4525	1272.53	1271.61	1046.55	905.845	910.375	884.0875	846.245	805.905	654.4675
463.615	284.7325	222.4975	273.1075	372.62	330.9475	351.185	269.9	152.975	195.21	290.8125	267.16	400.655	601.925	694.7525	960.195	970.08	868.19	704.7825	589.235	528.6925	503.89	467.4525	410.475
481.5325	648.515	936.5125	1261.9	1426.265	1583.0425	1939.5175	2380.745	2021.77	1988.395	2583.0375	3001.32	3273.1475	2914.28	3181.9	2927.3525	3154.395	3680.0825	2906.025	2111.215	2111.7075	2054.0125	2118.2725	1917.82
1606.5825	1498.0875	1865.325	2605.2275	3511.19	4209.0475	3874.3275	3411.5725	3092.4375	2928.4825	3121.51	3418.6325	3557.2375	3716.085	4035.7575	3980.54	3724.9425	4115.905	4039.385	3059.8175	3095.71	3117.2225	2679.99	2097.6025
1612.3275	1235.4525	1007.29	1318.1175	2408.175	3166.0175	3683.9925	3616.985	2787.73	1890.8825	1574.505	1992.15	2256.9175	2404.5375	2623.48	2517.015	2555.2875	2800.6025	2770.065	2394.2425	2314.4275	2911.2975	3720.3425	4391.0925
4613.335	4542.4975	4194.4475	3811.2025	3482.0075	3370.595	3315.6525	3165.88	2563.26	1892.9375	2445.04	2715.35	3453.135	3910.065	3958.415	3802.8025	3304.8275	2827.1	1891.81	1123.625	980.5325	843.475	762.23	848.04
1290.115	2198.225	2780.2975	3085.3975	3294.4225	3501.835	3458.4775	3563.6675	3055.75	2562.525	2891.605	3214.01	3509.1225	3880.5325	4105.61	4368.59	4328.21	4780.515	5011.995	4887.7125	4931.3875	5058.615	5399.0225	5383.9875
5127.135	5109.6025	5136.7575	4538.8325	3731.89	3449.8825	3015.2275	2265.405	1095.17	451.38	409.4625	578.3575	507.71	669.5125	1365.1025	2199.2225	2144.3625	2820.31	3890.8675	4726.4825	4810.42	4489.465	3685.7	2714.0725
2069.4925	2013.775	2716.5125	3728.7875	4205.0375	5078.7525	5167.3075	4501.435	3460.3825	2357.595	2156.64	2204.1625	2353.1575	2326.7025	2237.955	2125.895	2168.37	1960.83	1541.38	1226.5175	1429.84	1944.5225	2325.1525	2509.25
2605.3775	2503.395	2496.81	2478.645	2645.655	3025.9175	2965.88	2316.995	1422.7675	1160.005	1612.3125	1802.33	1650.1975	2151.335	2785.0625	3518.3525	4308.895	5023.3	5170.3175	5072.915	5484.36	5494.655	5500.7225	5759.0275
5881.41	5721.5425	5365.115	5198.675	4787.1025	4348.665	4220.31	3527.385	2300.1	1613.8625	1356.63	1093.5825	1485.59	2031.985	1975.5775	1828.1175	2448.865	4421.1325	4605.155	4417.9525	5263.625	5483.525	5270.34	5399.3275
5113.3175	5089.43	5202.36	4582.98	4578.305	4240.5575	4305.6	4244.0075	4055.675	3867.74	4241.6225	4092.345	3865.2325	3722.6075	3827.48	4039.385	4431.04	4947.5575	5476.015	5914.065	6166.155	6352.8775	6455.4325	6493.3775
6669.5975	6658.7525	6591.6	6436.4975	6455.2675	6475.2575	6421.0325	6091.2425	5976.45	5800.4475	5672.6375	5028.845	4681.0475	4514.1325	3281.655	2582.52	1664.5925	1391.16	1339.87	1325.3275	1857.8425	2437.92	2665.895	2617.88
2700.7	2951.375	3220.13	3386.4925	3708.68	3327.0325	2393.995	1193.9225	515.005	357.7225	262.22	291.0875	358.4025	322.0425	239.5475	186.2225	161.93	186.97	311.4125	633.26	1249.45	1702.21	2065.27	2654.4
3092.845	2822.285	2592.645	2835.04	3090.97	3178.6775	3099.2675	2755.55	2341.1275	2955.51	3449.28	3889.2575	4195.885	4285.925	4258.29	4207.615	4216.6725	4402.94	4629.4925	4742.46	5045.4875	5268.305	5510.3875	5699.6175
5652.53	5619.86	5638.7425	5474.045	5515.8225	5595.9725	5526.2625	4671.2725	2758.5125	1698.7775	1284.6925	1512.72	1683.7925	1300.095	1307.0275	1276.77	1312.9475	1506.55	1748.9375	1767.375	2492.675	3191.4325	2859.755	2916.2525
2654.7825	2984.56	3307.5575	3412.895	3539.3975	3713.45	3697.1125	3357.3825	2744.48	2826.97	3160.67	3746.44	3651.1925	3490.6875	2770.035	1987.6675	1637.7575	1371.3775	1113.34	958.78	886.455	826.8675	762.9375	669.73
727.045	954.4375	1389.6175	1216.27	1210.025	1279.1775	1314.295	1496.995	1439.9	1286.5775	1210.395	1902.4325	2801.4025	2752.19	3214.3275	4028.81	4688.185	4858.895	4639.2525	4759.365	4753.995	4848.1025	4490.36	3726.0775
2810.635	2460.215	1951.115	1060.625	971	893.9925	639.66	434.4075	255.665	247.345	223.25	146.03	182.95	185.4925	230.9975	316.8825	350.78	389.625	434.915	407.6325	409.42	425.04	299.0075	254.4575
250.9075	159.955	143.525	83.53	122.875	106.5725	68.515	56.5225	39.535	25.0725	55.875	110.31	172.7625	263.1125	363.8275	550.545	584.735	627.115	500.975	439.1225	486.7925	778.36	1427.685	1970.975
1898.8225	950.16	498.9125	427.5425	470.2925	508.55	571.515	557.915	781.8975	843.1025	839.5875	842.0475	1036.4075	2031.2875	2236.905	2294.9675	2250.735	2379.275	2356.42	2545.87	2717.275	2919.5775	3198.275	3701.37
3644.0225	3294.4425	3230.7675	3422	3552.0875	3712.72	3302.1825	2217.875	1464.78	1409.115	1837.1475	1574.055	1306.4675	1432.7375	1446.7825	1316.86	1116.3	999.8725	748.3175	877.205	1643.8225	2577.785	2629.5125	2897.0525
2961.06	2603.1975	2446.2825	2869.4775	3403.625	4248.5875	5478.4725	5418.6725	5197.5375	4413.8125	3764.7475	3453.33	3202.245	2541.7475	1699.405	1633.815	1672.5775	1531.495	1346.72	1197.6025	1485.5425	1945.5075	2527.91	3108.165
3368.865	3460.4725	3262.1175	2867.75	2343.8425	1980.795	2062.3825	1799.1925	947.7675	432.475	763.855	1108.6125	1137.8975	1310.4075	1850.05	2553.535	2559.98	2421.5575	2825.0175	2771.7125	2535.96	2679.755	2690.155	2685.62
2687.955	2973.55	3035.77	3219.6	2936.575	2735.995	2250.9175	1942.6675	1643.1725	1788.505	1538.76	1202.5675	870.2775	552.1925	443.215	418.3775	441.395	485.685	610.74	745.7425	844.6875	984.28	1062.0225	990.1525
1251.5725	1399.18	1316.7825	824.6025	411.83	273.5275	306.49	335.095	287.2525	363.8925	644.88	868.61	1167.95	1437.18	1568.31	1400.2075	1241.6025	1348.2625	1584.555	1884.0025	1966.5	1930.8275	1615.685	1387.25
1132.5	758.8275	631.2175	736.13	1145.4825	1541.325	1889.1825	1671.2025	1545.0675	1486.5075	1191.4425	901.09	603.9925	428.4275	377.78	422.52	491.575	542.6225	647.1525	760.655	930.8175	1198.7525	1371.115	1412.3325
1554.95	1673.2675	1776.56	1388.83	1184.3325	1001.7425	1058.0175	968.0475	572.8525	376.1425	460.6725	654.1625	763.0425	655.3625	664.4275	679.805	706.4825	763.88	721.605	611.8225	657.7975	859.9825	1151.97	1221.155
1360.2925	1358.315	1135.15	958.3575	728.8725	482.39	385.0875	248.8	72.0875	27.3525	62.405	94.905	221.57	358.57	403.2575	526.5225	629.9	643.0875	786.7475	1021.2075	1329.285	1882.4925	2354.9075	2325.1725
2361.3075	2609.765	2661.25	2413.2925	2201.4075	2123.0875	2241.6425	2184.8075	2117.3375	1579.2875	896.42	771.0125	1154.0875	1843.2425	2253.305	2090.0025	2338.68	3227.915	3423.2725	3642.775	3433.01	3025.7875	2336.225	2244.2525
2512.6525	2381.465	2063.2975	1998.4725	1977.2925	1977.94	1990.1925	1374.73	681.675	894.0475	1562.9625	1786.6925	1846.2325	1968.8625	2597.7825	3424.79	3723.3725	3715.945	3672.03	3490.0975	3287.3975	3464.2975	2645.8975	2293.68
2195.5675	1984.5825	2006.075	2261.375	2412.7025	2597.5175	2798.11	2583.8825	1842.02	2177.3625	3004.8025	3723.7875	4161.845	4466.63	4546.22	4615.0825	4782.1875	4773.6675	4221.31	3073.3925	2608.9475	2819.475	2874.345	2667.1275
2615.21	2469.64	2561.4475	2613.9775	2383.895	1905.0875	1370.95	843.7425	448.4875	440.3225	519.8825	619.01	612.23	646.31	744.705	755.3725	449.765	698.85	1123.5475	904.4275	1385.625	1706.97	2293.645	3686.8925
4372.7875	3187.6575	1992.74	1637.0075	1521.5875	1410.3375	1542.195	1422.375	947.525	786.98	721.38	747.615	1111.18	2088.62	2822.89	3236.23	3521.54	3775.94	3988.825	3378.92	2823.7425	2579.2225	2551.265	2649.42
2564.8475	2333.37	2001.4225	1761.87	1822.805	1581.875	1280.89	956.845	825.7875	1131.73	1703.0075	2215.5675	2192.4525	2145.59	2102.2675	2184.785	2043.3525	1772.7675	1491.0975	1337.0225	1177.935	1296.145	1485.2575	1493.51
1423.4625	1303.2025	1200.9975	1075.6775	683.3125	402.125	277.135	196.49	86.835	162.2125	467.315	435.355	388.015	313.245	262.97	238.74	240.8575	208.97	228.215	424.095	819.5775	1194.08	1542.05	2268.1925
3163.1175	3765.62	3775.3125	3582.7325	3361.01	3234.1825	2885.305	2053.5775	1367.9475	1230.2225	1431.5675	1189.64	1081.14	1139.9225	1171.405	1284.165	1292.8675	1578.21	2194.705	2878.9725	3654.07	4628.6075	5107.5725	5426.7675
5387.22	5185.8925	5127.52	4796.5525	4632.835	4681.44	4457.87	3507.5475	2801.3625	3095.5075	3551.3025	3672.79	3997.84	3967.7175	3942.9075	4039.855	4407.7225	4575.99	4979.4775	5343.4275	5477.9	5655.0925	5769.36	5777.215
5718.0225	5516.9025	5143.22	4817.38	4961.62	4977.1	4632.1275	3595.645	3647.42	4082.755	4121.45	4284.7825	4417.7225	4668.1175	4960.9025	5140.08	5346.49	5434	5709.87	5948.42	5949.045	5949.1675	5918.83	5857.9875
5567.295	5217.1325	4486.7525	3935.36	3505.2675	3413.3275	3394.835	3526.165	3840.325	3953.2075	4005.18	3697.01	3907.5225	4513.845	4610.2	4483.51	4361.16	4246.9375	4025.4475	3762.5775	3725.055	3677.4475	3645.065	3501.07
3021.1525	2452.2025	2153.9475	1832.69	1686.07	1491.6325	1251.465	1067.2925	1136.33	1343.71	1512.0275	2158.5425	2805.855	3192.0075	3442.8	3468.1925	3182.8275	3096.445	2943.345	2563.095	2357.735	1939.0625	1636.7975	1579.6625
1750.4975	1881.1275	1896.7025	1985.095	2026.4075	1768.8925	1285.99	798.4675	677.9525	642.095	672.825	647.8975	655.6	671.575	802.1475	881.365	969.2025	881.315	592.1725	523.8475	790.355	1371.16	1665.155	1895.8125
2542.3525	2775.3375	2455.685	2136.7575	2119.4025	2100.0825	2182.1	1577.595	870.285	764.7875	841.6525	912.545	924.0725	895.9025	765.4875	722.22	717.5675	802.935	877.435	930.945	1107.265	1368.9575	1545.775	1871.0775
2358.325	2384.3025	2317.9125	2443.0775	2627.0125	2718.545	2878.3175	2804.4125	2223.1675	1835.7575	1285.705	762.39	403.8525	252.795	227.1775	220.2475	174.56	323.82	786.9275	1570.6975	2696.6675	3620.7375	4000.3575	4081.5075
4045.5925	3901.6325	3587.19	3354.3025	2956.6075	2807.9475	2883.9625	2428.2175	1481.3975	1062.6575	1495.7675	1612.15	1528.39	1342.135	1255.8725	1304.31	1334.9425	1485.75	1809.535	2491.35	3600.475	4642.905	4902.56	4869.84
4913.6	4726.5175	4587.945	4663.84	4780.435	4791.1125	4709.1725	3992.25	3232.245	3073.3825	3062.66	3012.11	2924.38	2883.58	2836.5925	3116.41	3515.275	4043.62	4496.685	4694.4925	4992.54	5489.0075	5652.47	5607.7925
5573.105	5474.2725	5200.49	4923.735	4566.185	4654.225	4578.48	3868.4525	2887.455	2783.4575	2739.91	2546.5075	2504.805	2316.5475	2216.2725	2319.54	2188.4	2197.505	2578.505	2587.1475	3059.55	3448.65	3941.19	4251.3825
4550.15	4469.26	4329.66	4283.7375	4193.36	4040.2675	3975.0625	3452.6275	2695.25	2546.3375	2702.505	2632.89	2563.66	2685.6225	2608.51	2619.14	2719.27	2852.6725	2703.6825	3053.095	3763.6375	4222.195	5144.52	5777.25
5828.5325	5563.04	4730.42	4089.655	3606.6875	3135.1375	2515.05	1823.9175	1004.8675	465.5625	272.0875	321.2475	294.7775	344.5375	411.4125	575.295	756.255	729.0775	761.445	1130.92	1646.2475	2355.1125	3124.7525	3619.3075
3957.8125	4661.9	4684.0875	4489.2075	4676.765	4799.5025	4911.7425	4716.245	4173.695	3903.9925	3924.4075	3968.87	4151.385	4231.51	4084.8475	4217.9875	4642.315	4444.765	5247.2325	5505.8	5141.62	3726.1375	2308.42	1644.2
1455.35	1424.57	1619.3175	1588.6875	1854.275	2174.7725	2378.54	2118.6275	1991.8825	2571.84	3171.99	3297.575	3379.075	3067.6675	2401.59	1905.315	1684.6825	1136.5025	820.6125	493.9525	371.1175	361.925	309.985	273.75
310.7	327.085	356.22	345.62	485.22	697.765	727.84	548.2125	372.6225	279.7725	194.28	108.715	90.99	102.5675	126.24	192.4375	222.4275	351.4075	549.7625	787.1525	1324.8125	1976.92	2771.865	3647.385
3966.31	3975.3875	3991.595	3850.3875	3493.175	3150.315	2955.5025	2659.2975	1717.9925	1052.815	615.145	385.205	462.8025	489.0975	744.1425	1135.5275	1699.035	2549.5025	3460.9425	4073.8325	4493.445	4700.14	4844.4425	4757.65
4790.4775	4832.9525	5206.2675	5329.28	5176.44	5109.735	4796.445	3982.245	2868.09	2247.3525	2306.4275	1724.0775	1372.61	1302.4975	1766.675	2249.68	2456.035	2596.895	2706.5625	2954.1525	3401.2775	3933.8625	4186.4175	4204.0825
3577.8475	2883.7675	2349.8525	2289.9	2111.9175	1888.4275	1752.955	1287.36	815.3975	485.185	465.8675	780.3825	898.5225	983.55	1307.1875	1405.4	1748.3025	2011.6325	1971.0875	1911.095	2113.3725	2147.67	1709.0775	1335.5875
1103.765	922.6025	982.4975	1480.395	2131.9375	2660.0925	3130.22	3773.8875	4051.72	3984.9175	4095.7225	4604.725	4916.245	5407.9775	5315.4475	5053.5	4947.65	4878.365	4746.7125	4185.5525	3831.995	4054.865	4312.57	4175.1075
3661.785	3153.555	2440.0025	2483.95	2868.145	3342.9375	4003.4	3759.82	3020.52	2448.3375	2149.555	2391.5275	2684.955	2928.055	3253.05	3328.005	3169.7325	3158.66	2695.755	1779.9625	1512.045	1437.9275	1468.2375	1666.6975
1873.85	2541.125	3281.4525	3180.87	2966.9675	2644.1075	2200.8225	1770.9025	1363.5775	911.82	655.8275	683.905	914.5025	1217.2175	1472.84	1776.925	2041.7025	1958.415	1903.5125	1693.325	2315.73	3662.72	4268.5025	4323.05
4526.715	4677.6225	4441.1	4292.6225	4250.3125	4222.26	3965.68	3195.6975	1819.5725	840.695	478.5	485.7225	523.1175	906.7275	1588.295	2331.5975	2725.13	2843.9525	2790.675	2550.705	2700.1525	2680.9925	2498.185	2406.6
2616.9725	2664.41	2342.9225	1972.825	1781.0925	2267.05	2627.04	2352.09	1486.2325	911.81	650.35	718.9025	1122.14	1700.925	2512.555	2771.545	2881.975	2782.325	2609.2275	2352.95	2311.9	2630.24	2863.7575	2543.1775
2036.0325	1434.195	1123.9375	775.81	586.0525	736.395	704.6425	609.5	348.965	285.0975	502.2725	763.5675	1343.605	1740.28	2098.68	2302.2675	2697.3875	2795.8825	2050.7275	1676.43	1775.1175	1928.1275	2280.0875	1922.72
1346.0425	962.935	773.2025	653.22	641.05	567.97	448.645	390.7925	203.93	72.095	44.595	66.96	95.97	194.59	293.1775	395.165	522.0775	726.0975	1103.6	1943.395	2963.69	3600.94	4019.56	4161.7125
4059.4875	3852.6225	3891.425	4047.9975	3889.4275	3946.55	3994.4225	3661.885	3024.3275	2676.7625	2459.1075	2331.9025	2343.3625	2285.045	2015.35	1693.9	1392.8175	1111.9025	1083.965	1491.3325	2044.4425	2404.4575	3251.3075	3682.9175
3516.7725	3143.1375	2926.985	2593.5575	1777.5725	1260.815	1024.58	839.8225	671.075	594.505	943.1125	1373.6725	1571.0325	1212.5475	1162.105	1009.685	823.3075	731.3	888.115	1007.9025	1318.3375	1606.7025	1840.225	1767.86
1602.285	1250.3225	1102.4375	1172.235	1072.035	1205.08	1136.4075	1155.3725	1155.8675	995.6975	896.365	886.115	1242.75	1769.8675	2708.2125	3235.1575	3710.24	3982.555	4490.755	5122.275	5432.275	5538.0325	5781.11	6006.285
6269.2025	6241.64	6259.7675	6167.01	5940.1925	5704.6975	5709.9325	5157.155	4501.575	3961.6075	3389.085	2756.555	2764.51	3107.2625	3315.3825	3369.8075	2944.8775	2506.8425	2653.635	3230.605	4131.81	4960.01	5568.8975	5966.5375
6082.365	6048.8125	5980.9225	6057.5725	6273.4175	6459.4725	6377.805	5828.64	5399.965	5497.3475	5168.3275	5482.75	5431.2275	5446.055	5502.74	5700.2975	5602.5375	5608.1625	5604.75	5331.2975	4420.0625	4312.495	4459.2125	4124.6975
3793.3	3345.0275	3082.5625	2583.4775	2181.3725	2055.4525	1982.96	1881.985	1287.0825	1220.7675	2162.8275	2516.2625	2957.2375	3499.8225	3558.14	3431.9675	3350.26	3050.875	2528.2775	1949.6575	1820.3225	1734.1775	1557.21	1528.07
1183.015	954.28	705.975	535.7	528.84	617.185	705.13	584.27	308.135	211.645	140.0975	78.565	67.8275	72.965	94.0525	141.085	300.25	513.595	878.2125	1335.085	2022.89	2771.5	3760.545	4581.43
4669.1475	4734.8425	4913.345	5006.9975	4829.0875	4817.47	4701.465	4185.7625	3250.85	2881.405	2905.2975	2869.69	2453.89	1855.4025	1584.3675	1704.945	2010.07	2456.5275	3074.05	4047.8875	5238.955	5592.44	5792.2175	5857.4125
5876.1775	5748.03	5814.1575	5791.27	5588.4675	5297.6675	4825.135	3897.245	2867.6	2675.39	2812	2620.7925	2562	2412.83	2104.76	1993.195	2211.135	2523.285	2762.3575	3458.2925	4190.4025	4922.2025	5275.1975	5464.455
5476.885	5368.5025	4957.0025	4768.29	4445.05	4227.225	4204.04	3836.93	3236.7875	3092.8175	3068.02	3056.6125	2828.4475	2539.2975	2273.0725	2116.92	2586.6325	3150.675	3493.06	3717.0125	3952.9475	4279.97	4563.6325	4803.42
5147.7825	5073.1325	4931.4775	4785.42	4569.735	4500.7875	4316.8575	3493.495	2420.695	2011.81	1946.9625	1774.1175	2069.7575	2482.1525	2931.9	2674.2275	2190.2225	1883.13	2084.4525	2079.495	2444.51	1993.07	1835.7525	1736.7075
2577.1925	3371.865	3844.85	3935.2425	3909.7575	3808.615	3821.96	3370.645	3132.64	2967.245	2912.935	3016.465	3002.5825	3079.6675	3070.0625	3322.55	3215.3	3154.255	3311.1125	2849.82	1809.725	1414.2325	1294.6025	1207.395
1277.5125	1343.1975	1223.265	1091.9875	865.0225	876.32	904.625	655.985	375.165	621.6825	1110.41	1151.9625	1350.125	1460.485	1475.3875	1593.83	1461.3725	1224.28	863.065	571.605	562.3275	592.26	694.1525	601.1725
574.495	558.62	429.8025	453.155	658.835	1045.4025	1178.715	1024.87	674.8875	443.715	437.735	263.6825	209.965	245.5475	324.3425	550.6925	800.7725	1081.765	2246.81	3878.455	3509.1825	3687.485	3786.8325	2954.2975
2326.4975	3080.7125	3619.67	3759.885	3187.41	2464.7775	2360.97	3139.815	3073.82	2447.895	2072.315	1678.9425	1667.6425	2023.08	2100.965	1889.16	2176.0625	2736.245	3083.4175	2577.5825	3383.26	3775.26	4184.12	4473.025
4211.89	3758.8975	3480.845	3534.9825	3543.785	3341.465	3081.0475	2698.1525	1980.42	1698.5525	1917.1225	1939.675	1995.1125	2149.0075	2097.98	2056.2675	2130.7725	2867.005	3665.195	3815.5225	4694.545	5550.665	5945.71	6106.4025
6030.725	5894.005	5883.06	5733.145	5637.9975	5319.745	5159.43	4109.225	3052.6575	2524.2525	1868.715	1273.365	1128.625	1170.96	1257.03	1390.045	1485.6625	1771.3	2180.6025	2220.9375	2791.205	3732.595	4396.4825	4628.7225
4677.5475	4726.215	4219.075	3634.4025	2835.5525	2073.73	1726.99	1375.5025	976.97	877.7325	825.39	829.84	880.7475	997.2875	1651.5975	2776.4725	2339.3025	1543.84	1368.955	1668.825	2761.1775	3484.94	2986.865	1822.1425
2084.905	2273.4575	2172.555	2332.6375	2379.7575	2219.0225	1966.61	1780.32	1537.88	1280.6825	1171.1425	1355.975	1326.405	1178.115	1065.3825	1147.515	1081.7875	1065.8775	1155.38	1360.6975	1509.6625	1787.2925	2198.9175	2178.845
2473.6775	2484.8825	2638.3275	2618.295	2298.7025	2351.8825	2060.31	1570.42	1170.785	975.9275	936.22	978.665	820.87	745.33	716.2075	694.1075	701.67	814.725	1108.905	1356.8475	1611.8875	1976.185	1979.67	1913.885
1762.99	1358.265	955.1475	810.75	854.09	1098.2075	1309.12	1297.7875	1044.365	1055.2775	1183.8275	1240.6625	1224.5475	1243.635	1486.4925	2113.9075	2577.32	2645.9575	2579.37	2473.6575	2290.63	2151.125	1855.1575	1576.6375
1055.1775	800.445	668.295	488.4675	400.0775	317.15	210.1325	166.56	133.015	90.795	99.6875	188.9775	287.24	354.305	475.4825	654.7	994.5325	1275.925	1415.0275	1920.8075	2973.845	4283.925	5075.415	5295.2125
5430.7125	5429.3925	5307.97	5014.9875	4766.0425	4402.96	4020.235	3526.4925	3292.6175	3212.04	2606.0875	1938.065	1569.5175	1547.4025	1508.935	1564.25	1693.705	1797.3775	2213.96	2396.11	2484.4375	2933.9325	3789.135	4886.4175
5498.0175	5442.9175	5288.0625	4972.5275	4422.94	3829.7825	3610.795	2941.85	2541.9625	2137.1025	1360.035	897.8	774.0175	774.7525	968.5925	1105.695	1220.975	1231.545	1576.9	2119.01	3463.0325	4129.8325	4538.0725	4907.325
5041.205	4907.955	4726.54	4242.7725	3885.1	3559.0975	3407.0575	3272.4125	2620.21	1714.1575	1250.9675	991.9725	720.68	854.175	1141.57	1344.3025	1590.395	1717.4175	2063.8025	2566.0125	3429.8325	3349.28	3092.425	2917.225
2898.9625	2747.535	2581.8	2337.2975	1925.1525	1781.515	1637.8125	1460.0925	1343.11	1402.405	1140.635	941.065	1015.57	1338.9725	1672.5225	2240.24	2398.965	2311.655	1845.9975	1552.57	1323.8975	1277.185	1408.325	1238.7775
672.46	497.3175	589.36	604.4125	637.8375	624.19	529.07	382.465	121.6525	96.6075	177.235	185.9125	279.3225	328.965	421.98	534.4075	617.6925	749.9475	748.7475	705.41	712.49	852.7325	1133.8075	1341.5
1584.985	1698.28	1324.52	898.97	584.2475	469.38	491.005	401.7025	294.105	259.775	314.8475	248.175	280.61	264.145	443.6725	472.4925	765.8725	936.2725	1285.39	1379.015	1331.5175	1631.7175	1585.74	1605.685
1614.355	1276.0475	1180.815	1289.1975	1188.2	1470.2675	1392.455	1300.4875	1139.445	917.7925	866.58	1286.115	2018.9475	2143.405	2403.2225	2585.9725	3043.8525	3260.2875	3160.1625	2921.0975	2657.7825	2854.64	3181.595	3429.72
3487.9625	3667.265	3737.6125	3650.25	3521.115	3429.625	3551.2475	3493.2975	2717.9775	1928.3475	2399.59	2607.145	2757.3125	2926.375	3003.3125	3302.85	3541.2225	3911.575	4188.01	3994.8075	3967.985	4211.9875	4176.305	4263.62
3988.66	3867.6875	3770.8925	3665.8	3839.895	4037.335	3805.57	3325.0525	3060.2775	3245.475	3404.16	3393.76	3322.2625	3340.5775	3155.29	3289.8	3576.7225	3533.2725	3534.7575	3852.825	4319.31	4579.885	4617.045	4838.2925
4851.96	4896.2375	4653.1275	4681.5375	4517.5475	4227.375	4214.9175	3911.5725	3504.6725	3145.015	2242.395	1665.925	1529.095	1284.615	1290.5775	1390.1475	1567.7575	2054.4375	2354.775	2322.565	2075.0575	1917.55	2134.5225	2399.815
2102.975	1749.56	1669.2775	1652.6625	1807.46	2015.05	2487.2175	3249.2425	3676.3775	3559.925	3830.8875	4168.58	4384.56	4309.815	4250.52	4007.58	3543.6325	2717.2375	2182.3675	2136.22	2415.5925	2212.33	2261.6425	2561.56
2602.78	2780.57	2931.825	3398.8625	3829.2025	3610.645	3163.5475	2582.6975	1472.7925	855.695	844.84	749.7675	482.055	525.7375	912.465	1247.9875	1107.495	939.95	653.7625	485.015	509.3875	579.68	598.3825	666.0025
1053.1475	1208.86	1342.49	1281.1375	1277.38	1061.99	869.03	708.83	490.5975	413.87	394.9975	252.8675	184.885	238.89	354.195	508.735	527.2425	794.845	1329	2009.545	3267.5575	4193.485	4404.72	4487.4675
4731.0325	4991.3275	5000.5375	4952.005	4573.265	4473.9875	4495.36	3685.0675	2651.485	2235.5725	1947.0125	1927.1225	1585.63	1369.355	1349.3925	1213.535	1203.43	1484.93	1639.2375	2049.08	2906.58	3511.8775	3909.9825	4142.4425
4306.02	4298.905	4186.8	4033.9175	3802.3275	3684.28	3456.66	3039.38	2146.425	1641.4575	1007.42	875.8875	676.4925	730.4475	828.0425	898.74	999.6975	1130.325	1263.2475	1675.26	2391.205	2966.765	3077.4325	3166.235
3110.205	2874.0125	2568.395	2112.86	1863.7	1701.4975	1429.1525	1043.5775	538.3325	351.15	506.79	561.66	454.17	306.2625	212.835	164.225	146.8775	149.4175	480.9075	1339.6825	1862.045	2177.7275	2764.6925	3096.0325
3582.58	4086.2725	4942.2925	5303.1375	5443.5	5589.03	5755.4975	5579.0875	4795.025	4102.6925	3122.4	2463.705	2256.4825	1752.6075	1529.7425	1514.0225	1535.965	1536.0825	1522.4825	1548.735	1450.2	1391.4525	1338.1225	1477.1675
1525.9225	1690.2225	2064.895	2633.3325	3052.04	2937.5675	2657.0425	2239.6225	1485.87	900.0175	879.12	901.88	1335.0875	1571.47	1340.5575	1166.0675	1069.37	976.625	907.81	987.955	1118.205	1483.4575	1733.5825	1859.175
1913.78	1691.675	1443.4225	1117.1875	891.4775	759.285	803.6675	807.2825	535.5275	206.315	52.39	55.1475	111.7725	169.99	339.3075	410.805	277.7125	328.8925	374.5425	470.1825	600.4075	928.11	1699.46	2152.2575
1904.03	1907.37	2294.71	2544.5725	2490.135	2114.13	1807.315	1534.2675	1097.8275	1260.6125	1521.7275	1994.4425	2244.13	2314.63	2420.0975	2054.2675	1653.84	1325.8375	1452.2525	2228.1825	2903.3175	2861.9275	2139.4775	2648.2625
2524.84	1962.4925	1694.55	2106.8025	2808.5	2969.8875	2622.6225	2038.26	1219.59	913.1275	1524.8825	2168.605	2784.7875	3129.585	3471.155	3547.0375	3445.9625	3020.3	2237.3425	1629.24	1603.58	1892.76	2197.6125	2365.785
2562.3725	2512.485	2586.865	2589.1125	2224.295	2147.765	2031.8575	1924.6575	1672.8775	1606.1025	1677.8025	2385.155	2586.805	2750.6625	3198.305	3553.9025	3270.41	2790.8525	2758.055	3258.865	3519.41	3692.9975	3957.61	4322.8025
4435.4525	4538.015	4207.665	4012.4075	3592.525	2909.5075	2250.3975	2565.8225	3092.3025	3302.155	2618.77	1597.3875	1095.415	805.605	878.27	1213.9025	1311.855	1450.815	1391.2875	1257.7525	1347.725	1379.795	1230.26	1111.4
1219.5675	1450.155	1345.2325	1215.5925	1089.1025	918.8125	676.5675	409.665	121.9975	42.9075	70.7	170.92	256.06	371.32	573.6925	743.7075	1134.4275	1944.5575	2605.8525	3165.205	4136.345	4515.0575	4507.88	4378.115
4155.8125	4045.095	4262.32	4494.2775	4860.975	4667.6425	3764.745	3052.2075	3145.5675	2854.5775	2981.5575	3069.1875	3476.205	3763.8675	3773.115	3603.7325	3680.225	3895.0825	3981.9625	4076.4025	3926.1625	3436.5925	2918.245	2961.38
2803.845	2662.0975	2683.41	2791.265	2919.1	2987.7625	3127.26	2988.9275	2661.455	2464.275	2128.96	1854.285	1812.33	1941.0825	2099.795	2080.0775	1881.525	1590.415	1384.93	1153.4375	990.405	968.75	877.7625	744.735
669.8175	660.705	679.9775	746.5675	786.3775	812.3225	897.7775	901.195	828.1875	581.4825	479.94	388.1225	291.5775	243.945	317.365	400.41	438.715	580.5175	688.2175	725.595	587.865	462.155	354.23	289.8
260.565	187.82	128.835	139.4	110.535	102.49	84.4775	60.83	41.355	20.815	21.425	25.045	68.0825	194.6675	307.015	400.3275	333.265	344.46	413.215	372.9475	446.7725	621.17	985.3525	1262.2075
1321.9125	1413.26	1427.0425	1302.84	1259.03	1207.5475	945.95	698.5725	392.9525	130.035	74.06	88.1975	117.4325	147.88	229.93	415.9275	680.3325	654.8275	442.1675	459.4775	628.035	640.4325	752.965	888.93
853.155	813.305	842.7975	875.2625	869.23	724.185	522.36	331.69	131.2225	35.26	21.405	38.1625	67.905	93.8575	108.9875	118.5975	113.255	179.605	496.3375	1213.9275	1878.925	2579.1025	3170.1625	3515.5375
4010.0425	4388.8575	4386.5025	4298.81	4015.9175	3718.465	3504.0875	2918.685	1769.3575	1091.255	979.4175	858	514.345	394.615	351.1025	352.0875	471.4225	665.7725	1109.635	1537.0875	1890.0825	2261.83	2307.04	2179.9925
2382.88	2729.3325	2976.0125	2792.2925	2433.115	2100.13	1769.98	1613.4625	1546.0275	1226.9475	978.89	908.48	1135.5375	1054.91	956.8775	1190.785	1882.245	2281.8725	2598.9375	3095.995	3730.46	4221.9525	4356.0775	4593.855
4420.0875	4733.2125	4841.6	4968.8325	4879.05	4860.96	4882.155	4342.9125	3306.44	2572.33	1883.0225	1399.7425	1308.8675	1339.6825	1676.2	2110.1575	2433.6125	2911.3325	3185.655	3102.3675	3764.855	3913.8425	3705.005	3867.045
4105.7175	4149.05	3937.9025	3722.2325	3494.6425	2807.8975	2080.535	1534.3275	812.9775	312.7	70.6175	22.9725	58.3525	122.98	214.8625	415.7975	750.3325	1032.6375	1374.4525	1904.7025	2461.275	2552.4	2477.5025	2417.2675
2465.95	2490.3075	2454.3375	2338.4075	2225.98	2251.4875	2327.8375	2334.6375	1914.005	1571.7325	1580.03	1722.17	1949.8625	2290.325	2374.835	2581.76	2958.8075	3388.005	3846.89	4565.305	5215	5295.3275	5248.7625	5267.765
5247.7875	5071.1725	5025.18	4940.6325	4888.185	4884.62	4981.695	4645.305	3737.93	3531.0325	3434.1275	3422.475	3301.8	3407.27	3668.845	3886.5725	4069.715	4424.3575	4795.5775	5154.78	5117.605	4984.835	4851.25	4788.2425
4767.3275	5062.865	5076.065	5063.0525	5054.375	5083.875	5069.695	4803.8575	4370.815	4158.8575	4075.5775	3933.555	3891.32	3852.7975	3906.925	4048.7425	4280.1875	4427.015	4652.465	5043.97	5331.355	5503.59	5396.525	5296.095
5240.3375	5108.23	5094.945	5037.03	4951.595	4761.875	4683.25	4010.9125	3393.9475	2837.1975	2329.4225	1668.0675	1084.015	715.8675	598.49	470.0175	504.2925	605.0175	692.595	669.7525	714.0025	642.6925	618.1375	558.6425
532.735	453.92	366.29	331.1775	338.09	381.7725	432.425	495.2725	437.715	369.03	256.3125	180.99	208.465	233.33	286.445	429.5675	791.4475	1403.6125	2128.365	2747.8875	2965.0325	2826.73	2325.1975	1784.075
1719.525	1768.195	1879.87	1808.7375	1799.48	1892.465	1998.37	1876.475	1551.15	1478.0125	1443.8475	1000.1625	604.265	420.6175	339.9525	412.405	396.1975	311.3875	185.025	197.225	228.58	192.1675	128.1675	76.4375
156.09	266.87	366.81	439.1525	507.6425	400.39	276.38	220.84	128.3575	75.4825	81.9725	68.2125	74.215	66.28	66.265	70.08	44.6725	76.5375	195.285	338.365	469.8425	702.3175	965.7	1230.305
1405.7775	1404.2475	1645.9875	1568.7425	1435.1575	1310.945	1470.1725	1498.27	1289.755	1008.87	700.865	644.48	591.5925	645.9125	867.065	939.775	1007.6775	1012.29	1334.215	2116.975	2443.355	2123.38	1648.8275	1482.565
1424.35	1399.8	1286.4925	1122.1575	976.18	812.4825	671.5975	588.6125	362.6675	156.6125	153.87	170.6275	117.51	123.2175	112.9975	154.3025	160.1925	211.6725	611.9775	1402.0125	2480.9025	3491.9275	3618.365	4618.77
5196.715	5244.2175	4959.39	4480.9075	3913.565	3190.89	3035.1425	3346.6725	3315.54	3188.53	2981.475	2836.175	2574.08	2470.15	2485.005	2718.675	3177.5175	3541.68	4082.8725	5153.2625	5834.0675	6165.41	6314.4525	6560.0475
6598.625	6534.675	6298.8975	6118.9275	6032.19	5915.7575	6011.895	5628.4925	4905.7875	4325.3275	4165.5175	3703.625	3648.8275	3593.515	3801.795	4006.67	4443.42	4975.9675	5517.9225	5784.2675	5957.2	6157.2525	6287.3375	6365.6325
5897.23	4795.925	3149.5325	2169.32	2615.615	4232.1775	5443.9325	5334.0775	4321.7775	3565.72	2807.745	2177.105	1546	1120.8325	905.1925	1325.735	1712.8825	1947.86	2289.7375	3521.6975	3507.7025	3492.555	3896.27	3644.91
4004.525	3935.8725	4121.735	4068.3975	4062.0775	3543.445	3823.5975	4148.875	3709.48	2881.4475	2306.24	1596.985	1042.9775	1013.615	1200.0225	1706.46	2536.235	3358.3675	4259.9725	5249.06	4513.61	4500.8875	5064.905	4673.5225
3646.04	3106.9975	2533.205	2756.58	3546.1625	3500.7	2929.835	1734.72	869.5375	583.49	1160.075	1807.935	2010.3575	1910.8075	2046.4675	2067.7675	2282.825	2000.3975	1574.905	1329.3875	1388.04	1485.8875	1554.2525	2303.705
1814.6525	1391.9525	1615.4175	1542.045	1102.61	416.495	217.3425	168.5325	115.2725	57.73	58.98	98.7	330.0525	225.99	229.3175	276.7225	422.26	591.865	779.3775	827.33	878.9575	982.3075	1184.335	1341.24
1273.3975	1495.83	1846.5525	2250.97	2642.23	2953.89	3068.9675	3056.8025	3091.4625	2917.18	2764.2175	2772.43	2614.4925	2255.08	2154.0875	1815.36	1462.9225	1103.24	1058.89	1060.7575	965.2925	945.95	883.2575	927.945
926.61	903.53	778.52	667.4	716.7025	758.5875	707.9375	898.3025	960.2825	824.1825	1020.6625	1375.5175	1125.8275	981.88	889.7875	891.5525	974.8425	1190.25	1423.7675	2139.5225	2776.995	3275.4	3691.2725	4072.5375
3920.175	3731.4125	3821.275	3757.3275	3768.68	3559.26	3326.81	3187.97	2880.49	2396.2825	2284.9125	2325.7525	2297.9225	2349.0675	2345.995	2306.0175	2567.3075	3028.7475	3293.2475	3590.3725	4006.7525	4132.3825	4572.9475	4679.995
4677.055	4178.595	3843.68	3413.5475	2846.01	2428.79	2326.18	2233.2925	2131.785	2230.1125	2142.5375	2124.8075	2108.255	1951.2675	1735.7	1686.3325	1867.6825	1665.535	1775.0325	2233.18	3297.7375	4322.44	5159	5598.21
5928.6075	5920.7225	5928.985	5790.65	5746.19	5391.2125	5461.225	5509.755	5230.1	5122.7625	5324.6975	5735.535	5662.21	5511.17	5177.3775	4591.11	4272.5	4224.26	4311.875	4302.7475	4358.4075	4198.355	3974.795	3826.43
2895.305	2181.17	1817.515	1244.805	873.425	580.875	557.085	475.7	300.9	256.88	217.515	190.4175	179.8275	83.36	47.5125	33.0325	26.885	43.0275	82.88	106.045	272.9275	613.475	885.4975	765.1325
799.525	551.9125	256.8	130.1375	222.69	373.98	448.7875	432.4625	336.8725	189.61	93.355	96.745	87.0975	75.1175	73.905	49.045	29.0025	23.5625	93.9775	320.165	385.8925	430.0975	449.655	435.6325
367.405	303.0375	308.2325	375.26	483.68	362.7	408.12	408.9975	308.405	238.775	158.08	116.5	97.415	80.1575	91.83	116.0375	133.9725	98.9275	146.195	249.5725	238.99	297.875	329.0425	295.7725
323.365	593.525	953.915	983.2525	803.0875	777.475	885.1325	866.7475	834.02	641.1025	587.8325	741.965	637.6475	566.335	499.535	425.44	434.5075	488.465	590.04	561.265	643.6325	716.8425	529.415	463.5975
456.7625	448.9625	509.0675	567.2375	692.7825	1023.6475	991.4075	1343.905	1854.435	1609.135	1106.545	1052.7725	1404.0375	1698.6725	1581.7625	1774.45	2106.7925	2656.6075	3211.795	3915.745	4371.8925	3651.5625	2815.93	2886.035
2927.74	2485.0825	2123.23	1801.3375	1939.2025	2341.3975	2735.9175	2666.265	2222.77	1520.5025	924.9275	748.955	744.835	811.7025	996.4975	1135.485	1233.635	1170.56	1160.8825	1315.305	1274.1075	1120.3125	1006.8125	952.955
947.71	848.435	1006.29	897.6425	863.5575	826.825	809.8475	887.0375	716.96	603.9525	657.88	605.9425	487.805	496.2525	523.1275	818.29	1152.215	1582.6025	2269.48	3087.295	4061.125	4228.34	4148.3775	4349.5
4465.64	4346.2225	4041.775	4129.2075	4131.15	4676.4025	4631.1275	4794.8575	3540.62	3114.99	3523.49	3381.9125	3205.8425	2796.45	2401.825	2471.6675	2705.0575	2952.76	3430.1675	4185.115	4633.7125	4712.46	4236.0125	4040.595
3583.83	3017.65	2745.1675	2463.035	2228.8525	1885.5275	1574.3225	1161.38	1058.7175	705.8325	412.75	198.9875	184.62	220.16	164.53	127.18	117.5325	113.7525	129.72	189.65	258.135	288.115	260.9625	276.3975
411.34	410.46	305.9825	266.2175	222.705	178.705	174.2475	154.87	114.11	79.905	68.725	115.295	163.2275	121.2675	106.095	102.07	137.445	163.8425	375.9525	548.835	503.04	389.4825	283.1775	191.5975
188.56	212.5175	332.5275	816.1675	1379.395	1683.6825	1963.2975	1997.2225	2131.63	1926.365	1571.315	1515.59	1597.52	1446.415	1156.585	921.3075	801.51	762.675	943.2425	1059.84	1162.3725	1253.735	1365.965	1360.5875
1367.12	1295.4375	1099.8425	1145.53	1299.6525	1735.6775	1851.9575	1983.6875	2191.775	2116.4325	2005.3925	2330.6925	2678.875	2575.23	2538.2375	2706.4625	2853.6175	3023.485	3081.835	3292.7625	3418.9025	3352.1725	3368.08	3138.92
2913.015	2308.4025	1761.77	1147.2425	778.0475	764.4775	1065.2475	641.1075	378.715	172.125	140.64	95.0975	53.4425	45.8325	53.53	63.345	104.7975	120.515	160.1475	224.345	321.185	476.9225	560.52	692.6025
728.8675	797.0275	924.5525	951.9325	943.5225	925.5575	931.4275	917.1275	725.5375	383.1225	250.495	245.62	186.7425	173.57	286.61	337.6925	354.275	352.4225	620.8525	993.275	1319.875	1348.645	1075.1575	1040.095
1015.715	1045.7925	1490.695	1829.5175	1938.75	2449.64	2411.0825	1987.7525	1610.5925	1045.745	788.09	835.3975	756.4325	609.2975	575.725	681.6125	487.1625	345.78	448.3525	736.8425	951.67	1178.3125	1213.505	1242.4125
1323.1575	1495.3025	1561.24	1454.9425	1428.945	1471.7275	1485.06	1441.94	1367.615	969.5375	846.99	647.3975	462.2625	286.8475	146.865	137.35	170.5625	295.9925	577.8625	1017.38	1389.785	1613.8075	1911.0475	2352.6175
2635.8225	2924.8175	3031.335	3203.065	3296.36	3190.885	3137.0375	3182.6	2935.7525	2116.905	2024.97	1896.68	1597.63	1429.2225	1336.67	1292.935	1230.35	1416.6475	2301.645	3377.66	4089.525	4592.595	4964.3675	5105.1725
5056.445	5000.24	4822.955	4351.1925	4035.545	3546.03	3340.1325	3375.7425	2831.805	2201.7525	1837.9775	1769.625	1955.4025	2107.35	2014.17	1823.95	1531.915	1291.955	1731.455	2143.34	2322.2725	2255.68	2151.3675	1857.515
1501.2775	1130.0375	833.2325	673.1975	580.7325	506.8875	481.2975	456.48	379.455	319.3025	272.925	315.675	442.9525	682.1925	957.0175	1089.3	1253.295	1195.35	934.635	892.6225	958.3925	831.08	803.425	821.355
1130.0375	1608.1125	1973.785	2318.13	2563.15	2847.7575	3020.8775	2876.4125	2308.855	1345.2	888.35	860.6275	950.6275	1151.6275	1431.605	1634.065	1539.555	1479.33	1581.115	2098.6675	2504.6175	2692.955	2656.36	2594.5775
2474.1075	2538.7975	2664.0525	2630.355	2405.7675	2143.955	2048.74	1905.3225	1486.4675	581.28	216.7425	276.275	459.1075	572.985	627.7775	701.845	805.665	764.6675	1015.6325	1268.5925	1485.96	1567.655	1725.54	1784.4875
1621.1625	1381.85	1241.01	1292.2025	1226.6525	1090.93	989.2075	772.8225	493.4075	157.5275	83.0875	140.9725	165.265	147.675	134.385	122.125	114.985	154.115	314.2125	546.4075	734.675	865.055	1009.81	1093.415
1254.1725	1397.045	1692.345	2012.3975	2228.685	2318.3925	2313.4325	2221.1875	1914.2975	1052.035	1388.595	1445.63	1575.3275	1572.93	1539.0775	1544.28	1829.2	1931.1675	2943.625	4311.335	5080.175	5403.0775	5543.6525	5590.9575
5444.3625	5460.1525	5315.27	5031.805	4807.6125	4831.46	4959.435	4681.6025	4191.53	3909.705	3736.27	3504.6425	3333.0075	3267.5475	3438.2225	3514.8075	3119.9175	2688.14	2655.5775	2643.7075	2599.5925	2903.7675	3304.865	3379.415
3129.43	2814.49	2876.04	3146.7475	3490.05	3242.99	2976.735	2357.23	1830.9075	1517.88	1154.155	785.265	764.5525	638.36	600.485	723.345	958.885	1037.46	1080.2325	1095.1925	1158.3425	1246.1	1044.245	866.64
1035.9	1498.7575	2333.865	3116.3025	3805.605	4069.375	4049.105	3909.495	3471.3025	2946.5225	2561.815	2622.19	2098.9625	1658.02	1462.0325	1759.4225	2417.0775	2277.77	2099.29	2591.0775	3025.665	3056.7325	3104.0475	2849.66
2363.0075	1711.625	1203.9975	820.9825	644.9325	469.12	312.3725	187.22	106.505	38.3475	22.18	45.3125	109.2875	215.58	211.0725	192.565	173.1175	176.9625	210.845	246.8775	288.9975	355.8825	434.86	618.5225
1011.8375	1337.7075	1093.625	871.4675	821.175	805.195	1054.5475	1246.41	1372.9175	1334.0725	1263.16	1200.215	922.8175	802.9325	685.66	586.5	451.735	400.8525	704.845	1274.7775	2057.035	2751.48	3303.1325	3676.51
3942.165	4045.9125	4009.94	3641.4675	3184.1275	2716.105	2310.575	1907.12	1275.81	583.5775	225.2075	195.5775	300.2025	458.115	498.555	533.2975	523.88	465.6325	569.5325	571.505	670.9375	806.5675	1059.955	1467.0525
2031.3025	2356.6325	2406.98	2147.65	1837.87	1807.3	1718.0375	1453.5375	1009.53	539.6775	293.1525	225.3525	280.445	406.26	553.0425	640.9	717.09	559.575	507.605	488.49	506.6275	575.9775	794.09	887.005
777.09	960.74	1171.0825	1333.76	1299.31	1229.565	1131.81	997.3125	812.8725	332.0275	97.77	155.525	368.495	556.6	649.99	757.6825	670.92	555.305	567.465	727.2525	998.2325	1216.0425	1326.165	1437.9375
1616.7225	1634.59	1731.18	2030.705	2333.1375	2809.865	2967.98	2817.73	2717.69	2190.78	1375.185	876.3675	736.2975	1129.2275	1344.3275	1584.2325	1674.79	1556.525	1797.605	2616.6875	3304.065	3280.77	3186.9275	3234.545
2902.2125	2408.8875	2200.8025	2313.475	2301.3225	1985.66	1741.7475	1245.14	804.955	332.765	141.135	146.5525	167.8625	179.28	187.665	204.3875	169.265	204.435	261.66	354.7025	476.66	799.69	1222.3425	1708.4425
2034.7575	2374.105	2946.89	3004.8725	3091.0875	3241.21	3123.715	3112.1225	3072.6875	2636.415	2264.385	2132.32	1991.8575	1682.74	1476.035	1575.2225	1559.6375	1764.71	2810.14	3910.58	4519.5525	4982.0475	5082.735	5080.1525
4897.555	4894.1125	4586.51	4102.31	3509.11	2975.2825	2414.375	1849.32	1383.055	609.8975	276.2325	233.695	268.2725	357.7025	547.3275	734.0325	785.52	737.6175	862.63	1171.815	1596.925	2154.6925	2334.6975	2435.2525
2228.02	2065.1375	2050.9975	2028.7475	1868.2975	1693.1425	1386.61	1053.3025	658.4275	283.3825	105.1625	206.8575	544.0725	924.2825	1067.665	1273.7025	1578.975	1469.4675	1776.385	2044.2075	2014.9075	1864.815	1491.76	1117.01
776.165	548.885	417.7825	442.26	650.32	699.535	992.885	1575.565	2193.41	2248.745	1681.15	1339.725	1076.7775	1037.495	1095.9925	1553.89	2054.87	1887.62	1836.875	2128.0225	2352.9275	2105.085	1682.2175	1409.8175
1454.0375	1456.31	1586.9225	1637.445	1410.1375	1242.07	1028.435	845.0225	769.5775	562.185	396.23	618.79	990.14	1371.4	1549.425	1726.9425	2057.1875	1587.3125	1452.3275	1458.8	1550.7425	1523.17	1463.5825	1517.1275
1481.15	1486.555	1524.48	1513.42	1397.905	1525.7175	1837.2875	2030.17	2048.135	1706.7975	1186.4775	1325.5275	1419.755	1496.075	1751.855	2078.48	2204.0075	2430.3125	3162.3475	3779.175	4176.5275	4374.765	4169.0525	3950.9825
3619.2325	3239.3725	4057.375	5082.405	5425.8025	5794.8875	6082.65	6512.0575	6002.275	5271.13	5074.13	4273.66	3577.2275	3119.67	2980.88	3030.675	2724.995	2339.55	2475.44	2949.68	2714.4175	2243.33	1708.095	1087.895
797.9225	725.5975	585.98	739.675	1035.5075	932.0575	1044.7175	1504.8	1812.5975	1529.3625	1038.6525	1222.9175	1418.5625	1499.5225	1718.945	2463.39	2441.84	1661.5825	1373.9375	1284.51	1458.0075	1650.675	1586.7925	1464.015
1252.6375	1441.945	1589.0225	1821.29	2023.5275	2027.3375	2049.6025	2410.145	2101.205	1713.5475	1268.3325	924.72	927.265	1162.5	1348.6325	1222.1525	953.9725	891.1875	615.145	695.195	791.83	910.3025	932.0825	947.2475
764.1825	466.26	524.455	1810.3	4305.5825	5807.0625	6455	6709.9375	6780.805	6591.8625	6460.0375	6257.46	6204.99	6019.7075	5524.87	5268.385	6102.64	6644.33	6391.335	6283.965	6448.5025	6435.015	5669.5	4834.2625
4658.8125	4657.6075	4389.545	3894.4275	3663.3025	3350.6625	2994.4675	2898.77	2295.555	1157.8475	611.4775	439.7825	345.9	350.9275	508.8225	687.2775	854.2225	962.5375	1332.6375	2123.7525	3181.8825	4030.97	4612.935	4749.62
4758.5825	4681.685	4273.7275	3969.8525	3169.7525	2438.96	1773.87	1311.38	1041.57	658.1825	491.28	789.325	925.455	1396.76	2493.285	2747.5675	3103.015	3147.125	3406.5425	3735.5025	4251.1975	4446.3725	4467.195	4121.66
3534.8975	3128.7725	2417.815	1962.4125	1417.46	1252.8525	1571.18	1891.205	2265.0025	1990.58	2260.98	2702.3625	2964.5975	3027.565	3202.7925	3640.4175	4317.73	4390.4825	4057.635	3729.065	2970.19	2655.72	2580.8225	2243.4725
2063.89	2333.2325	2623.82	2513.67	2511.7275	2111.15	1809.2575	1943.505	1726.5325	1066.7225	654.6325	536.9875	496.9075	433.6075	414.0025	539.695	849.8975	1268.89	1912.18	2353.2825	2569.08	3030.67	3164.1125	2675.1775
2718.14	3263.4	3715.445	3661.275	3639.26	3437.895	2957.95	3229.475	3549.7575	3030.5375	1890.8775	1308.085	1303.6175	1272.77	1066.3575	984.5925	908.695	821.5125	794.605	839.4725	854.16	739.66	660.915	703.3575
738.3575	818.005	1126.09	1458.6125	1380.1625	1177.2425	1092.7975	1007.705	794.6475	426.555	288.325	346.2875	598.205	976.845	1212.3725	1394.28	2342.63	2742.345	3109.3625	3742.395	3748.0925	3528.67	3207.4575	3058.5975
3020.5375	3077.48	3139.625	3021.3375	2927.615	2848.9125	2890.2725	2687.4375	2299.9475	1318.2625	721.215	466.9275	395.81	262.03	192.25	173.7425	222.885	268.22	295.58	331.0075	445.5675	365.22	297.3725	292.9225
388.935	594.3075	1038.0225	1527.1275	2092.945	2462.24	2647.2	2748.165	2450.9875	1657.8625	1278.9975	1104.935	691.1375	358.6275	194.115	134.8925	128.1725	159.7925	249.9375	310.335	386.97	456.03	503.365	560.935
516.2525	471.45	412.485	382.6025	367.125	290.6375	195.95	140.8675	132.7625	73.77	95.4175	184.27	303.7075	302.08	245.34	149.51	133.4775	239.98	464.5625	611.275	860.405	1119.1525	1281.2125	1495.255
1687.8575	2351.1225	3207.85	3913.4575	3835.16	3812.455	4002.1775	4390.08	4203.4275	3644.715	3582.76	4101.2625	4332.045	4329.005	4412.4275	4747.56	5847.08	6257.7475	6207.9575	5367.99	5753.895	6172.34	6490.605	6445.4925
6552.0925	6403.6675	6263.0075	6091.1275	5769.35	5541.9625	5335.525	4967.3825	3875.85	3030.215	2743.795	2702.205	2547.6525	2637.0375	2852.1375	3429.8975	4659.635	5242.1	4831.735	5447.9675	5861.61	6038.865	5888.9475	6021.9125
5909.2575	5790.01	5586.35	5334.975	5053.535	4754.6	4554.715	4152.645	3320.635	1908.12	1131.695	886.8575	822.785	905.3625	983.19	1168.6225	1038.8225	673.11	664.72	763.9975	1003.1725	1469.1775	1804.1825	1991.0125
2192.055	2525.5625	2602.665	2581.1	2589.78	2583.0175	2631.615	2744.51	2627.7175	2202.375	1669.3125	1426.9675	1395.2025	1651.3225	1866.015	2090.2625	2915.025	3415.13	3665.4425	3895.2375	4026.0075	3865.0825	3635.305	3316.8625
2799.3875	2271.6825	1978.36	1475.1925	1131.21	828.6	638.0325	445.5475	272.2725	149.4025	90.2625	70.2275	79.3525	84.995	91.47	149.1725	264.255	630.685	1454.235	2513.175	3693.9375	4520.485	4937.7775	5351.28
5523.68	5713.8375	5591.355	5356.7275	5217.6075	5163.17	5314.715	5175.71	4461.2475	3614.145	2869.065	2164.3225	1510.595	1124.3125	978.16	1050.2175	1077.595	1057.835	1163.7975	1275.8725	1535.76	1777.2375	1805.6625	1949.6875
2155.77	2287.79	2042.005	1655.6575	1352.93	1235.3725	1135.4	949.5875	848.0625	757.295	632.995	861.1825	1205.32	2012.86	3479.6025	4277.63	4421.31	3845.275	3892.005	4849.8825	5951.05	6291.56	6516.8575	6473.3375
5462.3775	4575.8675	4483.9175	4074.915	4077.785	4102.7025	3965.9	3770.705	3425.88	2664.7075	2435.5325	2646.5725	2730.845	2957.355	2965.3175	3709.265	4982.395	5861.34	6139.695	6268.41	6337.2075	6765.14	6813.1225	6662.04
6000.5775	4953.04	4132.5425	3540.7425	3240.235	2747.0375	2470.2675	2259.145	1759.365	1272.4175	762.395	526.2725	395.73	244.8875	277.6075	467.1525	698.2925	938.2625	1488.5575	2270.555	3312.0275	3205.0575	2573.105	2599.6025
2927.55	3501.47	3727.0125	3683.7325	3485.9675	3600.3375	4036.2575	4074.06	4103.0225	3497.135	2914.215	2457.4575	2258.5	2304.2075	2627.0025	3192.54	3702.975	4386.205	5080.2925	5243.825	5279.7225	5222.5925	5128.53	4823.2525
4446.3925	3764.0975	3424.4975	3401.585	3270.1225	3183.22	3362.43	3455.21	3659.6525	3418.565	2873.67	2528.5775	2428.3275	2249.9525	2635.3175	3337.6325	3747.4825	3439.875	3380.725	3592.1525	3818.41	3533.875	2813.5725	2196.16
2051.57	2237.805	2206.8675	2405.005	2917.615	3707.0575	4472.45	5040.7	5042.91	4635.23	4094.68	3666.9075	3543.8	3183.03	3463.17	4286.7875	5515	5892.7025	5825.8025	5719.8175	5521.6575	5436.655	5557.435	5795.8675
5612.595	6040.4925	6499.7925	6608.6175	6501.235	6381.0875	6217.14	6077.285	5645.445	4574.5475	3762.87	3644.395	4449.1325	4719.765	5013.4325	5658.1325	6356.65	6183.49	4947.61	3964.75	2699.7525	1625.315	1025.0525	886.735
1090.28	1727.625	2330.345	2960.965	3517.9725	4500.405	5185.365	4915.2075	4968.24	4426.375	3623.0925	2589.155	1950.8775	1857.1625	2439.4675	2532.5625	2471.8225	2804.445	3488.17	4055.1525	4874.465	4912.815	4699.0025	5016.02
4800.0075	4460.64	4309.005	4242.4725	4173.8575	3740.4875	3159.2075	3061.2375	2527.465	1857.3925	1627.325	1571.4875	1543.56	1446.8675	1475.6725	1510.6275	1276.395	1195.6225	1575.095	1942.9425	2320.52	2411.5525	2427.5525	2212.7675
1949.795	1703.425	1514.3275	1229.79	1071.505	1080.485	1176.565	1056.75	1058.0975	755.9275	447.2475	488.2575	842.1775	1169.845	1841.205	2843	3162.58	2989.08	2980.3175	3263.725	3358.0525	2884.3825	2716.945	2370.6925
1843.4175	1331.6775	949.3875	619.1925	475.3975	457.8325	571.495	925.3975	1080.71	1035.115	950.5475	943.415	763.5625	522.1325	264.3325	154.9225	138.8925	249.1275	432.0075	660.235	953.895	1541.535	1896.74	1778.91
1443.8425	1334.05	1464.56	1880.6875	2246.2675	2362.02	2281.7375	2145.3075	1899.9075	1224.545	549.3325	215.6025	110.66	44.025	20.6175	18.58	28.3175	65.055	116.195	181.5925	342.355	529.0575	719.0225	1024.2925
1417.1375	1823.6775	2191.07	2072.2225	2182.55	2127.665	2053.39	1972.27	1950.8125	1767.4475	1060.625	646.78	562.87	597.5525	716.48	776.795	847.3775	1287.28	2058.6625	2916.05	3604.4425	4130.6125	4452.6525	4654.4675
4685.0175	4801.5275	5089.88	5296.8425	5426.9775	5441.0625	5338.475	5160.1	4647.9775	3834.215	3073.2675	2486.1175	2320.7175	2389.6925	2725.21	3027.235	3714.12	3629.81	3622.895	4190.82	4716.815	4907.42	4935.9275	4972.7275
4998.365	4968.92	4807.3975	4746.8775	4866.475	5003.9075	5054.2425	5360.4075	5362.81	4868.345	4415.385	4226.985	4611.2525	5075.2325	5585.875	5863.1925	6145.2175	6608.2675	6919.05	6968.5825	6702.57	6680.9275	6916.115	6684.385
6589.5325	6524.4375	6299.97	6151.1375	6040.7075	6016.87	5873.885	5944.6625	5950.16	5046.4375	4054.36	3805.105	4046.52	4223.8125	4606.2525	5063.6975	5184.58	5220.8325	5177.8575	5279.1975	5351.835	5356.8725	5714.665	6028.955
6422.1	6400.7525	6288.545	6245.745	6030.1525	5821.965	5910.68	6020.975	5683.7825	5187.2075	4547.4875	4138.15	4075.1875	4017.515	4604.6675	5093.4475	5352.4525	5471.62	5295.035	4662.5	4159.9825	4353.0275	4951.39	5364.1275
5406.8325	5250.4325	5078.385	5081.47	4853.615	4192.73	4206.77	4247.125	3771.595	3554.7525	2188.8675	1733.765	1553.3775	1065.4775	1181.99	859.7475	739.56	676.705	625.555	757.0925	795.33	1324.0225	2017.595	2551.105
3071.1675	3320.135	3337.91	3057.6075	2209.8175	2068.3725	2489.195	3308.2575	3621.7425	3266.9325	2082.49	1532.06	1084.165	836.375	943.895	1369.21	1809.835	2925.835	4183.3675	4470.865	4174.9375	3756.405	3706.8725	3539.2
3222.8425	3261.2425	4025.18	4472.545	4527.5675	4697.4175	4900.4725	5158.29	5128.215	4749.405	4313.225	3594.1125	2511.5075	1769.7075	1225.38	1009.0975	962.9175	1039.3925	1011.66	966.7375	1063.5675	1051.0025	1153.4975	1163.3125
1096.995	1409.315	1820.8825	2164.665	2229.1825	2202.665	2295.795	2513.22	2697.9675	1601.1225	788.685	578.635	535.0375	732.3725	939.5	655.43	675.0375	1048.12	1737.475	2212.025	2806.1475	3284.4	3508.455	3906.835
3866.015	4380.3725	4901.68	5057.9775	5189.56	5195.3175	4827.6575	4714.865	4771.59	4576.82	4425.2425	4154.5325	4121.76	4215.4375	4178.7875	4477.535	5391.4975	5763.825	6115.4575	6135.4	5864.785	5667.74	5881.2275	6273.845
6286.5975	6312.155	6215.7125	5611.695	4792.035	4245.1475	3775.89	3652.3775	3452.675	2974.4825	2580.2525	2571.625	2364.7975	2125.7675	1908.8575	1545.025	1439.0625	1163.995	922.14	772.925	753.2775	681.095	591.9225	620.0525
645.5025	690.1825	765.7525	854.87	1066.83	1157.785	1101.83	1138.685	1105.5	1147.1725	1018.985	1139.6075	1306.3575	1350.58	1398.9875	1516.365	1805.8725	2083.81	2085.855	1930.33	1870.4675	2006.5475	2215.11	2125.91
2124.7975	2302.85	2417.6375	2432.885	2448.165	2445.2475	2243.6225	2290.8	2268.49	2266.8425	2185.72	2156.1875	2303.84	1790.7425	1922.7875	2256.39	3856.17	2761.855	2672.5975	3061.22	3087.835	2987.89	3146.31	3391.8425
3365.105	2951.695	2591.57	2200.635	2093.14	1960.8725	1835.77	1609.0675	1410.8975	904.715	497.02	638.3225	737.97	816.0525	817.51	677.5	422.7725	274.4175	316.95	345.7075	353.055	386.9875	437.31	688.675
1171.0575	1634.7525	2162.2225	2475.9525	2746.8825	2801.99	2755.2875	2928.96	3162.495	3106.4675	2596.8875	2288.6475	1968.2725	1467.275	923.635	492.6175	389.29	363.3925	526.4375	575.42	677.8	857.895	1150.3875	1170.125
1274.995	1591.525	1538.06	1656.665	1832.3575	2003.475	2048.88	2170.0525	2154.075	1832.575	1425.2775	1341.26	1460.3825	1673.925	1853.5725	2383.5425	2974.92	3234.44	3367.0175	3534.835	4010.8325	4263.0375	3851.4775	3449.5975
3156.5425	2714.6125	2337.555	2165.145	2255.1075	2126.515	1891.875	1500.58	1469.3325	1035.2075	639.9125	586.53	638.795	806.625	832.7	754.7575	819.015	1050.885	1286.7475	1398.8925	1422.98	1293.185	1218.9675	1092.7075
1019.31	990.455	1020.195	1114.47	1151.3925	1121.225	1064.8725	959.055	879.2725	612.595	527.7075	727.495	1203.0875	1742.785	2550.2175	3408.535	4003.2325	4219.8	4662.3625	4849.7625	4923.395	4583.0125	4138.79	3420.8875
2737.63	2414.5875	2305.9	2031.0725	1860.7325	1900.985	1780.66	1528.02	1399.6575	1130.11	648.41	341.545	213.7975	169.5325	164.8125	169.6175	155.67	207.6325	329.3275	493.975	786.21	1126.0525	1601.9525	2344.66
2596.4575	2559.4375	2297.5225	2668.005	2979.5525	2911.7275	2455.4075	2132.7975	2134.4025	2212.5025	2102.255	1766.855	1444.5075	1392.615	1904.435	2425.615	2883.03	3265.875	3516.8325	3595.9175	3760.2875	3875.425	3964.5225	3804.82
3399.77	3196.585	3304.885	3100.3275	2786.0775	2518.98	2730.49	2729.7375	2604.2475	2472.975	1892.41	1869.01	1994	2334.24	2674.1675	2941.9875	2794.8725	2446.525	2555.905	2508.33	2615.505	2527.2775	2368.835	2085.175
1691.7075	1567.21	1795.5325	2232.0775	2702.7125	3005.7975	3133.5875	2850.3425	2316.01	1709.0575	964.5475	521.9425	325.56	277.7575	287.34	279.66	285.5975	422.945	668.6425	887.54	1029.5675	1217.215	1585.005	1960.885
2226.6825	2621.475	2974.735	2887.59	2917.0225	3284.415	3619.1575	4119.785	4549.59	4433.99	3770.725	3191.96	2333.21	1724.56	1355.18	1256.355	1071.15	920.27	1025.895	1589.055	2099.42	2341.805	2314.715	2847.42
3492.9825	3712.0775	3847.065	3362.74	3199.5925	3171.49	3194.865	2800.9575	2614.1125	1815.2175	892.155	389.8475	232.59	215.15	162.2425	142.7725	109.5475	92.59	102.14	146.685	244.13	445.07	891.2075	1671.4275
2260.6075	2725.3625	2874.03	3165.145	3487.8075	3861.0025	3910.045	3551.6375	3177.9	2156.3775	1421.4575	770.71	434.2675	273.795	220.1275	203.84	162.355	174.56	235.125	230.7975	244.5725	278.505	260.8875	238.04
256.9825	265.785	333.0625	403.1025	419.415	464.1975	608.035	821.245	927.7225	819.63	604.5875	523.545	335.1025	301.2075	253.5525	110.41	82.27	128.485	223.2325	464.84	920.5675	1193.985	1173.8925	1006.06
1294.1625	1574.1	1853.41	1977.8225	1807.2675	2042.035	2232.155	2515.855	2891.2	3136.2075	2677.96	2060.7725	1919.69	1489.8475	1169.7525	1359.895	1245.19	1239.2975	1997.1475	3328.2325	4512.69	5440.4625	5276.265	5358.4475
5612.3925	5202.1575	4829.5075	5259.765	5257.9675	6053.7525	6176.2975	6482.5625	6445.49	5710.89	4831.4025	4081.61	4140.3025	3560.185	3352.8425	3815.83	3487.585	2341.2125	2249.54	2401.0475	2414.0675	2248.6875	2095.885	2007.3625
1916.5375	1639.8125	2078.085	2379.9925	2395.6825	2312.0625	2458.5975	2987.0925	3490.52	3242.375	2418.605	1358.5875	1093.0675	870.3625	570.9075	797.645	801.2075	779.225	931.205	1207.4125	1579.6	1794.6425	1623.8025	1520.88
