0	0	0	0	0	0.06	7.33	13.4625	307.7125	1447.95	2890.1375	4140.815	4718.7675	4044.45	3003.2875	2178.13	954.7725	151.88	16.6125	14.9325	3.7025	0	0	0
0	0	0	0	0	0.0425	6.565	12.87	396.96	2418.615	5008.1825	6621.6325	7265.435	7104.815	6348.4325	4578.675	1902.285	242.655	22.8275	14.98	3.7525	0	0	0
0	0	0	0	0	0.0725	6.625	34.285	412.8525	2544.9025	5379.48	6849.7025	7456.425	7393.57	6657.65	4997.6925	2137.4725	288.99	51.0625	18.3775	3.9675	0	0	0
0	0	0	0	0	0.1275	6.9325	44.6225	385.59	2186.1125	4508.025	5536.0175	6202.4625	6521.91	5839.28	4469.3075	1900.34	276.075	48.4525	15.61	3.8725	0	0	0
0	0	0	0	0	0.215	6.955	44.0175	380.2625	2100.665	4848.0925	6315.965	7033.4275	7034.4075	6424.3125	4418.9925	1831.62	283.885	48.6875	15.375	3.8475	0	0	0
0	0	0	0	0	0.3475	6.755	43.625	459.335	2494.02	4771.455	5822.285	6236.84	6088.075	5804.895	4649.7325	2311.05	378.425	48.245	13.9875	3.4025	0	0	0
0	0	0	0	0	0.215	6.1375	43.7475	460.5425	2969.59	5895.675	7128.4375	7432.3725	7378.995	6880.4325	5599.6825	2496.7875	384.235	59.7425	13.74	3.4225	0	0	0
0	0	0	0	0	0.2775	6.1125	43.4075	497.23	2985.3225	5898.765	6926.9975	7262.6825	7250.6325	6733.27	5464.185	2491.995	381.2	47.67	14.37	3.56	0	0	0
0	0	0	0	0	0.2025	5.845	44.3175	431.58	2633.3525	5340.615	6706.99	7040.61	7053.1375	6155.5825	4440.9975	2245.2425	378.195	49.455	13.5075	3.375	0	0	0
0	0	0	0	0	0.12	5.82	43.2475	362.995	2004.69	4227.3425	5391.7125	5874.255	6098.21	5272.3475	3926.03	1871.855	328.47	51.1825	16.315	4.0725	0	0	0
0	0	0	0	0	1.765	8.0925	45.3525	272.135	1440.4625	3104.275	4372.175	5188.8925	5221.08	4613.905	3066.7125	1244.27	212.6575	48.02	14.3825	3.5575	0	0	0
0	0	0	0	0	0.16	6.01	43.9575	276.9125	1628.2625	3659.69	5320.03	6128.3325	6232.2475	5642.3675	4212.8125	1963.015	345.2775	48.6425	14.065	3.48	0	0	0
0	0	0	0	0	0.29	5.9575	43.335	69.0325	257.0575	533.4875	799.4125	892.7125	957.185	943.765	831.455	457.565	120.21	49.65	15.455	3.81	0	0	0
0	0	0	0	0	0.21	6.4	44.49	241.83	1278.4475	2747.225	3967.3575	4562.6425	4735.3	4225.985	2954.575	1328.71	233.51	48.855	15.0725	3.735	0	0	0
0	0	0	0	0	0.1125	6.3	44.4475	326.025	1946.255	4251.41	5197.955	5975.5525	6445.0375	6100.49	5253.1825	3064.27	546.8275	54.2775	20.5575	5.165	0	0	0
0	0	0	0	0	0.0975	6.7875	44.59	347.7625	1805.6725	3349.56	4568.325	4928.1775	4831.8225	3950.8325	2794.0825	1379.655	323.6775	48.695	14.0425	3.445	0	0	0
0	0	0	0	0	0.3475	6.8075	43.305	352.2325	1915.495	4233.1925	5672.2025	6149.29	6073.1425	5456.425	3978.905	2058.6175	499.6925	49.935	19.1525	4.4375	0	0	0
0	0	0	0	0	0.24	6.7875	27.185	547.4875	2982.16	5519.855	6655.17	6926.79	6264.5675	5903.92	4579.0575	2347.7475	460.415	20.72	14.715	3.575	0	0	0
0	0	0	0	0	0.385	6.945	12.54	438.1875	2725.4325	4924.535	5621.115	6305.0725	6132.305	5860.95	5031.9375	2911.5675	612.005	16.9075	14.89	3.67	0	0	0
0	0	0	0	0	0.215	6.665	12.1225	386.7625	2370.1	4617.4175	6106.8275	6815.86	6643.7325	5929.9475	5321.4225	3203.945	634.6775	27.875	17.9	4.44	0	0	0
0	0	0	0	0	0.145	6.6575	12.0975	370.285	2133.595	3258.75	4218.4975	4936.6125	4889.5325	4086.325	2965.9125	1807.6225	429.4975	17.2075	14.4675	3.58	0	0	0
0	0	0	0	0	0.36	7.6	12.9725	482.255	2761.405	4825.795	5838.3975	6824.19	6658.43	6471.15	5536.23	3253.8675	625.435	17.34	13.88	3.3575	0	0	0
0	0	0	0	0	0.2875	6.675	11.9875	346.7	2082.4775	3484.7775	3918.525	4048.6175	3649.93	3037.695	2756.095	2317.045	575.62	17.4975	13.8375	3.395	0	0	0
0	0	0	0	0	0.265	6.8775	12.2275	652.3725	3638.705	6348.64	7778.97	7921.6425	7657.505	6953.355	6375.2225	4210.1	805.745	17.88	13.2025	3.245	0	0	0
0	0	0	0	0	0.0825	6.6775	12.1775	424.8725	2528.28	4803.6625	6200.87	6464.985	6541.32	5718.8375	4518.175	2778.5475	648.6425	17.8975	13.7225	3.345	0	0	0
0	0	0	0	0	0.0975	6.745	12.28	183.6375	1028.03	2247.6975	3528.8325	5160.89	6165.895	5448.24	4938.575	3184.95	784.3225	22.305	14.7025	3.595	0	0	0
0	0	0	0	0	0.13	6.6125	14.735	750.675	3956.745	6785	8005.765	8338.1025	8202.7225	7784.1825	6923.9525	4545.78	1062.3925	35.39	20.275	5.07	0	0	0
0	0	0	0	0	0.1425	7.205	33.655	838.0425	4051.9375	6766.6625	7927.1875	8316.97	8309.095	7713.945	6289.8275	4249.9825	1039.175	55.3325	18.91	4.7125	0	0	0
0	0	0	0	0	3.415	11.79	47.4825	874.825	4371.435	6902.4975	8091.0025	8407.0225	8346.175	7830.345	6882.5	4627.0525	1200.505	60.92	18.8875	4.6975	0	0	0
0	0	0	0	0	3.0825	11.215	48.48	840.355	4185.1675	6655.415	7868.145	8298.3875	8312.1875	7799.54	6575.84	4347.27	1108.075	30.35	17.265	4.3025	0	0	0
0	0	0	0	0	2.97	10.7975	16.2775	785.97	3983.25	5705.825	6721.635	7859.2925	7808.5475	7149.545	5704.17	3386.4925	890.785	34.34	18.2475	4.53	0	0	0
0	0	0	0	0	3.2075	11.12	15.74	647.885	2740.9575	4864.7625	5631.745	6065.805	5821.095	5024.325	3292.235	1443.745	327.74	18.3325	17.5075	4.2775	0	0	0
0	0	0	0	0	3.1975	10.78	14.7325	206.68	1244.3925	2848.57	4041.2625	4884.8675	5489.0025	5657.415	4569.045	2546.6225	722.875	32.595	13.6775	3.435	0	0	0
0	0	0	0	0	0.13	7.2725	12.3575	663.4175	3218.99	5714.135	7285.745	7865.5775	7994.4675	7520.3	6270.015	4138.9875	1167.2925	34.2875	17.64	4.365	0	0	0
0	0	0	0	0	0.1225	10.15	20.7975	867.5925	3649.4725	5688.535	6848.055	7075.555	7149.975	6905.11	6047.875	4070.4125	1172.04	41.645	20.2	4.55	0	0	0
0	0	0	0	0	0.34	10.4325	19.3525	693.37	2967.0175	5058.1075	6248.155	6335.02	6174.98	5711.1375	4839.3725	3397.635	1095.5025	46.1675	17.61	4.4125	0	0	0
0	0	0	0	0	0.0725	9.96	16.29	683.125	2973.36	5177.2325	6544.725	7310.4775	7508.0575	7000.6175	5721.315	3468.765	1029.6825	40.0425	19.855	4.6075	0	0	0
0	0	0	0	0	0.255	10.2	18.385	829.9325	3292.6275	5061.59	5934.225	6401.325	6231.9625	5861.6225	4934.53	2981.175	906.35	31.965	17.9675	4.4775	0	0	0
0	0	0	0	0	0.33	10.2775	15.985	413.435	1508.8925	2272.7125	2625.1725	2575.0925	2301.6875	1519.98	905.975	460.1075	123.0675	18.1075	17.6125	4.3725	0	0	0
0	0	0	0	0	0.0775	10.1375	15.0375	192.1175	898.715	2168.7625	3465.2175	4529.15	5446.61	5920.77	5403.675	3734.24	1245.7325	58.2025	17.495	4.3925	0	0	0
0	0	0	0	0	0.07	10.28	16.5225	386.895	1507.6475	2985.4875	4104.62	4598.335	4639.375	3923.385	2998.6575	2122.855	757.53	53.8675	19.82	4.52	0	0	0
0	0	0	0	0	0.0875	10.1975	17.4	235.5525	790.1125	1324.5925	1792.0975	1879.83	1756.2075	1751.455	1332.8025	667.1175	145.3675	18.5475	17.38	4.4275	0	0	0
0	0	0	0	0	0.0875	9.9825	15.0925	29.02	161.37	389.9525	629.455	800.27	776.57	799.705	716.035	495.4525	168.615	19.525	17.6225	4.435	0	0	0
0	0	0	0	0	0.125	10.2875	20.6125	348.61	1181.2175	2056.0375	2846.0775	3422.6775	3388.1675	2423.4875	1618.865	1068.83	424.7775	30.35	18.945	4.7075	0	0	0
0	0	0	0	0	0.0775	11.2575	24.3	608.835	2160.9325	4265.6675	6288.32	7133.3175	7389.5025	7088.335	6064.98	4307.635	1626.93	104.7925	18.1225	4.5575	0	0	0
0	0	0	0	0	0.175	10.755	33.625	950.1925	2962.105	4683.015	5981.395	6595.6375	6824.0775	6193.62	5045.7475	3580.7	1389.36	100.1175	35.435	8.74	0	0	0
0	0	0	0	0	0.055	10.295	30.4175	880.67	2914.6775	4572.96	5939.695	6549.7675	6806.46	6424.765	5881.0725	4241.825	1666.5225	96	22.1925	5.5725	0	0	0
0	0	0	0	0	0.1975	10.5325	43.115	814.7725	2281.0125	3519.105	4255.715	4599.7425	4504.19	3832.35	3045.4575	1838.59	673.6525	56.4775	18.16	4.44	0	0	0
0	0	0	0	0	0.085	9.9825	23.5775	710.9675	2522.765	4200.735	5022.945	4989.67	4916.99	5406.835	4859.79	3792.3025	1854.1375	147.2925	18.5525	4.6125	0	0	0
0	0	0	0	0	0.3275	10.56	73.5425	2134.64	5608.905	7679.1775	8554.9525	8845.2625	8742.545	8009.2425	6799.005	4996.555	2216.2375	152.4125	19.2025	4.7825	0	0	0
0	0	0	0	0	0.435	11.175	84.77	1870.1775	4533.4	6206.73	6093.9675	5848.88	4840.51	4392.285	3312.8575	1742.775	682.425	68.0075	18.465	4.59	0	0	0
0	0	0	0	0	0.1725	10.3675	25.5775	446.305	1185.74	1479.3875	1526.25	1768.1025	1911.7075	1647.615	1314.995	1068.575	433.875	53.7875	24.9725	6.21	0	0	0
0	0	0	0	0	0.215	6.74	20.0875	581.13	2196.33	3914.7725	4963.6325	5743.7125	5825.9725	5500.72	4753.2225	3270.9775	1241.2	98.3775	15.835	3.9275	0	0	0
0	0	0	0	0	0.07	6.865	41.19	731.7925	2205.965	3742.9425	5236.5575	5544.745	5887.9125	5762.0225	4891.2775	3551.855	1410.91	143.5375	18.04	3.4625	0	0	0
0	0	0	0	0	0.2	6.9825	61.84	1118.72	3518.65	6053.535	7900.02	8048.43	7470.835	7140.7625	6366.0325	4738.1375	2188.7775	244.0225	38.47	9.615	0	0	0
0	0	0	0	0	19.08	32.1025	127.345	1850.3375	4324.6025	6022.2825	6717.665	7130.6025	7333.7125	7070.825	6129.3775	4508.2825	1940.4275	218.9175	46.22	11.13	0	0	0
0	0	0	0	0	23.35	37.615	101.795	1163.6675	2822.925	4400.875	5532.5125	6019.7625	6100.0275	5774.8825	4864.8225	3446.3875	1662.4525	207.1875	45.3075	11.23	0	0	0
0	0	0	0	0	19.065	32.3475	140.13	1418.8225	3615.2775	5345.565	6427.03	6730.2075	6772.38	5885.29	4439.965	2666.2075	1004.1525	123.2	46.2275	11.4125	0	0	0
0	0	0	0	0	24.26	38.6475	149.2675	1635.155	4006.37	5960.23	7012.905	7531.435	7417.3475	6905.785	6196.5625	4181.3275	1818.6825	189.3125	41.3475	10.265	0	0	0
0	0	0	0	0	18.985	31.595	188.4675	1944.0225	4449.73	6423.7875	7582.18	7998.1725	7954.51	7676.855	6921.845	5061.06	2443.4225	322.2175	52.6275	12.9875	0	0	0
0	0	0	0	0	19.205	31.6875	227.55	2146.9325	4722.3425	6883.71	7899.3275	8170.7975	7993.9125	7027.9925	4822.685	3282.345	1388.8025	206.955	15.005	3.6125	0	0	0
0	0	0	0	0	0.09	5.71	198.7975	2312.61	5347.6125	7479.955	8565.5775	8121.365	7601.335	6877.725	7139.3075	5532.035	2582.66	325.7175	21.5125	5.3425	0	0	0
0	0	0	0	0	0.1725	6.075	236.0325	2495.6725	5498.3575	7536.655	8322.625	8539.215	8805.0375	8515.7825	7416.8775	5442.4625	2559.4975	337.255	16.465	4.1025	0	0	0
0	0	0	0	0	0.2225	6.385	250.7575	2491.5825	5503.725	7565.0675	8584.5225	8607.1525	8447.6625	8439.3025	7457.715	5453.245	2573.2375	356.0575	20.49	5.3175	0	0	0
0	0	0	0	0	0.545	6.61	247.6775	2283.1025	5053.505	7054.89	8193.4425	8201.8875	7902.245	8067.4375	7128.9325	5149.27	2504.4175	389.1775	52.4975	13.1025	0	0	0
0	0	0	0	0	24.7575	38.37	326.895	2488.4375	5278.88	7195.965	7883.405	6828.5325	6170.15	5758.9575	4740.71	2970.3775	1367.8525	201.2425	15.5825	3.85	0	0	0
0	0	0	0	0	0.235	6.2725	322.015	2596.11	5324.435	6634.2875	6700.5575	5847.325	5631.8075	5039.495	4260.59	3802.375	2152.125	363.4975	20.685	5.17	0	0	0
0	0	0	0	0	0.2725	6.535	374.8725	2877.3925	5809.525	7723.8675	8650.32	8305.0375	7370.675	7393.9	7303.85	5586.8625	2732.0925	411.4325	40.5725	10.135	0	0	0
0	0	0	0	0	19.0275	31.485	278.6825	2073.4775	4694.7625	6903.4625	8141.8775	8530.805	8160.2475	7221.9125	5597.865	3669.8	1540.31	254.975	40.87	10.2025	0	0	0
0	0	0	0	0	19.2575	31.36	165.4475	938.9425	1729.98	3163.0725	4462.625	4861.21	4537.3275	4126.695	3184.645	2240.4675	988.155	229.7125	44.0675	10.89	0	0	0
0	0	0	0	0	19.055	31.4525	509.895	3156.68	6191.71	8104.6625	8978.635	9304.24	8800.0325	8966.7325	8021.6725	6164.12	3225.72	568.2425	44.0175	10.9075	0	0	0
0	0	0	0	0	19.4625	32.1425	519.155	2773.5475	5348.66	7573.8025	8750.165	9018.64	8352.8225	8549.28	7679.295	5775.0225	2920.12	514.2325	40.62	10.1525	0	0	0
0	0	0	0	0	19.205	31.58	484.395	2482.925	4475.5475	5723.955	6438.1475	6321.1025	5855.2875	5684.985	5439.76	4047.8125	1757.45	340.3675	43.655	10.865	0	0	0
0	0	0	0	0	19.1975	31.675	428.505	2457.29	5003.965	6649.3375	7343.1575	7871.365	7439.1225	7006.945	5889.6825	3348.5475	1393.0525	256.8325	42.2775	10.545	0	0	0
0	0	0	0	0	18.975	31.3775	174.615	1060.7675	2733.465	3836.58	4151.1575	4295.64	4293.015	4240.31	3821.205	2572.11	1217.5675	186.1175	17.3525	4.0375	0	0	0
0	0	0	0	0	0.4825	6.2825	192.1875	1164.0475	2354.015	3442.7675	4643.0375	5738.795	6562.815	6407.5275	5076.4325	3322.765	1581.4575	291.96	21.43	5.3	0	0	0
0	0	0	0	0	0.4425	5.8375	339.8275	1874.295	3895.525	5238.805	5813.1475	5414.2875	4979.495	4787.3	4034.5975	2806.2125	1467.655	266.655	15.33	3.9225	0	0	0
0	0	0	0	0	0.485	5.815	345.3725	1981.455	3839.645	5193.3775	6251.955	6811.8875	6769.8875	6648.6175	5579.6375	4112.665	2125.185	397.89	15.2425	3.7025	0	0	0
0	0	0	0	0	0.685	6.015	250.9475	1360.1625	3006.275	4599.24	6307.64	7153.6125	7566.175	7382.2025	6309.47	4650.1725	2431.24	476.0975	15.655	3.93	0	0	0
0	0	0	0	0	0.74	6.3825	420.1975	1833.035	3567.3175	4741.0475	5324.8925	5035.0275	4701.1525	4439.105	3611.04	2444.4525	1046.16	165.6225	14.7775	3.6375	0	0	0
0	0	0	0	0	0.3525	5.825	349.665	1364.2475	2436.7475	3905.275	4918.7875	5329.3675	5025.525	4382.6675	3676.125	2334.3675	1115.115	250.0275	20.4425	4.3875	0	0	0
0	0	0	0	0	0.4	5.6925	173.9025	741.605	1619.48	2672.1475	3363.5625	3262.8425	2970.7425	2808.365	2428.7575	1751.3725	893.815	241.51	16.8925	4.09	0	0	0
0	0	0	0	0	1.87	7.95	250.595	1346.03	2833.075	3313.465	3561.1225	4168.3825	4408.9	3393.435	2507.725	1611.015	812.045	165.4125	17.45	4.3575	0	0	0
0	0	0	0	0	2.785	7.435	545.9825	2379.2125	4838.375	6236.18	7310.775	7988.3975	8269.865	8115.4475	7056.5375	5127.3775	2734.98	601.4575	17.7775	4.0625	0	0	0
0	0	0	0	0	0.54	7.845	633.975	2513.64	4529.2225	6090.3225	7051.78	7720.1125	7660.8125	7221.065	6386.9375	4930.58	2713.31	626.1125	18.0675	4.285	0	0	0
0	0	0	0	0	0.42	12.4725	925.685	3646.915	6416.245	8172.565	9088.005	9372.115	8486.97	8816.2575	7777.0875	5837.715	3019.9075	637.2775	17.345	4.155	0	0	0
0	0	0	0	0	0.6975	12.7275	853.8525	3258.43	5834.44	7585.18	8630.6575	8578.0675	7305.8275	6370.445	5324.0975	3865.4625	2338.295	597.66	23.705	5.67	0	0	0
0	0	0	0	0	0.5325	19.71	959.895	3522.6475	6219.9175	7905.8025	8608.4475	8856.32	8376.225	8166.9725	7298.28	5407.245	2833.02	675.0525	19.5975	4.49	0	0	0
0	0	0	0	0	0.5125	26.985	950.405	3239.1025	5480.595	7045.7925	7760.53	7253.1875	6570.1125	6445.97	4934	3169.575	1482.8675	423.0675	18.9075	4.475	0	0	0
0	0	0	0	0	0.5575	12.58	701.69	2524.9525	4768.5125	6497.5075	7691.0125	7286.4075	7196.865	6200.115	5436.015	3911.4025	2514.025	564.4875	21.445	4.165	0	0	0
0	0	0	0	0	0.45	29.3925	988.5675	3176.1225	5246.5075	6821.23	7481.0125	7470.755	7271.9625	6700.77	5938.4475	4332.2125	2431.3375	677.3275	18.0925	3.72	0	0	0
0	0	0	0	0	0.175	7.1575	299.905	932.905	1388.6625	1422.39	1583.24	1638.3675	1361.5025	664.9575	448.8975	418.0275	243.1475	81.755	14.46	3.4075	0	0	0
0	0	0	0	0	0.3675	5.8325	83.0225	324.7175	676.675	902.505	1164.97	1417.8675	1264.0775	1249.3175	1043.075	734.43	413.51	120.15	27.32	6.5475	0	0	0
0	0	0	0	0	10.32	20.745	222.195	706.155	1338.67	2090.78	2393.42	2941.3375	3341.6325	2766.23	1923.345	1284.79	702.655	167.0475	27.945	6.94	0	0	0
0	0	0	0	0	10.3575	26.5125	400.875	988.1975	1655.6975	2191.82	2782.6	2570.7825	2686.1075	2479.26	1917.435	1013.7625	451.6275	141.0675	16.1025	3.8775	0	0	0
0	0	0	0	0	2.0075	60.7425	1112.9525	3538.03	6435.08	7767.2425	8276.2525	8494.1425	8102.65	7403.6225	6585.17	5386.0425	2923.425	812.5825	28.9025	3.2575	0	0	0
0	0	0	0	0	0.1075	55.495	1171.4225	3518.12	5283.4775	6131.6675	6844.64	6875.0175	7011.52	8042.165	7469.955	5888.8125	3107.21	773.825	48.73	9.54	0	0	0
0	0	0	0	0	0.105	77.0475	1235.085	3607.505	5890.8775	7044.5225	7571.1175	7620.8225	7813.9275	8109.7375	7382.9975	5709.8125	3103.6575	808.8825	53.445	9.6	0	0	0
0	0	0	0	0	0.8025	101.98	1318.2	3536.0575	5743.3175	7050.6825	7124.55	6785.84	6387.16	6006.91	5062.915	3760.0225	2350.0625	796.41	60.035	10.3825	0	0	0
0	0	0	0	0	0.105	84.1275	1110.9925	3204.8125	5254.48	6111.8225	7016.57	7104.775	6591.13	6403.2	5088.965	3653.79	2036.5925	619.8175	38.43	6.6725	0	0	0
0	0	0	0	0	0.1075	43.8675	847.21	2742.96	4988.175	6856.065	7539.65	7520.98	7575.0025	7469.165	6703.6875	5001.725	2656.76	760.41	41.4625	6.335	0	0	0
0	0	0	0	0	0.165	94.53	1004.7575	2682.175	4434.11	5698.89	6750.7075	6544.125	6833.83	6668.61	5333.305	3719.0925	2256.7375	664.47	40.8325	7.035	0	0	0
0	0	0	0	0	0.045	50.71	597.0475	1602.15	2593.5575	3000.57	3197.8875	3559.3025	3609.7025	3053.2275	2739.375	2432.155	1634.655	490.4775	29.7075	6.2275	0	0	0
0	0	0	0	0	0.1325	63.5575	634.49	1708.825	3279.4175	5337.965	6814.92	7421.8475	7098.23	6456.2075	5871.45	4951.4475	3083.3	920.22	54.015	6.7875	0	0	0
0	0	0	0	0	0.045	142.7875	1420.3525	3140.33	5275.4	6866.82	6841.42	7095.625	6827.865	6660.085	5665.1525	4166.7475	2438.32	777.9975	56.73	6.1975	0	0	0
0	0	0	0	0	0.04	151.63	1340.05	3648.6325	5914.2375	7136.71	7255.5125	6250.5625	6017.0125	6789.285	7060.6725	5462.1275	3016.57	890.305	61.3675	8.1075	0	0	0
0	0	0	0	0	0.1175	143.4175	1339.3575	3065.8725	4293.88	5005.7925	5232.38	4900.4375	5033.74	4684.3525	3736.8175	3089.67	2014.34	805.085	59.91	6.8225	0	0	0
0	0	0	0	0	0.345	170.3	1389.745	3371.995	5284.6725	6900.2325	7797.69	8095.9975	7926.54	7512.08	6625.23	4982.595	2699.0225	866.3925	70.3575	7.625	0	0	0
0	0	0	0	0	0.5325	173.405	1408.705	3466.6325	5398.6975	6484.475	7180.76	7430.13	7195.0825	6473.8525	5236.775	3825.89	2083.545	621.125	47.1925	7.6275	0	0	0
0	0	0	0	0	1.2625	111.5175	876.45	2164.55	3455.205	4257.585	4556.105	4594.595	4479.0275	3681.4825	2522.1025	1542.7725	804.2375	241.0025	33.665	7.6875	0	0	0
0	0	0	0	0	3.5775	18.33	88.0025	303.1725	648.555	1050.155	1348.17	1432.4025	1648.1875	1379.83	1031.525	682.83	431.0575	186.18	30.8125	6.675	0	0	0
0	0	0	0	0	3.165	36.5225	335.1275	964.85	1653.2175	1879.49	1987.175	2261.945	2485.045	2388.5125	2281.2125	1925.4325	1010.76	314.2625	33.1125	6.725	0	0	0
0	0	0	0	0	1.1125	26.965	258.4475	812.455	1347.93	1640.0075	1746.045	1809.9775	1714.28	1584.1725	1471.8325	1079.835	586.7375	229.5725	34.0925	6.49	0	0	0
0	0	0	0	0	0.945	100.6725	607.8875	1281.1075	1759.465	2354.9225	2785.3525	2763.0225	2620.895	2184.65	1835.14	1453.92	1011.9725	452.4125	39.5825	5.4775	0	0	0
0	0	0	0	0	0.98	253.94	1765.0925	4378.63	6660.16	7949.5775	8519.04	8209.405	7801.59	7684.2925	6776.9625	5274.215	3196.515	1072.42	115.97	10.2725	0	0	0
0	0	0	0	0	1.0425	279.2175	1733.045	4013.9225	5879.3525	7348.245	8044.315	7791.165	7419.39	7254.6625	5758.3875	4615.8775	3076.7825	1035.8625	90.7825	5.595	0	0	0
0	0	0	0	0	0.0875	175.435	1319.7325	3087.0575	4823.0875	5979.185	6372.63	6172.5175	5354.0175	4507.1575	3651.7425	2510.1	1151.6475	408.365	41.975	5.3425	0	0	0
0	0	0	0	0	0.2975	193.8275	877.4825	1788.8075	2713.0925	4165.6475	5440.5975	5497.88	5221.9	5260.015	4597.8525	3482.25	2351.2675	970.4625	108.56	5.9575	0	0	0
0	0	0	0	0	0.2675	319.2975	2051.31	5005.6425	7326.635	8613.185	8723.5825	8129.775	7972.41	7955.3075	7424.9775	6071.4575	3606.8325	1139.5275	119.3275	6.2275	0	0	0
0	0	0	0	0	0.1725	324.655	2027.22	4902.5875	7292.6275	8706.0425	9386.305	9371.3775	9449.1375	9016.3075	7983.8575	6267.49	3607.53	1113.325	110.46	6.5	0	0	0
0	0	0	0	0	0.32	330.255	1887.46	3614.6575	4933.2575	5606.8725	5597.865	5641.3375	5308.545	4931.6425	3443.855	2186.2725	1304.975	556.36	86.93	5.7525	0	0	0
0	0	0	0	0	0.1925	318.5425	1811.8475	4143.8525	6382.76	7021.715	6697.405	6645.1925	6748.645	6523.965	5985.3325	4349.8425	2410.63	888.7925	90.565	5.65	0	0	0
0	0	0	0	0	0.36	317.045	1579.1175	3378.325	4816.9175	5718.2825	5975.6	5447.0475	5108.295	4237.14	2794.425	1488.1925	770.235	335.49	47.7425	4.845	0	0	0
0	0	0	0	0	0.18	77.72	391.8475	721.9975	1164.3475	1578.045	2048.155	2351.8425	1820.7075	1676.5525	1553.75	1249.2825	801.455	310.575	47.6	4.365	0	0	0
0	0	0	0	0	0.315	314.025	1501.315	2649.755	4113.9425	4923.78	5017.9075	4884.73	4076.0875	2737.2725	1796.57	1069.595	530.875	162.3225	25.065	5.1125	0	0	0
0	0	0	0	0	0.715	46.4525	298.9725	749.8575	1162.48	1644.54	2132.4225	2389.9075	2699.71	2310.405	2099.1925	1450.0575	1018.5425	453.295	65.945	4.9975	0	0	0
0	0	0	0	0	1.54	290.6775	1227.7725	2764.58	4229.36	5421.4025	5867.73	5469.735	4837.62	4291.5425	3276.885	2616.8125	1556.65	666.6175	102.28	5.1675	0	0	0
0	0	0	0	0	0.565	340.75	1515.7125	3536.3025	5653.035	6476.3725	6119.925	6362.93	6419.8275	5990.38	5179.8475	3261.0425	1980.9925	769.7975	90.875	5.3425	0	0	0
0	0	0	0	0	0.4675	237.585	916.855	1580.6875	1778.3	2138.1325	2187.2375	2158.98	2620.765	2419.7225	1797.0025	1162.6875	805.7475	322.22	38.29	4.945	0	0	0
0	0	0	0	0	0.575	221.27	997.615	1845.4775	2600.225	3240.295	3770.5475	4041.53	4133.9025	3694.18	2972.7175	1922.9425	1160.76	540.6475	77.79	5.655	0	0	0
0	0	0	0	0	3.9925	425.8325	1632.5775	3763.515	6005.9775	7139.5075	7258.6975	6934.7575	6227.6225	6468.5725	6401.685	5113.1575	3078.6375	1192.295	171.5325	4.7225	0	0	0
0	0	0	0	0	3.6775	497.8275	1892.8775	3800.9775	5396.9275	6344.145	7289.6925	6991.1225	6735.045	6756.035	6156.11	4977.9525	3276.5725	1188.11	179.4975	5.0025	0	0	0
0	0	0	0	0	4.6425	462.92	2075.4725	4469.18	6211.73	7928.67	8670.2875	8477.365	7896.56	6939.1175	6166.93	5015.0725	2978.7825	1161.7525	171.3375	4.955	0	0	0
0	0	0	0	0	4.2925	511.19	2061.82	4387.44	6562.19	7772.97	8362.6625	8169.885	7680.3975	7111.5475	6347.0675	5196.9525	3272.155	1203.7175	192.5675	4.75	0	0	0
0	0	0	0	0	5.1025	495.4475	2079.515	4339.6675	6235.9675	7339.9425	7925.2775	8180.5675	8045.2875	6915.0675	5263.79	3994.09	2673.1125	1097.03	183.325	5.1375	0	0	0
0	0	0	0	0	6.0475	494.175	1920.375	4091.8425	5951.8075	7295.36	7986.71	8218.5925	7907.3825	7463.21	6593.0425	5013.655	3006.135	1189.3625	137.215	4.6925	0	0	0
0	0	0	0	0	6.075	475.705	1800.6	3286.1125	4864.3825	5919.435	6611.74	6728.595	6540.6275	5827.575	4590.045	3338.14	1920.6	901.825	174.405	5.9075	0	0	0
0	0	0	0	0	10.7775	486.1825	2140.5525	4775.245	6972.13	8176.715	8887.1425	9127.895	8440.3625	7641.815	6488.0825	4740.8975	2563.385	1060.5175	219.555	4.73	0	0	0
0	0	0	0	0	11.115	545.9525	2052.0675	4435.7375	6525.7325	7681.855	8495.8325	8751.8375	8168.1375	7859.0925	6889.5	5356.1275	3069.6475	1280.11	204.92	5.035	0	0	0
0	0	0	0	0	9.375	533.465	1987.5575	4002.255	5704.865	7213.63	7827.1825	7903	7900.595	7240.73	6485.1225	4864.8825	2865.6325	1218.5575	236.9	14.97	0	0	0
0	0	0	0	0	1.115	121.46	477.4925	917.8075	1492.3825	1740.65	1899.575	2267.14	2509.605	3244.73	3189.6575	3142.415	2254.245	935.5925	213.785	3.845	0	0	0
0	0	0	0	0	19.1075	611.4525	2353.32	4903.18	7078.84	8373.2725	8959.855	8910.6025	7136.535	6922.0225	7393.575	6197.0225	3697.935	1442.635	306.1225	13.945	0	0	0
0	0	0	0	0	41.2775	735.7	2260.205	4278.2275	4922.8	5297.4475	5363.455	5256.565	4624.52	4195.515	3694.33	3171.1725	2363.5525	1148.2125	234.4475	5.0175	0	0	0
0	0	0	0	0	18.0125	625.76	2079.5575	3816.72	4929.715	5817.9525	6026.7225	5088.77	5286.49	5625.71	4723.0125	3989.29	2731.7425	1152.89	186.33	5.1775	0	0	0
0	0	0	0	0	8.395	307.845	1065.975	2157.045	3416.215	4309.735	4932.57	5269.67	6270.505	6159.5275	5359.7625	3623.6275	1886.5825	752.475	126.4625	6.1125	0	0	0
0	0	0	0	0	8.83	272.71	918.1	1790.17	2362.1825	2973.895	3532.4825	3017.295	2701.72	2651.5825	2589.3975	1956.0875	854.565	291.2875	49.9475	6.1725	0	0	0
0	0	0	0	0	3.9625	101.035	349.68	899.6675	1185.6	1511.5175	1683.7525	1768.4425	1825.5975	1735.4675	1565.59	1496.7575	1105.005	541.13	124.135	5.8025	0	0	0
0	0	0	0	0	10.8925	220.4275	820.56	1535.3	2057.86	2792.5475	3265.3525	3533.5675	3625.3125	2874.6825	2402.4	1631.385	1041.17	456.0025	66.235	5.8775	0	0	0
0	0	0	0	0	5.685	163.7175	500.91	965.1025	1285.5375	1605.4	1764.51	2093.7725	2233.94	2161.035	1674.29	1354.8675	724.835	365.425	74.8375	5.3875	0	0	0
0	0	0	0	0	12.205	337.605	1354.16	2798.855	4338.4225	6362.705	7155.4375	7065.9775	7439.15	7041.1875	6457.6325	5078.225	3210.7925	1265.7275	278.19	6.22	0	0	0
0	0	0	0	0	10.8475	228.1925	411.0425	671.4025	793.4325	1160.3525	1470.37	1754.8325	2478.5875	3255.9925	3553.8675	3265.4625	2346.42	1040.5575	253.46	6.27	0	0	0
0	0	0	0	0	32.4675	688.9175	2156.42	4382.285	6193.51	7583.3475	8440.265	8451.4125	8292.3875	7756.6075	6604.555	4770.295	2694.995	1127.905	236.9175	6.625	0	0	0
0	0	0	0	0	22.3375	322.965	1125.5525	2298.9025	3175.3925	4159.92	5271.12	5775.985	5388.4775	4355.9575	3676.2575	2538.1825	1827.9025	893.7025	241.0575	7.055	0	0	0
0	0	0	0	0	21.8225	389.2775	1164.915	2425.605	3462.2575	4107.4625	4607.13	4792.595	4954.225	4525.91	4028.36	3093.2775	1906.035	868.645	203.435	7.025	0	0	0
0	0	0	0	0	21.64	323.3825	1030.4325	1834.755	2651.285	3440.37	3970.0025	4822.7	4983.52	5400.935	5157.3825	4330.0125	2926.4775	1309.005	294.165	7.1025	0	0	0
0	0	0	0	0	29.445	521.3675	1749.3575	3527.2375	5583.315	7151.0825	8006.375	8772.0775	8307.715	7949.1475	7133.2575	5623.2925	3572.0225	1499.955	337.71	8.1525	0	0	0
0	0	0	0	0	38.2525	652.65	2334.46	4721.04	6628.4575	8369.91	8828.9075	8763.32	8210.905	7526.7125	6043.9975	4323.67	2525.0625	1253.2	360.8225	7.63	0	0	0
0	0	0	0	0	22.06	491.095	1708.7175	3380.9025	5217.4175	6761.8775	7827.85	7144.3875	7074.8575	6756.7775	6066.715	4978.1	3310.43	1527.0125	376.72	8.08	0	0	0
0	0	0	0	0	33.765	602.6525	2397.5825	5186.4525	7384.165	8651.375	9149.1975	8962.315	8692.735	8813.5225	7832.7525	6296.6625	4082.76	1576.8325	349.8925	9.4025	0	0	0
0	0	0	0	0	34.2375	636.8325	2374.09	5106.555	7095.9575	8472.6025	8713.8575	8371.175	7888.2475	7437.725	6423.02	5016.305	3379.8825	1565.2125	377.59	6.505	0	0	0
0	0	0	0	0	32.035	599.5775	2372.5875	5105.7225	7421.1675	8886.0325	9638.4125	9833.28	9786.2925	8827.2875	7597.15	5583.29	3504.335	1343.945	276.7775	7.95	0	0	0
0	0	0	0	0	39.845	668.84	2086.54	4313.0725	5946.965	7275.4875	8565.42	9057.995	8699.5275	7746.69	6555.7325	4502.125	2708.8925	1315.255	398.8725	9.9375	0	0	0
0	0	0	0	0	31.9225	564.18	2111.1825	4249.6	6105.18	7275.425	7689.9025	7432.6175	7071.2675	6527.1875	5511.38	4405.245	2924.69	1429.8325	367.8775	8.495	0	0	0
0	0	0	0	0	29.075	569.5125	2239.1425	4863.365	7208.52	8757.3375	9166.5075	8849.9925	8517.885	8059.365	7443.2875	5986.9475	3854.06	1604.1275	362.22	9.89	0	0	0
0	0	0	0	0	30.86	577.685	2291.745	4942.25	7225.86	8597.885	9484.94	9742.875	9685.9925	9278.5125	8314.785	6599.36	4100.255	1622.02	395.7575	10.1825	0	0	0
0	0	0	0	0	40.6125	631.3675	2234.73	4651.65	6618.38	7849.1075	8137.75	8272.3	8010.795	7484.1425	6759.4775	5282.7925	3334.61	1544.44	401.96	12.3075	0	0	0
0	0	0	0	0	22.99	481.5	1858.9475	3940.515	5462.5225	6286.13	6636.905	6265.6	5378.795	4895.1875	4152.2825	3254.9075	2084.025	877.9675	238.35	11	0	0	0
0	0	0	0	0	13.6075	247.365	870.0025	1658.5725	2329.4	2795.015	3339.1125	3552.8875	3245.8525	3262.33	2786.56	2051.205	1428.715	740.8475	193.365	9.205	0	0	0
0	0	0	0	0	16.425	211.055	566.8725	979.84	1300.9875	1866.545	2403.8175	2572.9	2487.5675	2391.3725	2348.55	2286.43	1666.24	925.0475	299.375	11.2375	0	0	0
0	0	0	0	0	19.82	624.335	2123.46	4306.78	6017.545	7388.0575	8025.8275	8051.185	7641.6575	7070.83	6237.6875	5245.93	3610.4875	1674.68	476.8025	11.5575	0	0	0
0	0	0	0	0	34.4675	639.125	2314.915	4928.325	7029.6025	8339.12	8705.72	8609.32	8085.0275	7199.0925	6111.6275	4836.285	3078.3425	1400.71	402.655	13.7775	0	0	0
0	0	0	0	0	30.0775	589.6	2145.94	4711.09	6992.3275	8447.425	9358.1075	9627.16	9529.1525	9153.6825	8039.7975	6355.0125	4064.81	1675.1425	444.4675	13.0925	0	0	0
0	0	0	0	0	28.7	591.8025	2185.325	4764.2025	7107.7425	8552.2	9092.055	9166.49	9053.1	8860.8375	7976.4425	6357.2525	3876.72	1771.2875	460.7675	15.7525	0	0	0
0	0	0	0	0	30.11	685.45	2376.61	4832.0125	6771.0125	8011.945	8610.7075	9062.0875	9143.47	8868.8175	7881.225	6272.6875	4082.235	1821.795	454.77	12.3125	0	0	0
0	0	0	0	0	33.5575	691.0175	2226.9025	4344.2075	6362.0975	7357.155	7931.125	8116.785	8135.145	7153.2325	6182.0125	4882.3475	3396.2925	1705.72	487.9275	11.3375	0	0	0
0	0	0	0	0	17.73	633.995	2234.9175	4164.4525	5888.13	7300.6925	8087.4975	8213.4025	8346.135	8076.31	7346.5525	6148.7725	4020.9075	1666.515	416.8875	11.7425	0	0	0
0	0	0	0	0	14.065	526.4725	1777.8575	3622.345	5992.065	7670.9475	8892.415	8907.1325	8780.31	8448.415	7096.9425	5288.9475	3335.1675	1492.3075	430.2525	15.1175	0	0	0
0	0	0	0	0	35.2425	619.6725	2162.8975	4478.975	6208.1775	7264.925	7593.875	7433.9	7030.13	5878.66	4255.5675	2237.48	1234.2325	391.7825	70.3	9.7325	0	0	0
0	0	0	0	0	8.6775	308.1725	1172.11	2416.8	4215.775	5409.875	6361.5225	6886.595	6763.6125	6419.9175	5439.76	3962.3225	2578.96	1279.055	381.4525	15.0125	0	0	0
0	0	0	0	0	25.365	556.235	2182.935	4731.045	6969.895	8214.23	8747.515	8826.4725	8748.555	8275.4575	7527.1925	6151.565	4144.4475	1736.72	433.5175	13.235	0	0	0
0	0	0	0	0	23.995	551.68	2198.92	4915.9225	7275.1275	8753.5375	9599.1	9827.91	9794.9925	9250.1275	8094.155	6275.775	3855.3	1702.1525	528.8425	18.57	0	0	0
0	0	0	0	0	19.3525	652.77	1853.1075	3170.7325	4210.79	4583.58	4615.7675	4614.305	4602.2025	4334.33	4074.025	3342.93	2262.775	1116.915	277.625	12.87	0	0	0
0	0	0	0	0	18.4725	427.7475	1263.4625	2165.3975	2795.615	3663.9375	3895.09	4106.9525	3988.19	3719.055	3247.015	2605.0075	1622.2225	899.6725	238.1375	11.9575	0	0	0
0	0	0	0	0	4.165	67.545	252.7025	536.025	867.29	1083.5775	1269.0425	1532.5975	1915.355	2040.21	2077.9	1892.4	1532.08	1054.0675	382.235	19.66	0	0	0
0	0	0	0	0	20.1325	565.1275	2212.7375	4844.2975	7207.965	8426.9475	9542.1	9217.1375	9386.22	9268.1325	8484.905	6981.5475	4576.61	1884.2375	471.3475	16.495	0	0	0
0	0	0	0	0	28.2525	684.5325	2324.9675	4816.26	6562.83	7575.8175	7930.16	7785.875	7390.8725	6850.04	5913.385	4539.1125	2936.2875	1342.435	375.1475	15.805	0	0	0
0	0	0	0	0	19.6325	590.63	1834.425	3743.35	5341.035	6569.79	7472.675	7418.2275	7757.3975	7627.7225	6667.9325	5771.5525	3862.325	1851.7325	480.2875	16.8125	0	0	0
0	0	0	0	0	19.3025	548.92	2128.1925	4692.3725	6493.1025	7685.6825	8134.8625	8415.4125	8087.6925	7290.1525	6546.9475	5594.265	3575.24	1753.7925	494.2825	30.9375	0	0	0
0	0	0	0	0	16.1075	525.0275	2131.5025	4734.815	7144.385	8518.435	8987.5825	8899.9875	8607.0975	8121.455	7311.805	5964.2925	3887.6375	1699.3625	445.31	17.02	0	0	0
0	0	0	0	0	17.1375	507.71	2059.22	4295.8125	6056.9225	7038.8425	8274.98	8628.75	8825.285	8449.27	7545.5375	6449.475	4289.735	1747.5775	403.95	14.7475	0	0	0
0	0	0	0	0	11.885	529.4625	2066.735	4398.87	6166.7675	7234.9225	7685.2325	7662.2875	7275.03	6942.88	5706.49	4264.425	2785.755	1412.24	373.155	15.3325	0	0	0
0	0	0	0	0	7.7875	487.42	1828.6425	3570.11	5377.1475	6425.5125	6851.965	6262.47	5887.73	5079.0775	3795.285	2957.5625	2012.615	1137.8625	344.8275	13.38	0	0	0
0	0	0	0	0	5.2825	301.1025	1188.2	2300.7875	3502.06	3970.5675	4010.3425	4292.145	4310.395	3798.71	3203.64	2487.3375	1517.445	744.39	263.2275	22.47	0	0	0
0	0	0	0	0	7.6	174.1225	633.2825	1302.74	2427.195	3413.98	3843.345	4465.925	4948.5175	4618.6925	3783.6025	3011.16	2211.5725	1137.215	300.4325	15.975	0	0	0
0	0	0	0	0	11.005	416.375	1670.24	3402.73	4532.8325	5314.1875	6268.57	6414.7025	6584.5425	5785.81	5113.9825	4056.3875	2986.145	1702.545	426.695	16.63	0	0	0
0	0	0	0	0	9.9725	473	2051.065	4799.3675	7107.6775	8678.0825	9528.36	9491.41	8622.45	8251.46	7310.4075	6215.365	4220.175	1775.275	396.3025	15.91	0	0	0
0	0	0	0	0	10.12	441.9925	2108.1275	5038.8525	7570.87	9182.275	10117.95	10470.185	10380.0475	9930.905	8889.0625	7170.06	4627.99	1849.41	394.645	15.3525	0	0	0
0	0	0	0	0	9.25	432.4025	2006.39	4770.715	7043.65	8398.2175	9193.425	9781.46	9799.09	9130.0775	8189.9925	6754.8675	4291.9575	1763.8825	385.045	14.6475	0	0	0
0	0	0	0	0	7.72	452.1925	1985.9575	4652.6925	7122.285	8453.3475	9268.755	9544.9425	9467.4325	9016.375	8387.225	6821.8325	4291.0775	1735.3425	397.345	15.5725	0	0	0
0	0	0	0	0	12.4375	492.2225	1941.41	4026.545	5873.955	7329.5625	8060.9475	8484.5775	8354.49	7566.71	6974.5225	5251.2975	3336.9625	1589.85	482.67	16.3625	0	0	0
0	0	0	0	0	13.2225	493.25	1828.6075	3730.4575	5101.655	6603.6825	7675.6775	7568.1	6625.625	5959.38	5353.7275	4632.6575	3210.91	1273.725	248.0275	14.885	0	0	0
0	0	0	0	0	11.875	350.465	1651.38	3693.2875	5708.26	5741.7725	6101.8875	7574.625	8049.6875	7491.8075	6504.1	5278.8925	3562.8125	1790.515	404.0075	12.145	0	0	0
0	0	0	0	0	11.1	392.6725	1916.695	4635.265	6941.77	8049.455	8672.8025	8917.26	9091.315	8668.11	8058.5875	6696.665	4362.1025	1715.015	349.5075	11.935	0	0	0
0	0	0	0	0	10.5925	397.36	1942.6375	4678.56	7134.5125	8797.535	9483.23	9626.0125	9448.575	8868.63	7485.975	5448.4525	3348.4025	1369.8275	322.7675	12.2575	0	0	0
0	0	0	0	0	10.9375	255.8125	1211.195	2994.7625	4353.915	5539.1525	6712.4125	7481.4625	7844.6425	7752.4475	6503.7675	5516.4075	3667.89	1536.4425	272.28	10.5975	0	0	0
0	0	0	0	0	8.58	351.8425	1830.595	4501.9225	7053.43	8768.765	9560.3125	9658.5675	9308.77	8693.595	7802.82	6399.5975	4217.88	1685.7675	367.2625	19.1825	0	0	0
0	0	0	0	0	34.4575	421.6025	1761.635	4136.4725	6403.1175	7511.0875	8034.7425	8083.175	7879.835	7248.68	6439.6225	5172.885	3239.1825	1411.8425	336.725	19.11	0	0	0
0	0	0	0	0	34.44	351.3025	1323.0225	2587.4525	3879.155	4604.2775	5588.6175	5772.3075	5571.015	4373.1225	2864.9425	1416.6125	840.34	526.2475	166.835	19.205	0	0	0
0	0	0	0	0	33.685	236.965	994.4625	1984.28	3097.215	3533.0275	4086.1525	4229.84	4005.1425	3750.6725	3514.845	2815.255	2000.5175	1021.1975	277.3725	19.64	0	0	0
0	0	0	0	0	34.3625	242.0525	1094.28	2514.5525	4124.6625	5127.685	5407.1675	5219.8425	5029.0325	5004.0675	4841.785	3767.7025	2483.8175	1200.765	301.195	19.3125	0	0	0
0	0	0	0	0	35.59	258.4525	1191.1775	2690.795	4367.5275	5337.5475	5884.225	6010.9575	6021.54	5726.8575	4985.1075	3973.1175	2747.0875	1270.1975	276.23	18.7375	0	0	0
0	0	0	0	0	35.325	288.7475	1323.955	2654.105	3964.9175	5187.945	6071.725	6823.3225	6797.5625	7032.9675	6531.0325	5267.8775	3376.7775	1589.015	450.0075	29.1725	0	0	0
0	0	0	0	0	32.08	342.7	1646.6425	3759.745	5710.39	7307.8275	7988.1875	8247.9075	8267.3275	8044.125	7366.7725	6072.88	3554.95	1394.8025	321.39	27.42	0	0	0
0	0	0	0	0	54.4425	340.9025	1660.8275	3885.3775	5979.18	7433.8575	8319.07	8583.3775	8413.0625	8108.9575	7345.865	6060.22	3703.26	1381.6125	244.7425	10.3925	0	0	0
0	0	0	0	0	3.8925	311.2525	1744.7125	4350.9275	6853.99	8447.365	8967.2075	9068.115	8971.1925	8564.7425	7582.9575	5945.8025	3715.8425	1442.325	224.1875	10.875	0	0	0
0	0	0	0	0	0.46	266.35	1365.905	2987.97	4876.3975	6584.24	7266.0825	7837.2	8139.85	7315.655	5892.9525	4857.16	3494.63	1397.94	244.615	9.1225	0	0	0
0	0	0	0	0	0.4425	270.1	1630.735	4254.0025	6638.3375	8561.04	9418.25	9263.1475	8770.45	8362.485	7359.475	5645.98	3536.97	1413.32	226.8275	7.78	0	0	0
0	0	0	0	0	0.4375	255.2675	1451.0875	3010.9575	4273.28	5266.44	6432.9975	7236.0775	6862.0075	6179.435	4969.28	3370.21	1892.4225	761.0475	128.1275	8.545	0	0	0
0	0	0	0	0	0.34	150.63	783.865	1794.335	2875.165	4179.8625	5128.995	5570.69	5571.4925	5327.71	4748.7675	3989.6975	2536.1825	1160.255	210.965	7.9	0	0	0
0	0	0	0	0	0.4175	177.1975	1069.4725	2584.0925	3857.5275	5393.2675	5996.3975	6730.82	6791.1975	6656.555	5820.2575	4826.2	3190.205	1223.9675	192.675	8.885	0	0	0
0	0	0	0	0	0.33	247.7625	1247.5325	2896.2475	4753.3475	6288.07	7332.8375	7670.3625	7424.21	6943.225	6292.255	5170.775	3340.4725	1231.97	176.5225	8.75	0	0	0
0	0	0	0	0	0.23	237.2425	1400.7475	3250.3775	4528.5575	5878.9375	7172.3275	7282.9625	7504.3725	7506.9475	6530.5775	4980.6975	2989.505	996.93	116.03	10.2225	0	0	0
0	0	0	0	0	0.315	130.305	866.985	2279.0225	3277.6475	3689.16	4035.0925	3749.4675	3097.2425	2605.355	2092.74	1496.5475	1262.4425	766.965	197.5025	13.75	0	0	0
0	0	0	0	0	0.29	185.58	1439.1175	3759.795	6272.3225	7861.6625	9056.415	9030.5675	8920.28	8249.4375	7826.45	6315.5025	4065.0075	1369.4825	201.22	13.74	0	0	0
0	0	0	0	0	0.2975	243.915	1762.535	4670.165	7163.7575	8975.0125	9365.8225	9671.315	9512.8975	8962.105	8004.265	6504.8425	4111.7	1430.6275	194.9325	14.6925	0	0	0
0	0	0	0	0	0.42	261.8275	1779.155	4438.2175	7064.33	8696.2025	9598.6625	9818.415	9307.4775	8928.675	8092.2275	5884.9475	3551.2875	1283.92	159.3575	11.13	0	0	0
0	0	0	0	0	0.365	212.8025	1567.8875	4197.905	6882.8475	8655.5425	9055.8625	8790.3625	8768.58	8415.2	7633.525	6132.72	3640.7725	1247.59	162.245	10.3275	0	0	0
0	0	0	0	0	0.4025	213.285	1633.2	4319.005	6899.5175	8688.5825	9517.0125	9634.95	9334.3425	8813.8125	7966.5725	6151.935	3763.8075	1270.25	146.4525	10.6325	0	0	0
0	0	0	0	0	0.27	163.17	1179.6	2871.79	4449.67	5768.5675	6497.7275	6455.37	6367.8725	5978.04	5340.9075	3900.7625	2299.5725	843.16	101.975	10.4275	0	0	0
0	0	0	0	0	0.41	147.625	1180.38	2722.3725	4378.8425	6276.715	7280.6775	8367.925	8503.145	7918.42	6411.4825	4906.2375	3215.015	1048.8825	127.9475	11.335	0	0	0
0	0	0	0	0	0.2675	185.365	1251.465	2941.77	4334.935	5357.9	5648.5925	5684.005	5047.3375	4628.72	3956.785	2889.155	1776.155	665.21	109.7125	12.655	0	0	0
0	0	0	0	0	5.02	101.4875	741.015	1991.48	3055.4325	3583.6525	4105.155	4317.0975	4131.2175	3835.6075	3169.74	2580.25	1696.2075	724.875	85.7725	8.8975	0	0	0
0	0	0	0	0	0.2175	167.93	1489.2575	4245.965	6949.8175	8827.095	9783.1575	9811.2425	9565.2975	9142.3525	8147.6725	6612.6275	4009.6575	1233.2125	123.9525	9.2125	0	0	0
0	0	0	0	0	0.2175	209.1225	1656.6075	4473.875	6784.2575	8005.18	9342.975	9125.075	8428.1325	6265.5475	5401.0975	4829.2975	3099.4125	928.9325	89.7825	13.6025	0	0	0
0	0	0	0	0	0.1975	128.8975	851.085	2011.5975	3124.2875	3696.8175	4672.415	5507.9175	6152.0225	6742.95	6420.59	4917.38	3086.395	1084.7825	128.125	10.4275	0	0	0
0	0	0	0	0	0.64	165.4675	1372.625	3485.6025	5865.5475	7835.8575	9118.0475	9001.3	9372.4625	9126.11	8028.6875	6223.735	3733.65	1116.925	96.3975	11.0725	0	0	0
0	0	0	0	0	0.3525	79.04	635.905	1336.49	2037.38	2521.875	2891.665	3017.4425	3093.7375	2169.955	1429.3825	893.95	500.605	200.73	52.28	10.6775	0	0	0
0	0	0	0	0	0.1775	31.1225	191.6825	517.16	1001.7525	1330.5475	1342.38	1323.1425	1492.7125	1407.3875	1238	985.8475	602.2825	233.6375	42.0925	9.11	0	0	0
0	0	0	0	0	0.26	32.06	400.5625	1278.1	2310.1575	3238.9075	4121.93	3921.855	4133.2375	4434.3375	3886.475	3486.7025	2342.14	808.1725	75.065	9.49	0	0	0
0	0	0	0	0	0.5375	111.545	1111.64	2999.455	5005.1575	6989.0675	8133.34	7802.835	7659.4325	7816.5225	7624.955	5792.7325	3383.205	1037.3425	83.435	9.93	0	0	0
0	0	0	0	0	0.2725	140.3925	1606.86	4628.4125	7320.325	9174.8975	9935.175	9851.7025	9282.2475	8632.7075	7906.4575	6107.9825	3617.8175	1042.5775	81.1075	11.1625	0	0	0
0	0	0	0	0	0.51	133.475	1627.965	4727.695	7502.82	9355.5975	10170.0525	10277.9375	10345.8175	10011.5025	8865.0775	6808.785	3913.8875	1018.05	68.95	10.475	0	0	0
0	0	0	0	0	0.3225	133.0625	1664.45	4716.4925	7286.0925	8547.185	9491.4325	9003.3075	9042.24	8662.035	7430.2525	5253.1525	2822.8	786.2075	60.5125	9.665	0	0	0
0	0	0	0	0	0.4125	87.32	1023.2	2571.675	4362.2325	6262.865	7497.5175	8213.475	8150.3275	7506.8625	6569.77	5038.355	2663.86	861	61.8475	10.775	0	0	0
0	0	0	0	0	0.4625	116.3275	1474.2725	4242.57	6892.835	8633.1925	9260.2175	9195.185	9002.425	8671.005	6684.12	4745.1025	3207.6475	978.52	67.6525	10.935	0	0	0
0	0	0	0	0	0.44	115.7175	1510.1175	4401.2525	7097.26	8938.1675	10056.69	9844.55	10187.03	9602.4725	8207.6025	6279.865	3465.6425	865.68	54.155	10.7675	0	0	0
0	0	0	0	0	0.4875	112.6375	1492.14	4385.52	7206.6075	8961.645	9676.2125	9737.53	9311.8425	8788.2525	7772.615	5979.415	3362.215	841.2575	53.5675	11.08	0	0	0
0	0	0	0	0	0.3275	113.535	1514.075	4235.015	6720.14	8046.5475	8761.51	9067.465	8903.29	8264.0925	7195.38	5488.475	2973.59	755.2125	60.44	14.5925	0	0	0
0	0	0	0	0	0.46	78.665	955.4	2858.21	5042.3975	6531.495	7238.31	7453.4425	7246.7975	6847.2525	6118.5425	4663.055	2798.4825	748.9325	60.375	14.625	0	0	0
0	0	0	0	0	0.425	69.565	912.3625	2496.07	3995.7775	5145.415	5778.2675	6172.435	5673.0025	4875.6275	3905.05	2539.0225	1278.7925	307.035	57.785	14.8325	0	0	0
0	0	0	0	0	0.2425	58.4325	723.915	2225.955	3893.6575	5088.3125	5816.42	6133.4675	5724.6325	5340.775	4444.3125	3156.4625	1593.99	373.28	67.6425	17.565	0	0	0
0	0	0	0	0	0.29	92.1125	782.9825	1951.82	3328.7775	4074.9925	4624.095	4773.49	4609.975	4630.73	4037.9625	3214.0275	1940.705	499.07	55.755	13.93	0	0	0
0	0	0	0	0	0.31	95.5475	1342.5925	3618.86	6000.86	7845.0775	7998.5	8221.7425	8330.25	7751.65	6731.6575	4853.5575	2482.995	549.055	54.1475	14.2	0	0	0
0	0	0	0	0	0.425	39.8	363.0725	1001.71	1876.08	3123.475	3664.9775	4354.785	4733.1725	4343.97	4310.1225	3392.93	1743.96	388.27	55.72	14.0575	0	0	0
0	0	0	0	0	0.395	59.605	1114.8125	3267.7075	5554.8325	7571.2475	8378.765	8519.96	8145.46	7405.6725	6403.7125	4579.345	2695.285	623.625	57.285	14.2125	0	0	0
0	0	0	0	0	0.37	78.225	1195.32	3482.9075	5535.4525	6926.37	7877.235	7363.2125	6941.05	7119.3225	6582.585	4979.815	2717.285	599.0125	52.305	13.9225	0	0	0
0	0	0	0	0	0.3275	73.4375	1323.515	3828.5675	5839.54	7687.395	7379.8075	7245.34	7466.415	7524.805	7186.1725	5529.5025	2911.9875	550.2775	55.185	14.46	0	0	0
0	0	0	0	0	0.4075	69.13	1325.24	4045.8825	6818.6075	8790.32	9489.065	9425.1925	8524.3925	7692.475	6135.595	4152.92	1974.5075	393.82	56.54	13.4075	0	0	0
0	0	0	0	0	0.4775	65.4	1336.6225	4034.6425	6728.025	8735.8225	9817.2675	9332.43	9306.76	8901.81	7844.495	5567.3375	2493.405	517.21	53.33	13.3325	0	0	0
0	0	0	0	0	0.1875	68.4	901.64	2255.79	3577.4175	4209.9925	5767.865	5806.5875	4343.255	3239.8775	2822.9875	1848.965	1191.055	292.21	53.0275	13.395	0	0	0
0	0	0	0	0	0.415	48.8725	982.0925	2999.045	4975.58	6306.75	6879.7475	6965.535	6905.2175	6462.9175	4811.89	2740.57	1223.1	210.565	54.6825	13.4225	0	0	0
0	0	0	0	0	0.605	20.9575	195.895	564.5475	936.5475	1266.0925	1795.665	2681.62	4155.4075	4839.2075	4331.7625	3278.7225	1795.2325	312.385	52.7	12.12	0	0	0
0	0	0	0	0	0.035	47.27	800.85	1932.735	3019.075	3384.16	3346.415	3419.485	3270.8475	2615.04	2047.105	1529.5225	774.0825	188.3025	54.1125	13.2725	0	0	0
0	0	0	0	0	0.11	36.75	926.0025	3399.8125	5415.6325	6302.2925	6750.9525	5856.1	5434.06	5418.4125	5591.2575	4994.6275	2521.555	363.6875	71.74	18.52	0	0	0
0	0	0	0	0	0.1	68.3225	1315.6325	3824.2825	5607.045	5918.7625	5707.17	5710.345	5045.09	3502.1575	2064.0225	1187.675	585.1875	127.145	73.2875	18.13	0	0	0
0	0	0	0	0	0.07	34.455	279.62	828.925	1495.945	2081.55	2174.405	1809.7325	1797.6925	1645.445	1388.0125	899.2025	535.175	124.805	71.82	18.1925	0	0	0
0	0	0	0	0	0.0875	24.97	177.01	557.855	1317.9925	1979.045	2763.0625	2860.515	2718.8075	2430.1625	2258.245	1780.7625	959.9625	174.1075	69.8975	17.8625	0	0	0
0	0	0	0	0	0.1275	32.11	390.2675	1168.895	2126.8225	3120.2625	4195.8625	4990.3675	5415.6275	5138.955	4272.2975	2824.85	1288.54	190.3175	69.84	17.2525	0	0	0
0	0	0	0	0	0.0975	31.0925	330.905	1287.565	2986.43	5297.4025	6684.45	6169.15	5717.99	6136.4525	5157.9725	3582.3775	1744.71	254.41	71.1825	17.95	0	0	0
0	0	0	0	0	0.14	29.7225	175.0225	654.6425	1258.12	2183.1325	3152.1325	4046.8375	4190.035	4010.6525	3251.11	1986.74	873.575	157.935	76.0125	19.095	0	0	0
0	0	0	0	0	0.0825	41.8125	442.2125	1376.4	2318.92	3222.2425	3652.9375	4176.245	4286.41	3947.3725	3197.38	2560.7975	1260.7825	134.8	53.53	13.46	0	0	0
0	0	0	0	0	0.0325	28.4275	751.6325	3050.575	4695.9675	5875.83	7027.795	6978.985	6502.33	5780.845	5409.475	4723.4075	2242.965	236.3525	56.7125	13.7225	0	0	0
0	0	0	0	0	0.1225	33.585	1295.78	4139.18	4308.175	5673.3575	6206.52	6881.425	7195.85	6030.9475	5818.555	4607.075	2044.0025	218.5025	73.0575	17.7975	0	0	0
0	0	0	0	0	0.08	37.295	709.3075	1298.315	1805.6625	3008.49	3540.97	3310.09	2773.27	3223.77	2532.7825	1358.615	542.9975	75.3325	55.29	12.795	0	0	0
0	0	0	0	0	0.0675	18.72	261.2	1156.7575	2042.8625	2147.335	2443.5625	2624.055	2838.9175	3351.66	3044.075	2576.365	1101.7775	116.295	59.39	13.755	0	0	0
0	0	0	0	0	0.2575	20.68	406.9225	1611.72	3445.455	5699.755	7125.745	5958.0225	6064.725	5564.535	3971.045	2539.7475	990.82	107.8725	54.2325	13.19	0	0	0
0	0	0	0	0	0.2325	16.9975	171.3975	769.455	1735.28	2309.125	2852.3575	3446.7	3705.2375	3627.86	3005.1075	1997.86	763.9225	78.1	54.0775	13.77	0	0	0
0	0	0	0	0	0.0375	17.885	223.1975	631.615	896.9625	921.13	918.4375	1049.335	1047.8025	1029.205	764.0275	484.9775	205.1675	53.165	51.8775	13.04	0	0	0
0	0	0	0	0	0.0575	17.45	349.12	1471.4275	2483.9125	2937.06	3224.885	4030.4375	3300.8775	2712.0475	1700.44	971.93	376.8275	65.8	57.48	13.9475	0	0	0
0	0	0	0	0	2.0075	21.4725	616.2725	2499.52	4782.095	6433.77	6535.965	5940.6375	5280.3925	5299.21	4182.38	3589.815	1355.92	114.565	58.72	14.16	0	0	0
0	0	0	0	0	0.475	21.4325	995.5875	3616.2925	6104.6225	7461.315	8300.7275	8253.4675	8015.3475	7548.155	6404.0975	4029.0525	1475.38	95.3475	59.32	14.6925	0	0	0
0	0	0	0	0	0.395	25.5525	1033.3425	3828.4225	6538.7575	7799.2675	9027.95	9347.175	9240.7775	8481.17	6595.6825	3945.295	1223.2975	98.6775	59.305	13.3975	0	0	0
0	0	0	0	0	0.1875	20.105	885.1025	3699.2325	5545.2775	7406.2025	7667.5825	6664.3475	6836.9975	6732.9225	6342.3575	4244.2575	1449.425	80.5825	55.3375	13.515	0	0	0
0	0	0	0	0	0.28	20.8625	541.7225	1916.805	3379.2375	4674.3325	4976.8325	5312.7575	5389.915	5250.69	4067.59	2231.575	775.2525	61.6525	52.955	13.39	0	0	0
0	0	0	0	0	0.3625	21.2975	286.0225	1327.3525	2502.84	3709.13	4401.3475	4691.0275	4424.1425	3567.4075	2298.1125	1499.1375	502.5075	55.485	54.7325	13.8625	0	0	0
0	0	0	0	0	0.3875	20.5175	611.885	2598.9325	5328.6775	7636.0475	7740.86	7856.4725	7191.0925	6577.5	5597.9575	3611.9725	1271.4925	65.935	53.16	12.3	0	0	0
0	0	0	0	0	0.5	21.785	980.5325	4162.1875	7407.9675	8686.4325	8472.805	7219.44	6960.6525	7231.4325	6571.3	4511.6825	1448.9475	74.63	53.61	13.9425	0	0	0
0	0	0	0	0	0.14	20.6725	1027.0825	4562.92	5729.9525	7246.015	7152.67	6795.145	6736.4275	6768.84	6772.045	5160.315	1623.465	69.34	52.8425	12.7175	0	0	0
0	0	0	0	0	0.215	22.76	924.83	4259.7475	4964.475	7831.38	7307.28	6424.945	6279.0675	6527.2	6280.7475	4341.1875	1203.385	60.59	58.1	13.395	0	0	0
0	0	0	0	0	0.3625	24.6275	431.66	1367.4175	2055.3025	2692.3375	1918.2175	1376.8175	1162.8675	1086.9675	959.9675	614.7475	195.505	56.15	54.93	14.0725	0	0	0
0	0	0	0	0	2.0525	26.145	310.4225	1290.945	2020.905	2672.315	3096.96	3252.6675	2965.8375	2534.2725	2125.8475	1228.1875	433.125	56.9675	56.9175	14.4475	0	0	0
0	0	0	0	0	2.155	25.19	228.4325	1230.0925	2661.5525	4223.1575	5849.04	5269.4925	4853.695	4939.1575	4664.155	3408.9225	1038.4225	60.2875	55.7925	13.4325	0	0	0
0	0	0	0	0	2.03	26.0525	852.1425	4382.96	6450.3725	6970.195	7136.215	6337.235	6283.4275	6091.695	5677.6975	4726.595	1347.0175	59.52	58.195	14.46	0	0	0
0	0	0	0	0	0.3975	24.01	812.595	3863.3125	6099.025	7198.375	7724.0375	5793.5175	6689.8175	6637.155	6427.09	4199.5975	1245.3725	61.3375	59.1625	14.3775	0	0	0
0	0	0	0	0	0.3525	22.57	704.13	3983.63	7331.955	7649.2875	9192.515	7629.585	7537.625	6807.4	6813.5225	4360.735	1163.03	56.1175	56.26	13.4	0	0	0
0	0	0	0	0	0.3825	24.8975	447.1775	2813.4075	5332.4275	7569.18	8226.0175	7475.345	7113.9025	7001.6275	6540.9	4274.8675	1024.5875	71.535	71.0275	18.1675	0	0	0
0	0	0	0	0	0.3925	34.3325	619.625	3750.4475	6668.965	8404.7425	8977.7875	7416.69	6941.985	6656.36	5431.355	3338.665	792.3925	68.2	68.8075	17.0125	0	0	0
0	0	0	0	0	0.3725	36.5225	567.0125	2966.3475	5282.39	6652.165	7787.79	8126.595	7992.62	7634.2325	6132.8325	3549.405	637.995	70.2275	73.2575	18.0675	0	0	0
0	0	0	0	0	0.4075	33.4225	583.535	3723.6375	6545.4275	8325.3775	9353.7025	8869.97	9033.56	8452.2875	7177.385	4218.8775	876.49	76.4975	81.195	19.275	0	0	0
0	0	0	0	0	0.33	33.8775	505.2375	3253.7575	6145.76	7323.4525	6934.14	6036.3125	6314.255	6289.605	5966.35	3544.465	731.3475	79.15	81.62	19.725	0	0	0
0	0	0	0	0	0.27	33.6425	497.0725	3664.525	6561.8025	8754.005	9523.9675	8838.5475	8783.4875	7964.1025	7025.515	4038.425	787.4925	81.1	82.8925	19.9275	0	0	0
0	0	0	0	0	0.55	32.7425	495.55	3725.435	7020.9025	8355.4425	7838.135	7024.495	7694.7425	7053.1825	6342.0275	4184.5375	797.115	79.3275	81.4375	20.5325	0	0	0
0	0	0	0	0	0.3425	33.51	474.3075	3668.5025	6923.965	8108.985	8409.385	8179.325	8069.04	7576.455	6703.9325	4068.365	761.985	78.8575	79.46	18.81	0	0	0
0	0	0	0	0	0.4975	32.9125	440.9375	3408.545	6390.985	8199.28	9157.3475	7668.95	7104.3625	6956.78	6331.2025	3912.905	708.8725	79.725	76.7025	18.8775	0	0	0
0	0	0	0	0	0.5325	35.875	426.5975	3617.2025	6342.6	8096.98	9848.66	8970.2125	8415.595	8858.07	7171.085	3894.955	713.8925	80.9775	76.6375	18.925	0	0	0
0	0	0	0	0	0.4	31.205	341.64	2797.1675	5462.3275	6788.8025	6805.1475	6838.4825	7234.1575	7709.1875	6583.245	3518.85	538.835	80.4675	76.34	18.295	0	0	0
0	0	0	0	0	0.3875	31.215	105.3425	1244.1975	3312.63	5405.4225	6911.8	6856.7775	6620.67	6237.085	5956.43	3463.3375	546.405	76.04	75.5975	21.73	0	0	0
0	0	0	0	0	0.4375	31.55	290.4525	1693.0875	3181.62	3737.8475	3705.3125	2390.885	1827.4875	1144.4775	761.5625	395.7875	106.565	78.095	74.3175	18.47	0	0	0
0	0	0	0	0	0.33	31.4425	91.1975	551.525	1402.86	2674.0825	4342.625	4699.355	5142.88	5488.6025	5383.5875	3470.8525	591.77	78.925	75.655	18.7225	0	0	0
0	0	0	0	0	0.2025	31.935	401.92	3963.7775	8033.1175	10122.2425	10268.1575	10146.38	10186.63	10050.225	8217.85	4525.55	623.6975	75.15	73.8925	17.8025	0	0	0
0	0	0	0	0	0.925	31.1325	355.5825	3431.3	7089.9775	9200	9667.4625	8237.845	7732.105	7174.8125	5996.395	3486.9125	499.585	80.5	76.8175	18.9425	0	0	0
0	0	0	0	0	0.1875	30.51	285.77	2735.1325	6060.9825	8221.97	8911.335	8485.8975	8103.86	7495.925	5879.3525	2974.875	489.795	82.98	79.305	19.475	0	0	0
0	0	0	0	0	0.28	30.6775	213.075	2402.4725	5514.39	8111.135	9079.1575	9059.6075	8533.19	7356.67	5624.9825	2933.8375	376.4875	64.82	62.3075	14.3975	0	0	0
0	0	0	0	0	0.235	18.77	129.6675	1176.215	2769.525	3116.935	2979.4975	2882.79	2992.1275	2658.26	2014.0025	1327.31	193.7075	67.58	64.78	15.8575	0	0	0
0	0	0	0	0	0.2475	1.49	77.665	1240.0575	3155.87	4100.265	4191.795	4507.985	4437.085	4822.5275	4278.295	2559.28	302.7825	45.23	43.945	10.985	0	0	0
0	0	0	0	0	0.2675	1.5225	195.2225	2291.925	5474.4825	7043.875	7531.1325	7593.2875	7179.8325	6473.88	4404.71	1853.7125	177.9325	44.8275	42.735	11.2075	0	0	0
0	0	0	0	0	0.2575	1.5575	109.1575	1725.8625	4901.1475	7237.2625	7830.515	8150.53	8762.55	8175.7775	6235.0025	2932.4075	396.6525	109.27	108.01	26.195	0	0	0
0	0	0	0	0	0.285	41.5525	202.0075	2165.1125	5822.4375	7718.9375	8760.7525	7676.38	7629.775	8164.8675	6353.18	2913.5325	368.0775	95.445	93.9075	21.9225	0	0	0
0	0	0	0	0	0.1925	39.16	113.965	755.91	1396.96	2131.955	2164.04	2920.5875	3199.32	3143.9925	2415.8225	1256.3525	238.89	62.5125	65.46	15.43	0	0	0
0	0	0	0	0	1.96	16.7975	163.175	2179.35	5912.89	7731.84	8188.0875	7431.7025	6920.4825	6792.3175	6051.6425	3082.2375	374.2175	81.9275	78.9875	19.33	0	0	0
0	0	0	0	0	6.08	18.2125	172.1175	2569.72	6714.075	8808.9825	9227.1975	8971.8375	8934.48	8174.61	7163.1625	3397.63	371.6975	69.0875	58.9775	14.3025	0	0	0
0	0	0	0	0	0.185	17.505	159.06	2349.07	6037.1675	7132.975	8502.1875	8207.66	7699.495	6893.96	5964.9175	3091.6025	325.27	66.2025	65.47	15.765	0	0	0
0	0	0	0	0	1.97	18.2925	145.565	2352.07	6473.205	8741.5125	9681.01	9422.3775	8861.935	8569.6225	7062.815	3177.9075	335.1275	69.7825	66.975	16.0475	0	0	0
0	0	0	0	0	3.24	24.1525	143.125	1904.165	4685.345	6490.225	7583.8725	7710.5325	8340.2825	8028.7875	6578.0575	2803.3725	298.7725	66.6575	63.6975	16.1325	0	0	0
0	0	0	0	0	0.21	18.1725	115.415	1810.1875	5582.4425	7911.9025	8903.1525	8526.0425	7417.975	5860.9425	2933.83	1040.3	167.89	81.6275	78.9825	19.3875	0	0	0
0	0	0	0	0	0.0775	17.48	88.985	1533.9425	5709.0475	8410.495	9268.5975	9212.2875	8467.9075	7537.385	6093.1475	2621.585	284.6	79.4225	77.05	18.8875	0	0	0
0	0	0	0	0	0.1	17.8525	118.0925	2055.735	6536.9225	9267.42	10533.4575	10578.5425	9844.83	9459.465	7182.1825	3026	332.5325	99.875	97.8525	23.54	0	0	0
0	0	0	0	0	0.125	19.735	117.7925	1693.5625	5170.705	7733.655	9288.7625	9732.2875	9441.0175	8339.385	6086.085	2389.9275	242.355	66.3575	63.8775	15.29	0	0	0
0	0	0	0	0	0.0975	18.4275	53.0475	464.2	1932.675	3280.6675	4740.685	4805.3225	5019.315	5198.12	4178.0925	1942.785	223.275	71.5825	68.7225	17.255	0	0	0
0	0	0	0	0	0.1025	18.9525	88.5175	1545.3375	5171.725	7386.3775	8031.205	7621.28	7624.92	7241.445	5452.2325	2346.115	280.8175	81.8975	76.4875	19.265	0	0	0
0	0	0	0	0	0.1125	19.0475	85.5475	1613.1375	5460.065	7058.0975	6625.7975	8759.86	9022.0575	8224.81	6451.7475	2645.0175	287.2025	68.6825	61.8475	15.12	0	0	0
0	0	0	0	0	0.0875	21.0375	87.045	1575.9825	5125.985	7636.6725	9372.6075	9938.93	9586.9125	8065.0325	5594.6225	2045.84	216.485	79.135	76.42	18.5125	0	0	0
0	0	0	0	0	0.0875	18.17	58.3525	1280.405	5150.4525	7991.71	9212.57	9547.56	9330.345	9019.5225	6981.4525	2780.37	252.9525	63.39	60.7875	15.03	0	0	0
0	0	0	0	0	0.1175	20.22	60.31	1160.145	4271.975	7053.495	8807.3025	9851.7725	9934.0425	9276.5	7176.56	2880.6625	296.4425	95.9375	92.3225	22.5	0	0	0
0	0	0	0	0	0.0475	30.8075	92.18	1646.73	6101.145	9154.6325	10436.4825	10711.4125	10531.3875	9465.13	7050.135	2697.235	252.9	68.4975	66.3575	16.3175	0	0	0
0	0	0	0	0	0.1075	19.185	67.295	1459.305	5682.415	8845.9	10254.4825	10616.36	10305.1275	9117.74	6653.185	2439.325	233.4175	70.8075	66.3175	16.26	0	0	0
0	0	0	0	0	0.105	19.1	65.78	1244.6925	4982.7225	8040.6375	9586.41	9950.995	9651.37	8544.46	6230.62	2128.3825	213.01	70.015	67.01	16.28	0	0	0
0	0	0	0	0	1.4225	24.7275	66.785	1102.185	3811.795	6750.88	8730.27	9273.875	9490.6625	8566.7925	6450.2875	2508.11	271.3825	81.3625	78.065	18.7675	0	0	0
0	0	0	0	0	0.1225	18.2575	60.92	1151.535	3845.61	6014.13	6806.155	7231.4225	6854.715	5164.9075	3131.0575	1451.575	222.74	87.49	82.3025	19.9625	0	0	0
0	0	0	0	0	3.1125	36.82	79.04	1087.165	4138.8625	7023.065	8513.2775	8836.2025	8376.9	7686.655	5661.9475	2222.125	253.8525	79.8025	76.62	18.6625	0	0	0
0	0	0	0	0	1.6475	31.8225	72.78	1199.035	4501.9325	7195.59	8425.26	8756.5875	8438.7775	7702.805	5646.6	2308.3175	288.96	107.7875	102.2025	24.015	0	0	0
0	0	0	0	0	0.115	20.835	63.045	1153.6825	4686.7625	7780.1525	9419.9525	9907.63	9715.375	8653.6275	6257.155	2374.1275	256.85	82.0975	80.4725	19.8175	0	0	0
0	0	0	0	0	0.09	21.6025	56.795	1088.8075	4671.88	7952.475	9213.6	9717.005	9422.825	8354.6225	6107.5775	2193.5725	242.645	111.3475	90.0775	17.2	0	0	0
0	0	0	0	0	0.1	21.9875	51.945	179.6725	541.3775	788.1925	761.5975	541.935	449.105	307.3175	158.765	90.08	68.1425	67.9875	64.3725	15.7325	0	0	0
0	0	0	0	0	0.09	20.91	51.125	124.055	480.165	1137.3725	2146.1725	3067.0875	2787.5075	2273.4925	1440.735	622.5375	114.0325	69.54	67.675	16.35	0	0	0
0	0	0	0	0	0.89	25.9525	57.4375	292.51	1021.13	1809.8325	2779.5225	3808.485	4173.8575	3868.7	2937.92	1006.825	125.9525	77.4575	75.37	18.33	0	0	0
0	0	0	0	0	6.4425	30.75	62.2625	248.8425	1144.7025	2307.0675	2991.4	3117.7875	2974.31	2436.0075	1547.54	512.0925	94.415	77.87	75.03	18.455	0	0	0
0	0	0	0	0	6.4475	31.8125	62.9175	86.75	215.68	444.4675	659.4875	740.9925	752.69	658.6875	456.425	274.22	109.6275	77.6675	74.655	18.655	0	0	0
0	0	0	0	0	6.4625	32.1025	63.9425	221.69	705.075	1107.0575	1615.5075	2539.1175	2738.2875	2916.1325	2726.125	1539.8875	234.3	77.4225	76.48	18.62	0	0	0
0	0	0	0	0	6.5225	32.54	60.0975	720.4475	3513.6575	6767.69	8549.1325	9355.055	9412.43	8296.18	5851.625	2202.86	255.82	85.895	84.555	18.7375	0	0	0
0	0	0	0	0	8.7175	31.845	60.1525	642.7	2753.685	5057.0375	6256.9325	7073.55	6620.465	5081.56	3183.6125	1448.775	235.4875	71.9475	70.5525	17.495	0	0	0
0	0	0	0	0	6.505	33.1175	59.555	531.7175	2726.5375	5264.6825	6664.18	7528.5275	7748.9425	7110.0525	4980.1925	1926.5675	263.1525	94.0325	89.11	21.8825	0	0	0
0	0	0	0	0	18.1975	49.1975	77.7325	829.9075	4001.33	7930.87	9825.0375	10471.9525	10343.5025	9290.61	6656.9575	2569.58	320.94	92.0825	90.845	22.59	0	0	0
0	0	0	0	0	6.53	33.37	63.12	809.3725	3840.68	7846.35	9879.01	10617.215	10350.7975	9296.7	6705.4575	2522.9625	296.865	91.6625	89.4175	22.3225	0	0	0
0	0	0	0	0	6.505	34.2875	63.7625	911.8375	4475.0425	8373.2475	10118.8675	10943.6525	10731.0175	9855.78	7488.595	2940.9425	364.78	119.93	96.6175	17.97	0	0	0
0	0	0	0	0	6.53	35.5325	62.9525	712.185	3387.6825	6104.3575	7554.45	7139.8475	6475.7675	5210.08	3544.88	1880.3775	332.1	46.0175	21.8625	5.3325	0	0	0
0	0	0	0	0	6.4275	80.2875	113.0025	579.735	2494.67	5110.2925	7193.73	7924.0125	7672.5325	7128.265	5957.0275	2433.9	326.58	42.0375	20.6075	5.0575	0	0	0
0	0	0	0	0	6.4525	69.9225	98.75	843.265	4225.7025	8128.2	10033.5125	9023.815	8020.51	9104.2925	7235.73	2881.7675	368.855	40.76	20.39	5.01	0	0	0
0	0	0	0	0	6.4475	69.165	99.02	851.065	3911.3825	7286.4375	8995.185	8511.875	8150.43	8012.2425	6530.62	2768.77	357.24	23.75	16.6825	3.99	0	0	0
0	0	0	0	0	6.4725	24.5375	37.3625	653.61	3764.91	7424.8675	9288.67	9982.2175	9388.2	8688.8225	6432.1475	2567.9525	353.885	34.7025	16.5225	4.0625	0	0	0
0	0	0	0	0	6.5425	60.635	86.265	667.84	3437.335	7110.7025	8906.9525	9522.8775	9467.2175	8430.0925	6156.3775	2464.5275	293.1825	22.99	16.69	4.035	0	0	0
0	0	0	0	0	6.4125	24.6525	37.9375	551.87	3098.985	6300.135	7766.8975	8058.875	7591.855	6221.66	4095.07	1551.33	155.185	23.51	16.5975	4.1	0	0	0
0	0	0	0	0	6.4125	24.24	36.5025	344.915	1616.2975	3467.225	5171.3025	6568.815	6283.3875	5476.055	4292.33	2034.385	329.03	45.455	38.4125	9.54	0	0	0
0	0	0	0	0	22.725	46.6	59.25	643.4725	3426.4725	6518.73	7775.7425	8449.5975	7961.535	7716.8	6712.3425	3105.8875	402.16	44.81	38.485	9.5	0	0	0
0	0	0	0	0	22.72	47.4025	60.56	750.2725	4055.2725	7845.425	7960.4125	8439.9025	9469.7	8630.8325	7054.8175	2973.0925	346.125	36.84	29.8325	7.2875	0	0	0
